measurement_ms,latitude,longitude,gps_error_meter,accel_x_transverse,accel_y_longitudinal,accel_z_vertical,speed
1425625308440,37.506907,139.9312,7,0.148,-0.139,9.866,1.25
1425625308536,37.506908,139.931202,7,0.248,-0.105,9.977,1.25
1425625308637,37.506909,139.931203,7,0.261,-0.013,9.744,1.25
1425625308738,37.506911,139.931204,7,0.224,0.05,9.457,1.25
1425625308838,37.506912,139.931205,7,0.221,0.062,9.388,1.25
1425625308939,37.506914,139.931207,7,0.291,0.034,9.482,1.25
1425625309040,37.506915,139.931208,7,0.384,-0.027,9.545,1.25
1425625309140,37.506916,139.931209,6,0.463,-0.028,9.606,1.25
1425625309236,37.506918,139.93121,6,0.461,0.025,9.583,1.25
1425625309337,37.506919,139.931211,6,0.368,0.057,9.494,1.25
1425625309437,37.506921,139.931212,6,0.254,0.015,9.484,1.25
1425625309538,37.506922,139.931213,6,0.257,-0.074,9.412,1.25
1425625309639,37.506923,139.931214,6,0.377,-0.106,9.453,1.25
1425625309740,37.506925,139.931215,6,0.456,-0.149,9.675,1.25
1425625309840,37.506926,139.931216,6,0.476,-0.137,9.775,1.25
1425625309936,37.506928,139.931217,6,0.417,-0.109,9.596,1.25
1425625310037,37.506929,139.931218,6,0.327,-0.079,9.405,1.25
1425625310137,37.50693,139.931219,6,0.254,-0.088,9.401,1.25
1425625310238,37.506931,139.93122,6,0.232,-0.127,9.578,1.25
1425625310339,37.506933,139.931221,6,0.244,-0.138,9.661,1.25
1425625310440,37.506934,139.931221,6,0.245,-0.153,9.58,1.25
1425625310540,37.506935,139.931222,6,0.27,-0.148,9.437,1.25
1425625310636,37.506936,139.931223,6,0.307,-0.165,9.477,1.25
1425625310737,37.506937,139.931223,6,0.365,-0.225,9.585,1.25
1425625310837,37.506938,139.931224,6,0.408,-0.278,9.635,1.25
1425625310938,37.506939,139.931225,6,0.414,-0.322,9.598,1.25
1425625311039,37.50694,139.931226,6,0.41,-0.34,9.539,1.25
1425625311139,37.506941,139.931226,5,0.427,-0.368,9.523,1.179
1425625311240,37.506941,139.931226,5,0.458,-0.358,9.575,0.946
1425625311336,37.506942,139.931226,5,0.471,-0.334,9.59,0.749
1425625311437,37.506942,139.931226,5,0.45,-0.269,9.56,0.566
1425625311537,37.506942,139.931226,5,0.407,-0.234,9.518,0.41
1425625311638,37.506943,139.931226,5,0.352,-0.189,9.541,0.278
1425625311739,37.506943,139.931226,5,0.324,-0.111,9.579,0.172
1425625311839,37.506943,139.931226,5,0.33,-0.064,9.563,0.092
1425625311940,37.506943,139.931226,5,0.362,-0.013,9.529,0.036
1425625312036,37.506943,139.931226,5,0.372,-0.017,9.537,0.007
1425625322333,37.506983,139.931271,6,0.227,0.168,9.563,1.5
1425625322338,37.506983,139.931271,6,0.222,0.162,9.56,1.5
1425625322439,37.506985,139.931272,6,0.175,0.01,9.646,1.5
1425625322540,37.506987,139.931273,6,0.148,-0.074,9.56,1.5
1425625322640,37.506989,139.931274,6,0.131,-0.146,9.39,1.5
1425625322736,37.506991,139.931275,6,0.095,-0.291,9.406,1.5
1425625322837,37.506993,139.931276,6,0.014,-0.524,9.596,1.5
1425625322937,37.506995,139.931276,6,-0.055,-0.686,9.745,1.5
1425625323038,37.506997,139.931277,6,-0.065,-0.735,9.567,1.5
1425625323139,37.506999,139.931278,6,-0.034,-0.74,9.409,1.5
1425625323240,37.507,139.931279,6,0.026,-0.788,9.536,1.5
1425625323340,37.507002,139.93128,6,0.082,-0.838,9.652,1.5
1425625323436,37.507004,139.931281,6,0.14,-0.836,9.546,1.5
1425625323537,37.507006,139.931281,6,0.194,-0.779,9.497,1.5
1425625323637,37.507008,139.931282,6,0.228,-0.661,9.562,1.5
1425625323738,37.50701,139.931283,6,0.231,-0.59,9.606,1.5
1425625323839,37.507012,139.931284,6,0.189,-0.505,9.547,1.5
1425625323939,37.507014,139.931285,6,0.111,-0.49,9.434,1.5
1425625324040,37.507016,139.931285,6,0.048,-0.502,9.48,1.5
1425625324136,37.507017,139.931286,6,0.043,-0.517,9.636,1.5
1425625324236,37.507019,139.931287,6,0.074,-0.516,9.628,1.5
1425625324337,37.50702,139.931288,6,0.082,-0.488,9.562,1.5
1425625324438,37.507022,139.931289,6,0.034,-0.491,9.577,1.5
1425625324539,37.507023,139.931289,6,-0.033,-0.475,9.543,1.5
1425625324639,37.507025,139.93129,6,-0.07,-0.477,9.447,1.5
1425625324740,37.507026,139.931291,6,-0.058,-0.475,9.504,1.5
1425625324836,37.507028,139.931292,6,-0.017,-0.488,9.604,1.5
1425625324936,37.507029,139.931293,6,0.069,-0.526,9.639,1.5
1425625325037,37.507031,139.931293,6,0.133,-0.55,9.604,1.5
1425625325138,37.507032,139.931294,6,0.106,-0.563,9.521,1.5
1425625325239,37.507034,139.931295,6,0.024,-0.55,9.475,1.5
1425625325339,37.507035,139.931295,6,-0.069,-0.563,9.496,1.5
1425625325440,37.507036,139.931296,6,-0.105,-0.554,9.543,1.5
1425625325536,37.507038,139.931296,6,-0.063,-0.551,9.523,1.5
1425625325636,37.507039,139.931297,6,0.011,-0.556,9.542,1.5
1425625325737,37.50704,139.931297,6,0.066,-0.582,9.594,1.5
1425625325838,37.507041,139.931298,6,0.08,-0.605,9.609,1.5
1425625325938,37.507043,139.931298,6,0.062,-0.618,9.578,1.5
1425625326039,37.507044,139.931299,6,0.015,-0.635,9.571,1.5
1425625326140,37.507045,139.931299,6,-0.031,-0.631,9.547,1.455
1425625326236,37.507045,139.9313,6,-0.056,-0.617,9.522,1.317
1425625326336,37.507044,139.9313,6,-0.039,-0.586,9.533,1.18
1425625326437,37.507044,139.931301,6,-0.019,-0.585,9.571,1.05
1425625326538,37.507043,139.931301,6,0.01,-0.563,9.567,0.927
1425625326638,37.507043,139.931302,6,0.048,-0.406,9.649,0.813
1425625326739,37.507043,139.931302,6,0.058,-0.168,9.714,0.705
1425625326840,37.507043,139.931303,6,0.053,0.044,9.575,0.605
1425625326940,37.507042,139.931303,6,0.039,0.092,9.354,0.513
1425625327036,37.507042,139.931303,6,0.032,0.097,9.378,0.433
1425625327137,37.507042,139.931304,6,0.038,0.031,9.572,0.355
1425625327238,37.507042,139.931304,6,0.05,-0.066,9.658,0.285
1425625327338,37.507042,139.931304,6,0.057,-0.091,9.611,0.223
1425625327439,37.507041,139.931304,6,0.062,0.002,9.571,0.169
1425625327540,37.507041,139.931305,6,0.066,0.081,9.533,0.122
1425625327640,37.507041,139.931305,6,0.059,0.049,9.501,0.083
1425625327736,37.507041,139.931305,6,0.051,-0.013,9.575,0.052
1425625327837,37.507041,139.931305,6,0.053,-0.031,9.648,0.028
1425625327938,37.507041,139.931305,6,0.043,-0.02,9.601,0.011
1425625328038,37.507041,139.931305,6,0.048,0.031,9.543,0.002
1425625377335,37.507125,139.931343,4,0.05,0.008,9.555,2.692
1425625377340,37.507125,139.931343,4,0.051,0.005,9.554,2.69
1425625377436,37.507127,139.931344,4,0.026,-0.245,9.45,2.666
1425625377536,37.50713,139.931346,4,-0.004,-0.447,9.537,2.641
1425625377637,37.507132,139.931347,4,-0.026,-0.527,9.712,2.615
1425625377738,37.507134,139.931348,4,-0.063,-0.486,9.625,2.59
1425625377838,37.507136,139.93135,4,-0.067,-0.391,9.501,2.566
1425625377939,37.507138,139.931351,4,-0.052,-0.317,9.479,2.541
1425625378040,37.507141,139.931352,4,-0.042,-0.278,9.465,2.517
1425625378140,37.507143,139.931353,4,-0.026,-0.229,9.517,2.492
1425625378236,37.507144,139.931355,4,0.001,-0.187,9.644,2.467
1425625378337,37.507146,139.931356,4,0.011,-0.136,9.621,2.441
1425625378438,37.507148,139.931357,4,0.023,-0.101,9.524,2.415
1425625378538,37.50715,139.931358,4,0.027,-0.021,9.562,2.39
1425625378639,37.507152,139.93136,4,0.033,0.099,9.646,2.364
1425625378740,37.507154,139.931361,4,0.017,0.193,9.813,2.339
1425625378840,37.507155,139.931362,4,0.022,0.379,9.842,2.315
1425625378936,37.507157,139.931363,4,0.014,0.592,9.622,2.292
1425625379037,37.507159,139.931364,4,0.014,0.715,9.33,2.267
1425625379137,37.507161,139.931365,4,0.004,0.563,9.08,2.25
1425625379238,37.507163,139.931367,4,0.029,0.398,9.307,2.25
1425625383332,37.507252,139.931484,9,0.062,0.582,9.883,4.722
1425625383337,37.507252,139.931484,9,0.072,0.593,9.899,4.721
1425625383438,37.507253,139.931491,9,0.523,0.361,9.798,4.708
1425625383538,37.507254,139.931498,9,0.799,0.201,9.775,4.695
1425625383639,37.507255,139.931505,9,0.914,0.135,9.675,4.683
1425625383740,37.507256,139.931512,9,0.845,0.179,9.224,4.67
1425625383836,37.507257,139.931519,9,0.767,0.206,9.086,4.658
1425625383936,37.507259,139.931525,9,0.807,0.173,9.27,4.645
1425625384037,37.50726,139.931532,9,0.988,0.126,9.409,4.632
1425625384138,37.507261,139.931539,9,1.204,0.034,9.579,4.62
1425625384238,37.507262,139.931546,9,1.353,-0.065,9.813,4.607
1425625384339,37.507263,139.931553,9,1.428,-0.034,9.562,4.595
1425625384440,37.507264,139.93156,9,1.403,0.019,9.245,4.582
1425625384541,37.507266,139.931567,9,1.325,0.025,9.119,4.57
1425625384636,37.507267,139.931573,9,1.311,-0.097,9.359,4.558
1425625384737,37.507268,139.93158,9,1.441,-0.171,9.825,4.546
1425625384838,37.507269,139.931587,9,1.546,-0.24,10.023,4.533
1425625384938,37.50727,139.931594,9,1.725,-0.338,10.016,4.521
1425625385039,37.507271,139.9316,9,1.656,-0.352,9.888,4.509
1425625385140,37.507272,139.931607,9,1.382,-0.249,9.585,4.539
1425625385240,37.507273,139.931613,9,1.079,-0.093,9.272,4.671
1425625396333,37.507112,139.932587,6,0.855,0.071,9.318,8.555
1425625405332,37.506892,139.933495,5,0.84,0.076,9.33,9.944
1425625405337,37.506892,139.933495,5,0.825,0.08,9.347,9.943
1425625405437,37.506889,139.933506,5,0.624,0.006,9.518,9.918
1425625405538,37.506886,139.933517,5,0.514,-0.063,9.523,9.892
1425625405639,37.506883,139.933527,5,0.453,-0.088,9.522,9.867
1425625405739,37.50688,139.933538,5,0.364,-0.104,9.489,9.842
1425625405840,37.506877,139.933549,5,0.276,-0.207,9.445,9.817
1425625405936,37.506874,139.933559,5,0.209,-0.425,9.532,9.793
1425625406037,37.506871,139.933569,5,0.151,-0.417,9.658,9.768
1425625406137,37.506868,139.93358,4,0.114,-0.333,9.701,9.736
1425625406238,37.506865,139.93359,4,0.088,-0.373,9.563,9.685
1425625406339,37.506862,139.9336,4,0.08,-0.38,9.464,9.633
1425625406439,37.506859,139.93361,4,0.063,-0.323,9.52,9.583
1425625406540,37.506855,139.93362,4,0.021,-0.349,9.648,9.532
1425625406636,37.506852,139.93363,4,-0.018,-0.361,9.529,9.484
1425625406737,37.506849,139.93364,4,-0.031,-0.345,9.505,9.433
1425625406837,37.506846,139.933649,4,-0.049,-0.348,9.606,9.384
1425625406938,37.506843,139.933659,4,-0.069,-0.359,9.61,9.334
1425625407039,37.50684,139.933669,4,-0.136,-0.346,9.6,9.285
1425625407139,37.506837,139.933679,4,-0.221,-0.306,9.548,9.243
1425625407240,37.506834,139.933688,4,-0.3,-0.302,9.467,9.217
1425625407336,37.506831,139.933697,4,-0.354,-0.322,9.551,9.193
1425625407436,37.506828,139.933707,4,-0.369,-0.313,9.555,9.168
1425625407537,37.506825,139.933716,4,-0.376,-0.313,9.482,9.142
1425625407638,37.506822,139.933725,4,-0.365,-0.317,9.526,9.117
1425625407739,37.506819,139.933735,4,-0.357,-0.305,9.639,9.092
1425625407839,37.506816,139.933744,4,-0.408,-0.307,9.493,9.067
1425625407940,37.506813,139.933753,4,-0.468,-0.312,9.427,9.042
1425625408036,37.50681,139.933762,4,-0.544,-0.319,9.493,9.018
1425625408136,37.506807,139.933771,5,-0.608,-0.322,9.394,8.98
1425625408237,37.506804,139.933781,5,-0.642,-0.38,9.32,8.901
1425625408338,37.506802,139.93379,5,-0.631,-0.486,9.424,8.823
1425625408439,37.506799,139.9338,5,-0.594,-0.611,9.462,8.746
1425625408539,37.506796,139.933809,5,-0.552,-0.743,9.535,8.67
1425625408640,37.506793,139.933818,5,-0.49,-0.825,9.607,8.594
1425625408736,37.506791,139.933827,5,-0.395,-0.902,9.741,8.523
1425625408836,37.506788,139.933836,5,-0.301,-0.965,9.727,8.449
1425625408937,37.506785,139.933845,5,-0.235,-0.981,9.625,8.375
1425625409038,37.506783,139.933854,5,-0.146,-0.953,9.538,8.302
1425625409138,37.506781,139.933862,5,-0.082,-0.955,9.468,8.22
1425625409239,37.506779,139.933871,5,-0.064,-0.966,9.528,8.114
1425625409340,37.506777,139.93388,5,-0.045,-0.995,9.605,8.009
1425625409440,37.506776,139.933888,5,-0.065,-1.02,9.559,7.906
1425625409536,37.506774,139.933896,5,-0.093,-1.045,9.532,7.808
1425625409637,37.506773,139.933904,5,-0.086,-1.034,9.48,7.707
1425625409738,37.506771,139.933912,5,-0.065,-1.06,9.456,7.607
1425625409838,37.50677,139.93392,5,-0.005,-1.134,9.49,7.509
1425625409939,37.506768,139.933928,5,-0.024,-1.245,9.538,7.412
1425625410040,37.506767,139.933936,5,-0.041,-1.324,9.549,7.316
1425625410140,37.506765,139.933943,4,-0.032,-1.404,9.611,7.2
1425625410236,37.506764,139.933949,4,-0.022,-1.43,9.623,7.042
1425625410337,37.506762,139.933955,4,-0.06,-1.474,9.561,6.879
1425625410438,37.50676,139.933961,4,-0.08,-1.437,9.483,6.72
1425625410538,37.506759,139.933967,4,-0.091,-1.482,9.528,6.566
1425625410639,37.506757,139.933973,4,-0.093,-1.491,9.625,6.413
1425625410740,37.506755,139.933978,4,-0.097,-1.503,9.604,6.265
1425625410840,37.506754,139.933984,4,-0.121,-1.475,9.51,6.121
1425625410936,37.506753,139.933989,4,-0.127,-1.461,9.434,5.986
1425625411037,37.506751,139.933994,4,-0.107,-1.47,9.467,5.848
1425625411137,37.50675,139.933999,4,-0.093,-1.474,9.543,5.704
1425625411238,37.506749,139.934004,4,-0.131,-1.472,9.631,5.533
1425625411339,37.506748,139.934008,4,-0.174,-1.541,9.733,5.367
1425625411440,37.506747,139.934013,4,-0.082,-1.509,9.662,5.205
1425625411540,37.506746,139.934017,4,-0.028,-1.489,9.542,5.05
1425625411636,37.506745,139.934021,4,-0.044,-1.454,9.218,4.905
1425625411737,37.506745,139.934025,4,-0.099,-1.481,9.378,4.757
1425625411837,37.506744,139.934029,4,-0.098,-1.508,9.628,4.615
1425625411938,37.506743,139.934033,4,-0.076,-1.555,9.741,4.476
1425625412039,37.506742,139.934036,4,-0.083,-1.542,9.645,4.342
1425625412140,37.506742,139.93404,4,-0.074,-1.429,9.233,4.196
1425625412240,37.506742,139.934044,4,-0.063,-1.391,9.281,4.019
1425625412336,37.506743,139.934048,4,-0.058,-1.412,9.523,3.855
1425625412437,37.506743,139.934052,4,-0.064,-1.41,9.689,3.689
1425625412537,37.506743,139.934055,4,-0.054,-1.347,9.776,3.531
1425625412638,37.506743,139.934059,4,-0.036,-1.183,9.671,3.378
1425625412739,37.506743,139.934062,4,-0.018,-0.983,9.464,3.231
1425625412839,37.506744,139.934065,4,-0.024,-0.785,9.437,3.093
1425625412940,37.506744,139.934068,4,-0.065,-0.63,9.614,2.96
1425625413036,37.506744,139.934071,4,-0.152,-0.527,9.632,2.839
1425625413136,37.506744,139.934073,4,-0.196,-0.433,9.494,2.728
1425625413237,37.506743,139.934075,4,-0.185,-0.376,9.442,2.642
1425625413338,37.506742,139.934077,4,-0.129,-0.399,9.525,2.558
1425625413439,37.506742,139.934079,4,-0.015,-0.39,9.599,2.477
1425625413539,37.506741,139.93408,4,0.058,-0.357,9.537,2.399
1425625413640,37.506741,139.934082,4,0.026,-0.368,9.576,2.323
1425625413736,37.50674,139.934084,4,-0.055,-0.374,9.7,2.253
1425625413836,37.506739,139.934085,4,-0.123,-0.339,9.684,2.182
1425625413937,37.506739,139.934087,4,-0.141,-0.311,9.467,2.113
1425625414038,37.506738,139.934088,4,-0.106,-0.302,9.407,2.046
1425625414139,37.506738,139.93409,4,-0.084,-0.317,9.566,1.983
1425625414239,37.506737,139.934092,4,-0.062,-0.346,9.666,1.927
1425625414340,37.506737,139.934094,4,-0.029,-0.345,9.599,1.872
1425625414436,37.506736,139.934095,4,-0.039,-0.34,9.517,1.821
1425625414536,37.506736,139.934097,4,-0.081,-0.366,9.571,1.77
1425625414637,37.506735,139.934099,4,-0.123,-0.371,9.556,1.719
1425625414738,37.506735,139.934101,4,-0.106,-0.344,9.576,1.669
1425625414839,37.506734,139.934103,4,-0.076,-0.3,9.616,1.621
1425625414939,37.506734,139.934104,4,-0.079,-0.282,9.568,1.575
1425625415040,37.506733,139.934106,4,-0.051,-0.198,9.542,1.53
1425625415141,37.506733,139.934107,4,0.002,-0.119,9.584,1.481
1425625415236,37.506732,139.934108,4,-0.017,-0.092,9.545,1.426
1425625415342,37.506731,139.93411,4,-0.062,-0.073,9.532,1.366
1425625415438,37.50673,139.934111,4,-0.069,-0.046,9.601,1.314
1425625415537,37.50673,139.934112,4,-0.091,-0.042,9.565,1.262
1425625415639,37.506729,139.934113,4,-0.085,-0.044,9.524,1.211
1425625415738,37.506728,139.934114,4,-0.034,-0.043,9.578,1.163
1425625415840,37.506728,139.934115,4,0.012,-0.033,9.59,1.115
1425625415936,37.506727,139.934116,4,-0.013,-0.054,9.566,1.073
1425625416037,37.506726,139.934116,4,-0.004,-0.038,9.588,1.03
1425625416138,37.506726,139.934117,4,-0.014,-0.02,9.576,0.992
1425625416238,37.506726,139.934118,4,-0.072,-0.065,9.557,0.964
1425625416339,37.506726,139.934118,4,-0.099,-0.07,9.589,0.936
1425625416440,37.506726,139.934118,4,-0.075,-0.055,9.603,0.91
1425625416540,37.506726,139.934119,4,-0.06,-0.037,9.528,0.884
1425625416636,37.506725,139.934119,4,-0.046,-0.053,9.537,0.86
1425625416737,37.506725,139.93412,4,-0.009,-0.076,9.631,0.835
1425625416837,37.506725,139.93412,4,-0.014,-0.081,9.626,0.811
1425625416938,37.506725,139.93412,4,-0.05,-0.062,9.567,0.788
1425625417039,37.506725,139.934121,4,-0.063,-0.037,9.531,0.765
1425625417140,37.506725,139.934121,4,-0.068,-0.058,9.52,0.75
1425625417240,37.506725,139.934122,4,-0.07,-0.064,9.551,0.75
1425625417336,37.506725,139.934122,4,-0.03,-0.043,9.605,0.75
1425625417437,37.506725,139.934123,4,-0.003,-0.062,9.605,0.75
1425625417537,37.506725,139.934123,4,-0.016,-0.07,9.55,0.75
1425625417638,37.506724,139.934124,4,-0.061,-0.07,9.529,0.75
1425625417739,37.506724,139.934124,4,-0.061,-0.06,9.591,0.75
1425625417840,37.506724,139.934125,4,-0.054,-0.075,9.594,0.75
1425625417940,37.506724,139.934125,4,-0.063,-0.083,9.537,0.75
1425625418036,37.506724,139.934126,4,-0.053,-0.076,9.52,0.75
1425625418137,37.506724,139.934126,4,-0.015,-0.074,9.567,0.73
1425625418237,37.506723,139.934126,4,-0.018,-0.087,9.566,0.659
1425625418338,37.506722,139.934126,4,-0.052,-0.073,9.554,0.592
1425625418439,37.506722,139.934126,4,-0.054,-0.07,9.562,0.53
1425625418540,37.506721,139.934125,4,-0.07,-0.079,9.552,0.474
1425625418640,37.506721,139.934125,4,-0.056,-0.039,9.566,0.423
1425625418736,37.50672,139.934125,4,-0.04,-0.047,9.574,0.378
1425625418837,37.50672,139.934125,4,-0.033,-0.084,9.57,0.337
1425625418937,37.50672,139.934125,4,-0.052,-0.091,9.563,0.301
1425625419038,37.506719,139.934125,4,-0.057,-0.068,9.569,0.269
1425625419139,37.506719,139.934125,4,-0.042,-0.059,9.578,0.236
1425625419239,37.506719,139.934124,4,-0.067,-0.096,9.557,0.19
1425625419340,37.506718,139.934123,4,-0.068,-0.075,9.556,0.148
1425625419436,37.506718,139.934123,4,-0.051,-0.075,9.579,0.114
1425625419537,37.506718,139.934122,4,-0.06,-0.106,9.567,0.082
1425625419637,37.506717,139.934122,4,-0.07,-0.1,9.561,0.056
1425625419738,37.506717,139.934122,4,-0.054,-0.072,9.554,0.035
1425625419839,37.506717,139.934121,4,-0.051,-0.071,9.554,0.018
1425625419939,37.506717,139.934121,4,-0.072,-0.085,9.542,0.007
1425625420040,37.506717,139.934121,4,-0.054,-0.047,9.573,0.001
1425625428333,37.506627,139.934165,6,-0.012,0.701,9.529,2.0
1425625436335,37.506177,139.934073,6,-0.013,0.703,9.529,5.805
1425625445333,37.505568,139.933963,5,-0.013,0.702,9.529,8.25
1425625445338,37.505567,139.933963,5,-0.012,0.696,9.534,8.25
1425625445439,37.50556,139.933962,5,-0.006,0.279,9.467,8.25
1425625445539,37.505552,139.933961,5,-0.063,0.048,9.114,8.25
1425625445640,37.505544,139.933961,5,-0.086,-0.078,9.135,8.25
1425625445736,37.505537,139.93396,5,-0.055,-0.219,9.276,8.25
1425625445836,37.505529,139.93396,5,-0.054,-0.407,9.394,8.25
1425625445937,37.505521,139.933959,5,-0.067,-0.572,9.56,8.25
1425625446038,37.505514,139.933958,5,-0.137,-0.799,9.736,8.25
1425625446139,37.505506,139.933958,5,-0.239,-0.92,9.8,8.217
1425625446239,37.5055,139.933957,5,-0.286,-0.94,9.679,8.104
1425625446340,37.505494,139.933956,5,-0.324,-0.943,9.527,7.992
1425625446436,37.505488,139.933956,5,-0.337,-0.937,9.438,7.886
1425625446536,37.505482,139.933955,5,-0.339,-0.973,9.422,7.778
1425625446637,37.505476,139.933955,5,-0.381,-0.977,9.546,7.669
1425625446738,37.50547,139.933954,5,-0.464,-0.986,9.559,7.563
1425625446838,37.505464,139.933953,5,-0.476,-0.938,9.325,7.458
1425625446939,37.505458,139.933953,5,-0.534,-0.922,9.214,7.354
1425625447040,37.505453,139.933952,5,-0.605,-0.957,9.62,7.251
1425625447136,37.505447,139.933951,5,-0.674,-1.064,9.879,7.155
1425625447236,37.505442,139.933951,5,-0.688,-1.01,9.492,7.056
1425625447337,37.505436,139.93395,5,-0.745,-1.014,9.595,6.958
1425625447438,37.505431,139.93395,5,-0.717,-0.945,9.511,6.86
1425625447538,37.505426,139.933949,5,-0.659,-0.872,9.154,6.766
1425625447639,37.50542,139.933949,5,-0.742,-0.979,9.642,6.671
1425625447740,37.505415,139.933948,5,-0.815,-1.103,10.097,6.578
1425625447841,37.50541,139.933947,5,-0.781,-1.065,9.6,6.487
1425625447936,37.505405,139.933947,5,-0.836,-1.065,9.645,6.402
1425625448037,37.505401,139.933946,5,-0.99,-1.142,9.952,6.313
1425625448138,37.505396,139.933946,4,-1.146,-1.116,9.941,6.211
1425625448238,37.505391,139.933946,4,-1.347,-0.958,9.552,6.074
1425625448339,37.505386,139.933946,4,-1.463,-0.728,9.703,5.939
1425625448440,37.505381,139.933946,4,-1.579,-0.407,9.143,5.807
1425625448540,37.505376,139.933946,4,-1.617,-0.247,8.48,5.678
1425625448636,37.505372,139.933947,4,-1.531,-0.307,8.897,5.558
1425625448737,37.505368,139.933947,4,-1.519,-0.449,9.776,5.434
1425625448838,37.505363,139.933947,4,-1.632,-0.451,10.059,5.312
1425625448938,37.505359,139.933947,4,-1.889,-0.437,9.716,5.195
1425625449039,37.505355,139.933947,4,-2.15,-0.456,9.81,5.08
1425625449140,37.505351,139.933948,5,-2.338,-0.419,9.579,5.007
1425625449240,37.505347,139.933952,5,-2.386,-0.461,9.469,5.031
1425625449336,37.505344,139.933955,5,-2.39,-0.428,9.296,5.054
1425625449437,37.50534,139.933959,5,-2.368,-0.237,9.471,5.078
1425625449537,37.505336,139.933963,5,-2.426,0.051,9.831,5.103
1425625449638,37.505332,139.933966,5,-2.547,0.109,9.379,5.127
1425625449739,37.505329,139.93397,5,-2.589,0.161,9.021,5.152
1425625449840,37.505325,139.933974,5,-2.544,0.336,9.049,5.177
1425625449940,37.505321,139.933978,5,-2.445,0.335,9.088,5.202
1425625450036,37.505317,139.933981,5,-2.298,0.276,9.459,5.226
1425625450137,37.505313,139.933985,5,-2.068,0.324,9.605,5.251
1425625450237,37.50531,139.933989,5,-1.692,0.454,9.371,5.276
1425625456335,37.505016,139.934322,4,-1.187,0.593,9.257,7.943
1425625456340,37.505015,139.934323,4,-1.163,0.585,9.285,7.942
1425625456436,37.50501,139.934329,4,-0.585,0.243,9.394,7.918
1425625456537,37.505005,139.934335,4,-0.189,-0.022,9.208,7.892
1425625456637,37.504999,139.934341,4,0.002,-0.097,9.342,7.867
1425625456738,37.504994,139.934348,4,0.062,-0.173,9.492,7.842
1425625456839,37.504988,139.934354,4,0.115,-0.26,9.427,7.817
1425625456939,37.504983,139.93436,4,0.113,-0.267,9.354,7.792
1425625457040,37.504978,139.934367,4,0.1,-0.294,9.546,7.767
1425625457136,37.504973,139.934373,4,0.097,-0.325,9.66,7.73
1425625457236,37.504968,139.934379,4,0.093,-0.368,9.717,7.651
1425625457337,37.504963,139.934385,4,0.118,-0.276,9.553,7.573
1425625457438,37.504959,139.934391,4,0.104,-0.23,9.613,7.496
1425625457539,37.504954,139.934397,4,0.107,-0.172,9.795,7.419
1425625457639,37.50495,139.934403,4,0.135,0.022,9.467,7.344
1425625457740,37.504945,139.934409,4,0.139,0.112,9.361,7.269
1425625457841,37.504941,139.934415,4,0.111,0.157,9.513,7.194
1425625457936,37.504936,139.93442,4,0.091,0.281,9.952,7.125
1425625458042,37.504932,139.934426,4,0.083,0.449,9.877,7.049
1425625458138,37.504928,139.934432,4,0.083,0.632,9.205,7.014
1425625458237,37.504922,139.934438,4,0.062,0.663,9.35,7.062
1425625468335,37.504244,139.93507,4,0.026,0.583,9.841,9.75
1425625468340,37.504244,139.93507,4,0.024,0.582,9.846,9.75
1425625468440,37.504237,139.935077,4,0.027,0.426,9.237,9.75
1425625468536,37.50423,139.935084,4,-0.033,0.236,9.208,9.75
1425625468637,37.504223,139.935091,4,-0.07,0.059,9.605,9.75
1425625468737,37.504216,139.935099,4,-0.191,-0.107,10.171,9.75
1425625468838,37.504209,139.935106,4,-0.217,-0.153,10.357,9.75
1425625468939,37.504202,139.935113,4,-0.246,-0.064,9.894,9.75
1425625469039,37.504195,139.93512,4,-0.294,0.051,9.378,9.75
1425625469140,37.504188,139.935127,5,-0.309,0.069,9.249,9.75
1425625469236,37.504182,139.935134,5,-0.233,0.081,9.368,9.75
1425625469337,37.504175,139.935142,5,-0.172,0.011,9.517,9.75
1425625469437,37.504168,139.935149,5,-0.073,0.007,9.847,9.75
1425625469538,37.504162,139.935156,5,-0.079,0.026,9.729,9.75
1425625469639,37.504155,139.935164,5,-0.096,0.063,9.355,9.75
1425625469739,37.504148,139.935171,5,-0.125,0.08,9.274,9.75
1425625469840,37.504142,139.935178,5,-0.187,0.061,9.593,9.75
1425625469936,37.504135,139.935185,5,-0.153,0.057,9.701,9.75
1425625470036,37.504129,139.935193,5,-0.191,0.048,9.602,9.75
1425625470137,37.504122,139.9352,5,-0.153,0.088,9.613,9.75
1425625470238,37.504116,139.935207,5,-0.224,0.099,9.579,9.75
1425625470339,37.50411,139.935214,5,-0.263,0.107,9.7,9.75
1425625470439,37.504103,139.93522,5,-0.298,0.067,9.883,9.75
1425625470540,37.504097,139.935227,5,-0.243,0.04,10.056,9.75
1425625470636,37.504091,139.935234,5,-0.198,0.081,9.902,9.75
1425625470736,37.504085,139.935241,5,-0.202,0.15,9.613,9.75
1425625470837,37.504078,139.935247,5,-0.163,0.292,8.99,9.75
1425625470938,37.504072,139.935254,5,-0.228,0.22,9.089,9.75
1425625471039,37.504065,139.935261,5,-0.175,0.157,9.463,9.75
1425625471139,37.504059,139.935268,5,-0.151,0.055,9.841,9.743
1425625471240,37.504053,139.935275,5,-0.037,0.03,10.031,9.717
1425625471336,37.504048,139.935281,5,0.025,0.04,9.956,9.693
1425625471436,37.504042,139.935287,5,0.144,0.09,9.857,9.668
1425625471537,37.504036,139.935294,5,0.214,0.139,9.518,9.642
1425625471638,37.50403,139.935301,5,0.335,0.215,9.129,9.617
1425625471738,37.504024,139.935307,5,0.363,0.251,8.894,9.592
1425625471839,37.504018,139.935314,5,0.409,0.236,9.045,9.567
1425625471940,37.504012,139.93532,5,0.48,0.082,9.399,9.542
1425625472036,37.504006,139.935326,5,0.467,-0.001,9.831,9.518
1425625472141,37.504,139.935333,5,0.547,-0.055,10.101,9.508
1425625472237,37.503993,139.93534,5,0.48,-0.036,10.018,9.531
1425625472336,37.503985,139.935347,5,0.476,0.03,9.786,9.556
1425625472438,37.503978,139.935354,5,0.42,0.094,9.343,9.581
1425625472537,37.503971,139.935362,5,0.4,0.108,9.306,9.606
1425625472640,37.503963,139.935369,5,0.461,0.053,9.6,9.632
1425625472739,37.503956,139.935376,5,0.51,0.011,9.984,9.656
1425625472836,37.503948,139.935383,5,0.665,0.028,9.781,9.681
1425625472937,37.503941,139.93539,5,0.685,0.115,9.533,9.706
1425625473038,37.503933,139.935398,5,0.732,0.14,9.663,9.732
1425625473138,37.503926,139.935405,5,0.687,0.227,9.339,9.743
1425625473239,37.503918,139.935411,5,0.702,0.295,9.025,9.717
1425625476331,37.503698,139.935613,6,0.71,0.229,9.41,9.805
1425625483335,37.50315,139.936029,7,0.703,0.225,9.442,10.193
1425625483340,37.50315,139.936029,7,0.693,0.217,9.472,10.192
1425625483436,37.503144,139.936035,7,0.365,0.004,9.586,10.168
1425625483536,37.503138,139.936041,7,0.136,-0.217,9.932,10.143
1425625483637,37.503132,139.936047,7,0.009,-0.286,10.169,10.117
1425625483738,37.503126,139.936053,7,-0.072,-0.29,10.076,10.092
1425625483839,37.503119,139.93606,7,-0.05,-0.28,9.847,10.067
1425625483939,37.503113,139.936066,7,-0.055,-0.215,9.468,10.042
1425625484040,37.503107,139.936072,7,-0.098,-0.219,9.533,10.017
1425625484136,37.503101,139.936078,7,-0.113,-0.247,9.755,10.0
1425625484236,37.503093,139.936084,7,-0.169,-0.221,9.356,10.0
1425625484337,37.503086,139.936091,7,-0.14,-0.147,8.88,10.0
1425625484438,37.503078,139.936098,7,-0.152,-0.181,9.193,10.0
1425625484539,37.50307,139.936105,7,-0.144,-0.225,9.532,10.0
1425625484640,37.503062,139.936112,7,-0.19,-0.327,9.582,10.0
1425625484741,37.503054,139.936118,7,-0.196,-0.352,9.922,10.0
1425625484836,37.503047,139.936125,7,-0.19,-0.352,9.983,10.0
1425625484936,37.503039,139.936131,7,-0.136,-0.259,9.548,10.0
1425625485037,37.503032,139.936138,7,-0.198,-0.239,9.442,10.0
1425625485138,37.503024,139.936144,7,-0.327,-0.257,9.484,9.978
1425625485238,37.503015,139.936148,7,-0.387,-0.361,9.505,9.901
1425625485339,37.503007,139.936153,7,-0.455,-0.624,9.611,9.823
1425625485440,37.502999,139.936157,7,-0.569,-0.942,9.845,9.746
1425625485541,37.502991,139.936161,7,-0.606,-1.163,9.547,9.67
1425625485636,37.502983,139.936165,7,-0.661,-1.351,9.325,9.598
1425625485737,37.502975,139.936169,7,-0.751,-1.527,9.615,9.523
1425625485838,37.502967,139.936173,7,-0.794,-1.596,9.788,9.448
1425625485938,37.502959,139.936177,7,-0.723,-1.547,9.495,9.375
1425625486039,37.502951,139.936181,7,-0.603,-1.54,9.292,9.301
1425625486140,37.502945,139.936185,10,-0.554,-1.544,9.561,9.192
1425625486240,37.502942,139.936188,10,-0.528,-1.483,9.59,9.002
1425625486336,37.502939,139.93619,10,-0.603,-1.487,9.374,8.823
1425625486442,37.502935,139.936193,10,-0.611,-1.535,9.65,8.628
1425625486538,37.502932,139.936195,10,-0.625,-1.587,9.802,8.456
1425625486637,37.502929,139.936198,10,-0.603,-1.617,9.589,8.282
1425625486739,37.502926,139.9362,10,-0.55,-1.585,9.275,8.107
1425625486838,37.502924,139.936203,10,-0.507,-1.645,9.317,7.94
1425625486940,37.502921,139.936205,10,-0.493,-1.631,9.456,7.772
1425625487036,37.502918,139.936207,10,-0.492,-1.705,9.616,7.617
1425625487137,37.502915,139.936211,10,-0.415,-1.791,9.626,7.471
1425625487237,37.50291,139.936217,10,-0.389,-1.796,9.427,7.365
1425625487338,37.502905,139.936222,10,-0.283,-1.85,9.425,7.259
1425625487439,37.5029,139.936228,10,-0.069,-1.928,9.493,7.155
1425625487540,37.502895,139.936234,10,0.106,-1.998,9.439,7.052
1425625487641,37.50289,139.93624,10,0.212,-2.04,9.463,6.951
1425625487736,37.502886,139.936245,10,0.283,-2.071,9.503,6.857
1425625487837,37.502881,139.936251,10,0.321,-2.104,9.452,6.759
1425625487937,37.502877,139.936256,10,0.368,-2.151,9.609,6.663
1425625488038,37.502872,139.936261,10,0.384,-2.156,9.847,6.567
1425625488139,37.502868,139.936266,8,0.293,-2.174,9.614,6.388
1425625488240,37.502866,139.936269,8,0.214,-2.143,9.405,6.008
1425625488340,37.502863,139.936272,8,0.122,-2.124,9.41,5.651
1425625488436,37.502861,139.936275,8,0.035,-2.143,9.412,5.324
1425625488537,37.502858,139.936278,8,0.0,-2.182,9.501,4.999
1425625488637,37.502856,139.93628,8,-0.108,-2.176,9.533,4.695
1425625488738,37.502854,139.936282,8,-0.205,-2.169,9.531,4.406
1425625488839,37.502852,139.936285,8,-0.282,-2.216,9.6,4.135
1425625488939,37.502851,139.936287,8,-0.296,-2.261,9.542,3.885
1425625489040,37.502849,139.936289,8,-0.295,-2.27,9.406,3.651
1425625489136,37.502848,139.936291,7,-0.26,-2.266,9.502,3.415
1425625489236,37.502846,139.936292,7,-0.273,-2.295,9.574,3.099
1425625489337,37.502844,139.936294,7,-0.289,-2.277,9.465,2.802
1425625489438,37.502843,139.936296,7,-0.241,-2.211,9.502,2.527
1425625489539,37.502841,139.936298,7,-0.22,-2.082,9.633,2.274
1425625489639,37.50284,139.936299,7,-0.124,-1.773,9.705,2.044
1425625489740,37.502839,139.9363,7,-0.08,-1.476,9.57,1.834
1425625489836,37.502838,139.936301,7,-0.045,-1.305,9.422,1.654
1425625489936,37.502837,139.936303,7,-0.05,-1.248,9.326,1.488
1425625490037,37.502836,139.936303,7,-0.085,-1.217,9.453,1.342
1425625490138,37.502836,139.936304,7,-0.102,-1.176,9.64,1.181
1425625490239,37.502835,139.936306,7,-0.105,-0.991,9.77,0.948
1425625490339,37.502835,139.936307,7,-0.062,-0.592,9.797,0.743
1425625490440,37.502834,139.936308,7,-0.018,-0.287,9.519,0.561
1425625490536,37.502834,139.936309,7,0.03,-0.077,9.299,0.412
1425625490636,37.502834,139.936309,7,0.057,0.111,9.327,0.281
1425625490737,37.502833,139.93631,7,0.051,0.219,9.537,0.174
1425625490838,37.502833,139.93631,7,0.043,0.278,9.672,0.092
1425625490938,37.502833,139.936311,7,0.016,0.334,9.576,0.037
1425625491039,37.502833,139.936311,7,0.024,0.358,9.451,0.006
1425625541333,37.502709,139.936477,8,0.019,0.187,9.534,3.819
1425625541338,37.502709,139.936478,8,0.009,0.19,9.534,3.815
1425625541439,37.502711,139.936481,8,-0.774,0.025,9.748,3.736
1425625541539,37.502714,139.936485,8,-1.201,0.002,9.851,3.659
1425625541640,37.502716,139.936488,8,-1.246,0.13,9.6,3.583
1425625541736,37.502719,139.936492,8,-1.132,0.26,9.349,3.512
1425625541836,37.502721,139.936495,8,-0.951,0.373,9.456,3.44
1425625541937,37.502723,139.936498,8,-0.798,0.573,9.358,3.369
1425625542038,37.502725,139.936502,8,-0.712,0.785,9.144,3.299
1425625542138,37.502727,139.936505,8,-0.609,0.913,9.221,3.263
1425625542239,37.502729,139.93651,8,-0.459,0.909,9.623,3.31
1425625549334,37.502775,139.937098,6,-0.228,0.907,9.816,6.95
1425625549339,37.502775,139.937098,6,-0.214,0.904,9.809,6.943
1425625549440,37.502773,139.937105,6,-0.095,0.467,9.612,6.811
1425625549540,37.502772,139.937111,6,-0.052,0.121,9.496,6.684
1425625549636,37.502772,139.937118,6,-0.03,-0.037,9.588,6.563
1425625549737,37.502771,139.937124,6,-0.002,-0.15,9.764,6.439
1425625549838,37.50277,139.937131,6,0.036,-0.268,9.796,6.317
1425625549938,37.502769,139.937137,6,0.052,-0.273,9.663,6.198
1425625550039,37.502768,139.937143,6,0.084,-0.199,9.527,6.081
1425625550140,37.502767,139.937149,4,0.11,-0.203,9.499,5.992
1425625550241,37.502767,139.937154,4,0.14,-0.243,9.612,5.967
1425625550336,37.502766,139.93716,4,0.17,-0.26,9.639,5.943
1425625550437,37.502766,139.937165,4,0.127,-0.22,9.422,5.917
1425625550538,37.502766,139.937171,4,0.097,-0.197,9.358,5.892
1425625550638,37.502765,139.937176,4,0.108,-0.226,9.583,5.867
1425625550739,37.502765,139.937182,4,0.114,-0.265,9.863,5.842
1425625550840,37.502765,139.937187,4,0.129,-0.28,9.858,5.816
1425625550940,37.502764,139.937193,4,0.13,-0.237,9.527,5.792
1425625551036,37.502764,139.937198,4,0.08,-0.154,9.096,5.768
1425625551137,37.502764,139.937204,4,0.085,-0.183,9.3,5.728
1425625551237,37.502763,139.93721,4,0.128,-0.278,9.863,5.649
1425625551338,37.502762,139.937216,4,0.154,-0.346,10.028,5.57
1425625551439,37.502761,139.937222,4,0.164,-0.277,9.528,5.492
1425625551540,37.50276,139.937228,4,0.177,-0.201,9.265,5.415
1425625551640,37.50276,139.937234,4,0.196,-0.228,9.396,5.339
1425625551736,37.502759,139.937239,4,0.172,-0.276,9.639,5.268
1425625551837,37.502758,139.937245,4,0.136,-0.274,9.711,5.194
1425625551937,37.502757,139.937251,4,0.119,-0.22,9.486,5.122
1425625552038,37.502757,139.937256,4,0.122,-0.173,9.184,5.051
1425625552139,37.502756,139.937261,4,0.084,-0.242,9.428,4.985
1425625552239,37.502755,139.937267,4,0.047,-0.306,9.819,4.933
1425625552340,37.502754,139.937272,4,0.091,-0.269,9.744,4.88
1425625552436,37.502754,139.937277,4,0.058,-0.24,9.526,4.831
1425625552536,37.502753,139.937282,4,0.021,-0.251,9.568,4.781
1425625552637,37.502752,139.937286,4,-0.014,-0.236,9.675,4.73
1425625552738,37.502752,139.937291,4,0.014,-0.171,9.584,4.68
1425625552839,37.502751,139.937296,4,0.039,-0.134,9.631,4.63
1425625552939,37.50275,139.937301,4,0.013,-0.008,9.737,4.582
1425625553040,37.502749,139.937306,4,0.015,0.082,9.524,4.533
1425625553136,37.502749,139.93731,6,0.03,0.061,9.258,4.509
1425625553236,37.502749,139.937315,6,0.072,0.105,9.457,4.544
1425625553337,37.502748,139.93732,6,0.1,0.159,9.714,4.579
1425625553439,37.502748,139.937325,6,0.068,0.182,9.696,4.615
1425625553539,37.502747,139.93733,6,0.058,0.359,9.571,4.651
1425625553639,37.502747,139.937334,6,0.067,0.496,9.388,4.687
1425625553740,37.502747,139.937339,6,0.072,0.518,9.325,4.724
1425625553836,37.502746,139.937344,6,0.048,0.517,9.56,4.759
1425625553936,37.502746,139.937349,6,0.06,0.512,9.744,4.796
1425625554037,37.502745,139.937354,6,0.105,0.517,9.597,4.833
1425625554138,37.502745,139.937359,6,0.111,0.545,9.411,4.871
1425625554239,37.502745,139.937365,6,0.03,0.505,9.48,4.909
1425625558332,37.502741,139.937577,6,-0.079,0.455,9.7,4.508
1425625558337,37.502741,139.937577,6,-0.082,0.444,9.7,4.502
1425625558438,37.502742,139.937583,6,0.042,0.083,9.597,4.396
1425625558539,37.502742,139.937589,6,0.12,-0.277,9.65,4.292
1425625558639,37.502742,139.937594,6,0.196,-0.516,9.62,4.192
1425625558740,37.502742,139.9376,6,0.174,-0.665,9.68,4.093
1425625558836,37.502742,139.937604,6,0.196,-0.728,9.593,4.001
1425625558937,37.502743,139.93761,6,0.242,-0.725,9.49,3.906
1425625559037,37.502743,139.937614,6,0.352,-0.66,9.503,3.815
1425625559138,37.502743,139.937619,6,0.533,-0.605,9.584,3.75
1425625559239,37.502743,139.937623,6,0.799,-0.548,9.552,3.75
1425625559339,37.502743,139.937628,6,1.083,-0.535,9.567,3.75
1425625559440,37.502743,139.937632,6,1.284,-0.541,9.566,3.75
1425625559536,37.502743,139.937636,6,1.393,-0.566,9.561,3.75
1425625559636,37.502742,139.93764,6,1.439,-0.565,9.629,3.75
1425625559737,37.502742,139.937644,6,1.438,-0.664,9.573,3.75
1425625559838,37.502742,139.937649,6,1.158,-1.257,9.187,3.75
1425625559939,37.502742,139.937653,6,0.942,-1.649,9.345,3.75
1425625560039,37.502742,139.937657,6,0.835,-1.556,9.953,3.75
1425625560140,37.502741,139.937661,7,0.879,-1.154,10.17,3.725
1425625560236,37.50274,139.937665,7,0.983,-0.77,9.707,3.646
1425625560336,37.502738,139.937668,7,1.164,-0.516,9.092,3.566
1425625560437,37.502736,139.937672,7,1.332,-0.48,8.954,3.486
1425625560538,37.502735,139.937675,7,1.495,-0.541,9.317,3.409
1425625560638,37.502733,139.937678,7,1.592,-0.674,9.731,3.333
1425625560739,37.502732,139.937682,7,1.645,-0.727,9.864,3.259
1425625560840,37.50273,139.937685,7,1.577,-0.733,9.64,3.186
1425625560936,37.502729,139.937688,7,1.382,-0.666,9.549,3.119
1425625561036,37.502727,139.937691,7,1.147,-0.506,9.519,3.05
1425625561137,37.502725,139.937693,8,0.964,-0.242,9.521,3.0
1425625561238,37.50272,139.937695,8,0.891,0.075,9.414,3.0
1425625561338,37.502716,139.937696,8,0.944,0.329,9.305,3.0
1425625561439,37.502711,139.937697,8,1.056,0.166,9.092,3.0
1425625561540,37.502706,139.937699,8,1.174,-0.209,8.887,3.0
1425625561636,37.502702,139.9377,8,1.015,-0.32,9.522,3.0
1425625561736,37.502697,139.937701,8,0.805,-0.23,10.396,3.0
1425625561837,37.502693,139.937702,8,0.862,-0.353,10.254,3.0
1425625561938,37.502688,139.937704,8,1.008,-0.515,9.742,3.0
1425625562038,37.502683,139.937705,8,1.065,-0.395,9.498,3.0
1425625562139,37.502679,139.937706,8,0.975,-0.086,9.109,3.019
1425625562240,37.502676,139.937708,8,0.814,-0.076,9.141,3.088
1425625562341,37.502673,139.93771,8,0.774,-0.288,9.607,3.158
1425625562436,37.50267,139.937712,8,0.811,-0.386,9.881,3.226
1425625562537,37.502667,139.937714,8,0.986,-0.301,9.87,3.3
1425625562638,37.502663,139.937716,8,1.163,-0.224,9.577,3.375
1425625562738,37.50266,139.937717,8,1.251,-0.189,9.529,3.452
1425625562839,37.502657,139.937719,8,1.247,-0.117,9.864,3.53
1425625562940,37.502653,139.937721,8,1.207,-0.123,10.058,3.611
1425625563040,37.50265,139.937724,8,1.16,-0.155,9.833,3.692
1425625563136,37.502646,139.937725,7,1.008,-0.163,9.601,3.743
1425625563237,37.502642,139.937725,7,0.713,-0.202,9.456,3.717
1425625563338,37.502637,139.937726,7,0.413,-0.152,9.402,3.691
1425625563438,37.502633,139.937726,7,0.215,-0.112,9.257,3.666
1425625563539,37.502629,139.937726,7,0.215,-0.114,9.17,3.641
1425625563640,37.502624,139.937727,7,0.388,-0.123,9.334,3.615
1425625563740,37.50262,139.937727,7,0.586,-0.203,9.847,3.59
1425625563836,37.502616,139.937727,7,0.892,-0.178,9.765,3.567
1425625563937,37.502612,139.937727,7,0.987,-0.164,9.577,3.542
1425625564037,37.502608,139.937728,7,0.955,-0.161,9.772,3.518
1425625564138,37.502604,139.937728,7,0.951,-0.147,9.789,3.5
1425625564239,37.502601,139.937727,7,0.842,-0.123,9.759,3.5
1425625564340,37.502598,139.937726,7,0.762,-0.067,9.593,3.5
1425625564440,37.502594,139.937725,7,0.629,-0.033,9.342,3.5
1425625564536,37.502591,139.937724,7,0.606,0.016,9.389,3.5
1425625564637,37.502588,139.937723,7,0.579,0.018,9.438,3.5
1425625564737,37.502585,139.937722,7,0.581,0.055,9.695,3.5
1425625564838,37.502582,139.937721,7,0.556,0.117,9.891,3.5
1425625564939,37.502578,139.937721,7,0.429,0.208,9.839,3.5
1425625565039,37.502575,139.93772,7,0.197,0.368,9.574,3.5
1425625565140,37.502572,139.937719,6,0.028,0.547,9.297,3.514
1425625565236,37.502568,139.937718,6,-0.072,0.634,9.299,3.559
1425625569335,37.502401,139.937667,6,-0.111,0.628,9.665,4.5
1425625574335,37.502122,139.937517,9,-0.113,0.627,9.682,7.75
1425625574340,37.502121,139.937517,9,-0.116,0.622,9.698,7.75
1425625574441,37.502114,139.937514,9,-0.126,0.405,9.533,7.75
1425625574536,37.502107,139.937511,9,-0.166,0.246,9.472,7.75
1425625574637,37.5021,139.937509,9,-0.24,0.038,9.791,7.75
1425625574738,37.502093,139.937506,9,-0.285,-0.06,9.933,7.75
1425625574838,37.502086,139.937503,9,-0.289,-0.089,9.74,7.75
1425625574939,37.502078,139.937501,9,-0.198,-0.117,9.617,7.75
1425625575040,37.502071,139.937498,9,-0.066,-0.101,9.596,7.75
1425625575140,37.502064,139.937495,6,0.023,-0.092,9.42,7.75
1425625575236,37.502057,139.937491,6,0.083,-0.079,9.346,7.75
1425625575337,37.50205,139.937486,6,0.107,-0.127,9.553,7.75
1425625575438,37.502043,139.937482,6,0.028,-0.237,9.871,7.75
1425625575538,37.502036,139.937478,6,-0.037,-0.236,9.775,7.75
1425625575639,37.502029,139.937474,6,-0.095,-0.162,9.473,7.75
1425625575740,37.502023,139.93747,6,-0.22,-0.257,9.637,7.75
1425625575840,37.502016,139.937465,6,-0.256,-0.153,9.503,7.75
1425625575936,37.502009,139.937461,6,-0.249,-0.229,9.449,7.75
1425625576037,37.502002,139.937457,6,-0.178,-0.151,9.051,7.75
1425625576137,37.501995,139.937453,6,-0.162,-0.277,9.883,7.757
1425625576238,37.501989,139.93745,6,-0.154,-0.338,10.093,7.782
1425625576339,37.501982,139.937446,6,-0.297,-0.424,9.912,7.807
1425625576440,37.501976,139.937443,6,-0.303,-0.255,9.231,7.832
1425625576540,37.501969,139.937439,6,-0.26,-0.259,9.35,7.857
1425625576636,37.501963,139.937436,6,-0.288,-0.202,9.734,7.881
1425625576737,37.501956,139.937432,6,-0.255,-0.256,9.64,7.906
1425625576837,37.50195,139.937429,6,-0.241,-0.315,9.639,7.931
1425625576938,37.501943,139.937425,6,-0.244,-0.309,9.755,7.956
1425625577039,37.501937,139.937422,6,-0.337,-0.364,9.841,7.982
1425625577139,37.50193,139.937418,6,-0.317,-0.311,9.648,7.993
1425625577240,37.501924,139.937417,6,-0.266,-0.245,9.32,7.967
1425625577336,37.501919,139.937415,6,-0.274,-0.147,8.944,7.943
1425625577437,37.501913,139.937413,6,-0.194,-0.218,9.495,7.917
1425625577537,37.501907,139.937411,6,-0.242,-0.316,10.155,7.892
1425625577638,37.501901,139.937409,6,-0.169,-0.353,10.068,7.867
1425625577739,37.501895,139.937407,6,-0.15,-0.289,9.524,7.842
1425625577839,37.501889,139.937405,6,-0.204,-0.25,9.409,7.817
1425625577940,37.501883,139.937403,6,-0.201,-0.226,9.353,7.792
1425625578036,37.501877,139.937401,6,-0.08,-0.145,9.017,7.768
1425625578137,37.501871,139.937399,6,0.008,-0.128,9.02,7.75
1425625578237,37.501865,139.937396,6,0.112,-0.181,9.366,7.75
1425625578338,37.501858,139.937393,6,0.167,-0.505,10.588,7.75
1425625578439,37.501852,139.93739,6,0.117,-0.577,11.569,7.75
1425625578539,37.501846,139.937387,6,-0.007,-0.476,10.152,7.75
1425625578640,37.501839,139.937384,6,-0.019,-0.105,8.229,7.75
1425625578736,37.501833,139.937381,6,-0.064,0.028,8.265,7.75
1425625578836,37.501827,139.937378,6,-0.071,-0.031,9.074,7.75
1425625578937,37.50182,139.937375,6,-0.109,-0.058,9.712,7.75
1425625579038,37.501814,139.937372,6,-0.067,-0.065,9.833,7.75
1425625579139,37.501807,139.937369,6,-0.061,-0.362,10.528,7.757
1425625579239,37.501802,139.937366,6,-0.059,-0.592,11.474,7.782
1425625579340,37.501796,139.937363,6,-0.011,-0.516,11.41,7.807
1425625579436,37.501791,139.93736,6,-0.107,-0.114,9.914,7.831
1425625579536,37.501785,139.937357,6,-0.122,0.281,7.962,7.856
1425625579637,37.50178,139.937354,6,-0.136,0.386,7.503,7.881
1425625579738,37.501774,139.937351,6,-0.09,0.339,8.085,7.906
1425625579838,37.501768,139.937348,6,-0.167,-0.015,9.802,7.931
1425625579939,37.501763,139.937345,6,-0.092,-0.257,11.365,7.957
1425625580040,37.501757,139.937342,6,-0.059,-0.178,11.091,7.982
1425625580136,37.501751,139.937339,6,-0.012,0.097,9.761,8.0
1425625580236,37.501745,139.937336,6,-0.013,0.338,8.965,8.0
1425625580337,37.501738,139.937333,6,0.09,0.409,8.827,8.0
1425625580438,37.501731,139.937329,6,0.098,0.511,8.508,8.0
1425625580538,37.501724,139.937326,6,-0.054,0.307,9.471,8.0
1425625580639,37.501718,139.937323,6,0.024,0.123,10.584,8.0
1425625580740,37.501711,139.937319,6,-0.081,0.184,10.352,8.0
1425625580841,37.501704,139.937316,6,-0.04,0.188,9.937,8.0
1425625580936,37.501698,139.937313,6,-0.07,0.254,9.658,8.0
1425625581037,37.501691,139.937309,6,-0.024,0.272,9.44,8.0
1425625581138,37.501684,139.937306,4,-0.027,0.353,9.041,8.0
1425625581238,37.501677,139.937302,4,0.02,0.338,9.088,8.0
1425625581339,37.50167,139.937298,4,0.008,0.203,9.558,8.0
1425625581440,37.501664,139.937294,4,-0.09,0.099,9.924,8.0
1425625581540,37.501657,139.937291,4,-0.117,0.103,10.068,8.0
1425625581636,37.50165,139.937287,4,-0.139,0.178,9.733,8.0
1425625581737,37.501643,139.937283,4,-0.129,0.269,9.309,8.0
1425625581837,37.501637,139.937279,4,-0.106,0.288,9.366,8.0
1425625581938,37.50163,139.937276,4,-0.12,0.22,9.67,8.0
1425625582039,37.501623,139.937272,4,-0.144,0.205,9.678,8.0
1425625582140,37.501616,139.937268,4,-0.203,0.225,9.45,8.007
1425625582240,37.501609,139.937263,4,-0.218,0.278,9.432,8.032
1425625586334,37.50132,139.937103,9,-0.151,0.295,9.369,8.5
1425625586337,37.50132,139.937103,9,-0.145,0.296,9.368,8.5
1425625586440,37.501313,139.937099,9,-0.109,0.26,9.377,8.5
1425625586536,37.501306,139.937096,9,-0.173,0.267,9.077,8.5
1425625586636,37.501299,139.937092,9,-0.14,0.266,9.037,8.5
1425625586737,37.501292,139.937088,9,-0.248,0.245,9.105,8.5
1425625586838,37.501285,139.937084,9,-0.25,0.209,9.365,8.5
1425625586938,37.501278,139.937081,9,-0.179,0.169,9.679,8.5
1425625587039,37.501271,139.937077,9,-0.231,0.04,9.938,8.5
1425625587140,37.501264,139.937072,12,-0.206,0.104,9.711,8.492
1425625587240,37.501258,139.937064,12,-0.158,0.111,9.507,8.467
1425625587336,37.501251,139.937057,12,-0.103,0.149,9.418,8.443
1425625587437,37.501245,139.937049,12,-0.08,0.158,9.547,8.417
1425625587538,37.501238,139.937042,12,-0.072,0.108,9.608,8.392
1425625587638,37.501232,139.937034,12,-0.06,0.107,9.59,8.367
1425625587739,37.501226,139.937027,12,-0.067,0.094,9.607,8.342
1425625587840,37.501219,139.937019,12,-0.052,0.065,9.798,8.317
1425625587940,37.501213,139.937012,12,-0.097,0.142,9.439,8.292
1425625588036,37.501207,139.937004,12,-0.137,0.197,9.187,8.268
1425625588137,37.5012,139.936999,12,-0.178,0.152,9.432,8.25
1425625588238,37.501193,139.936997,12,-0.206,0.086,9.817,8.25
1425625588338,37.501186,139.936996,12,-0.195,0.105,9.826,8.25
1425625588439,37.501179,139.936994,12,-0.214,0.08,9.632,8.25
1425625588540,37.501172,139.936993,12,-0.181,0.17,9.429,8.25
1425625588640,37.501165,139.936991,12,-0.194,0.14,9.469,8.25
1425625588736,37.501159,139.93699,12,-0.172,0.216,9.254,8.25
1425625588837,37.501152,139.936988,12,-0.141,0.179,9.486,8.25
1425625588937,37.501145,139.936987,12,-0.18,0.156,9.619,8.25
1425625589038,37.501138,139.936985,12,-0.231,0.122,9.595,8.25
1425625589139,37.501131,139.936983,8,-0.309,0.125,9.553,8.25
1425625589240,37.501124,139.936981,8,-0.392,0.092,9.527,8.25
1425625589340,37.501116,139.936978,8,-0.394,0.124,9.473,8.25
1425625589436,37.501109,139.936976,8,-0.36,0.107,9.379,8.25
1425625589537,37.501102,139.936973,8,-0.347,0.138,9.463,8.25
1425625589637,37.501095,139.93697,8,-0.339,0.123,9.62,8.25
1425625589738,37.501087,139.936968,8,-0.319,0.112,9.665,8.25
1425625589839,37.50108,139.936965,8,-0.249,0.157,9.512,8.25
1425625589940,37.501072,139.936962,8,-0.208,0.145,9.494,8.25
1425625590040,37.501065,139.93696,8,-0.205,0.159,9.62,8.25
1425625590136,37.501058,139.936957,9,-0.189,0.115,9.626,8.25
1425625590237,37.501051,139.936954,9,-0.211,0.134,9.539,8.25
1425625590337,37.501044,139.936951,9,-0.198,0.154,9.52,8.25
1425625590438,37.501037,139.936948,9,-0.176,0.177,9.522,8.25
1425625590539,37.50103,139.936946,9,-0.12,0.157,9.496,8.25
1425625590639,37.501024,139.936943,9,-0.103,0.178,9.404,8.25
1425625590740,37.501017,139.93694,9,-0.11,0.12,9.643,8.25
1425625590836,37.50101,139.936937,9,-0.096,0.096,9.814,8.25
1425625590936,37.501003,139.936934,9,-0.059,0.161,9.574,8.25
1425625591037,37.500996,139.936931,9,-0.066,0.192,9.388,8.25
1425625591138,37.500989,139.936928,9,-0.074,0.198,9.408,8.25
1425625591239,37.500982,139.936926,9,-0.099,0.138,9.624,8.25
1425625591339,37.500976,139.936923,9,-0.151,0.101,9.562,8.25
1425625591440,37.500969,139.936921,9,-0.202,0.107,9.82,8.25
1425625591536,37.500963,139.936918,9,-0.107,0.13,9.81,8.25
1425625591636,37.500956,139.936916,9,0.025,0.235,9.293,8.25
1425625591737,37.50095,139.936913,9,-0.005,0.225,9.257,8.25
1425625591838,37.500943,139.936911,9,-0.032,0.238,9.402,8.25
1425625591939,37.500936,139.936908,9,-0.095,0.134,9.52,8.25
1425625592039,37.50093,139.936906,9,-0.101,0.141,9.674,8.25
1425625592140,37.500923,139.936903,11,-0.029,0.043,10.134,8.25
1425625592236,37.500916,139.9369,11,0.067,0.122,9.789,8.25
1425625596334,37.500602,139.936769,9,0.024,0.234,9.443,8.555
1425625598334,37.500463,139.936723,6,0.019,0.243,9.429,8.75
1425625602332,37.50012,139.936601,7,0.012,0.249,9.422,9.0
1425625602337,37.50012,139.936601,7,0.005,0.249,9.423,9.0
1425625602437,37.500114,139.936598,7,-0.195,0.03,9.957,9.0
1425625602538,37.500107,139.936596,7,-0.326,-0.039,10.283,9.0
1425625602639,37.500101,139.936593,7,-0.408,-0.046,9.761,9.0
1425625602739,37.500095,139.936591,7,-0.413,0.067,9.21,9.0
1425625602840,37.500089,139.936588,7,-0.378,0.073,9.112,9.0
1425625602936,37.500083,139.936586,7,-0.319,0.069,9.251,9.0
1425625603037,37.500077,139.936584,7,-0.35,-0.019,9.559,9.0
1425625603142,37.50007,139.936581,5,-0.33,-0.114,9.596,8.992
1425625603238,37.500062,139.936578,5,-0.359,-0.19,9.913,8.968
1425625603339,37.500054,139.936575,5,-0.348,-0.237,9.877,8.942
1425625603439,37.500047,139.936572,5,-0.305,-0.381,9.597,8.917
1425625603540,37.500039,139.936569,5,-0.312,-0.187,9.004,8.892
1425625603636,37.500032,139.936566,5,-0.306,-0.146,9.08,8.868
1425625603737,37.500024,139.936562,5,-0.221,-0.223,9.399,8.842
1425625603837,37.500017,139.936559,5,-0.179,-0.364,9.786,8.818
1425625603938,37.500009,139.936556,5,-0.136,-0.39,9.864,8.792
1425625604039,37.500001,139.936553,5,-0.135,-0.363,9.564,8.768
1425625604139,37.499994,139.93655,5,-0.16,-0.277,9.242,8.735
1425625604240,37.499987,139.936545,5,-0.173,-0.23,9.335,8.683
1425625604336,37.499981,139.936541,5,-0.148,-0.261,9.448,8.634
1425625604436,37.499974,139.936537,5,-0.173,-0.315,9.557,8.584
1425625604537,37.499967,139.936533,5,-0.171,-0.334,9.663,8.533
1425625604638,37.499961,139.936529,5,-0.248,-0.381,9.929,8.482
1425625604739,37.499954,139.936524,5,-0.314,-0.316,9.748,8.432
1425625604839,37.499947,139.93652,5,-0.365,-0.226,9.272,8.383
1425625604940,37.499941,139.936516,5,-0.343,-0.196,9.071,8.333
1425625605036,37.499935,139.936512,5,-0.338,-0.281,9.418,8.286
1425625605136,37.499928,139.936508,5,-0.297,-0.281,9.547,8.243
1425625605237,37.499922,139.936506,5,-0.227,-0.266,9.551,8.218
1425625605338,37.499915,139.936504,5,-0.206,-0.34,9.871,8.192
1425625605438,37.499909,139.936502,5,-0.162,-0.343,9.759,8.167
1425625605539,37.499903,139.936499,5,-0.148,-0.222,9.214,8.142
1425625605640,37.499896,139.936497,5,-0.141,-0.258,9.403,8.117
1425625605741,37.49989,139.936495,5,-0.108,-0.278,9.72,8.091
1425625605836,37.499884,139.936493,5,-0.164,-0.284,9.621,8.068
1425625605937,37.499878,139.936491,5,-0.325,-0.257,9.461,8.043
1425625606038,37.499871,139.936489,5,-0.4,-0.258,9.473,8.018
1425625606138,37.499865,139.936486,4,-0.419,-0.271,9.583,7.986
1425625606239,37.49986,139.936482,4,-0.371,-0.217,9.331,7.934
1425625606340,37.499854,139.936478,4,-0.371,-0.25,9.558,7.882
1425625606441,37.499849,139.936474,4,-0.305,-0.349,9.849,7.831
1425625606536,37.499844,139.936471,4,-0.291,-0.326,9.781,7.783
1425625606637,37.499838,139.936467,4,-0.351,-0.286,9.517,7.732
1425625606738,37.499833,139.936463,4,-0.317,-0.258,9.302,7.682
1425625606838,37.499827,139.93646,4,-0.215,-0.264,9.347,7.633
1425625606939,37.499822,139.936456,4,-0.183,-0.196,9.203,7.583
1425625607040,37.499817,139.936453,4,-0.176,-0.257,9.266,7.534
1425625607140,37.499811,139.936449,4,-0.232,-0.382,9.633,7.5
1425625607236,37.499805,139.936445,4,-0.292,-0.455,9.886,7.5
1425625607337,37.499799,139.936442,4,-0.356,-0.501,9.85,7.5
1425625607437,37.499793,139.936438,4,-0.413,-0.466,9.612,7.5
1425625607538,37.499787,139.936435,4,-0.489,-0.486,9.414,7.5
1425625607639,37.499781,139.936431,4,-0.669,-0.433,9.236,7.5
1425625607740,37.499775,139.936427,4,-0.717,-0.52,9.583,7.5
1425625607840,37.499768,139.936424,4,-0.781,-0.569,9.66,7.5
1425625607936,37.499763,139.93642,4,-0.813,-0.596,9.542,7.5
1425625608037,37.499756,139.936417,4,-0.774,-0.586,9.395,7.5
1425625608137,37.499751,139.936413,4,-0.726,-0.566,9.424,7.471
1425625608238,37.499746,139.936412,4,-0.711,-0.598,9.409,7.364
1425625608339,37.499741,139.93641,4,-0.646,-0.626,9.383,7.258
1425625608439,37.499736,139.936408,4,-0.606,-0.691,9.676,7.155
1425625608540,37.499731,139.936406,4,-0.541,-0.755,9.775,7.052
1425625608636,37.499726,139.936404,4,-0.477,-0.742,9.626,6.956
1425625608737,37.499722,139.936402,4,-0.444,-0.732,9.442,6.856
1425625608837,37.499717,139.936401,4,-0.438,-0.714,9.362,6.759
1425625608938,37.499713,139.936399,4,-0.431,-0.763,9.59,6.662
1425625609039,37.499708,139.936397,4,-0.429,-0.805,9.525,6.566
1425625609139,37.499703,139.936395,4,-0.39,-0.831,9.305,6.5
1425625609236,37.499698,139.936393,4,-0.313,-0.855,9.372,6.5
1425625609336,37.499692,139.93639,4,-0.26,-0.943,9.711,6.5
1425625609437,37.499687,139.936388,4,-0.252,-1.036,9.947,6.5
1425625609537,37.499681,139.936385,4,-0.351,-1.108,9.675,6.5
1425625609638,37.499675,139.936383,4,-0.374,-1.097,9.412,6.5
1425625609739,37.49967,139.93638,4,-0.38,-1.133,9.419,6.5
1425625609839,37.499664,139.936378,4,-0.394,-1.153,9.532,6.5
1425625609940,37.499659,139.936375,4,-0.395,-1.233,9.554,6.5
1425625610036,37.499653,139.936373,4,-0.379,-1.203,9.472,6.5
1425625610137,37.499648,139.93637,7,-0.345,-1.18,9.416,6.454
1425625610237,37.499645,139.936365,7,-0.372,-1.202,9.411,6.288
1425625610338,37.499641,139.936361,7,-0.358,-1.237,9.585,6.124
1425625610439,37.499638,139.936356,7,-0.377,-1.279,9.628,5.963
1425625610539,37.499635,139.936352,7,-0.36,-1.235,9.536,5.809
1425625610640,37.499632,139.936348,7,-0.342,-1.202,9.34,5.656
1425625610736,37.499629,139.936344,7,-0.345,-1.217,9.251,5.515
1425625610836,37.499626,139.93634,7,-0.356,-1.259,9.581,5.372
1425625610937,37.499624,139.936336,7,-0.348,-1.282,9.828,5.232
1425625611038,37.499621,139.936333,7,-0.359,-1.265,9.626,5.095
1425625611139,37.499618,139.936329,7,-0.257,-1.339,9.658,5.0
1425625611239,37.499614,139.936327,7,-0.248,-1.298,9.489,5.0
1425625611340,37.499609,139.936325,7,-0.327,-1.304,9.226,5.0
1425625611436,37.499605,139.936322,7,-0.361,-1.33,9.385,5.0
1425625611536,37.499601,139.93632,7,-0.362,-1.391,9.55,5.0
1425625611637,37.499597,139.936318,7,-0.326,-1.434,9.64,5.0
1425625611738,37.499593,139.936316,7,-0.319,-1.473,9.761,5.0
1425625611838,37.499588,139.936313,7,-0.357,-1.444,9.53,5.0
1425625611939,37.499584,139.936311,7,-0.373,-1.44,9.256,5.0
1425625612040,37.49958,139.936309,7,-0.329,-1.475,9.353,5.0
1425625612136,37.499577,139.936307,8,-0.268,-1.539,9.632,4.846
1425625612236,37.499579,139.936305,8,-0.26,-1.574,9.815,4.28
1425625612337,37.499581,139.936304,8,-0.355,-1.558,9.602,3.754
1425625612438,37.499583,139.936303,8,-0.428,-1.518,9.227,3.274
1425625612538,37.499584,139.936302,8,-0.398,-1.555,9.232,2.844
1425625612639,37.499585,139.936301,8,-0.32,-1.582,9.626,2.456
1425625612740,37.499586,139.9363,8,-0.278,-1.609,9.899,2.113
1425625612840,37.499587,139.936299,8,-0.3,-1.505,9.692,1.819
1425625612936,37.499588,139.936299,8,-0.354,-1.356,9.373,1.579
1425625613037,37.499589,139.936298,8,-0.363,-1.221,9.344,1.371
1425625613138,37.499589,139.936298,8,-0.31,-1.106,9.523,1.204
1425625613238,37.499589,139.936298,8,-0.254,-1.046,9.61,1.048
1425625613339,37.499589,139.936299,8,-0.211,-1.011,9.573,0.903
1425625613440,37.499589,139.936299,8,-0.233,-0.941,9.513,0.773
1425625613540,37.499589,139.936299,8,-0.3,-0.899,9.441,0.657
1425625613636,37.499589,139.936299,8,-0.342,-0.863,9.452,0.558
1425625613737,37.499589,139.9363,8,-0.374,-0.826,9.572,0.467
1425625613837,37.499589,139.9363,8,-0.374,-0.825,9.599,0.391
1425625613938,37.499589,139.9363,8,-0.326,-0.81,9.509,0.327
1425625614039,37.499589,139.9363,8,-0.269,-0.758,9.469,0.277
1425625614140,37.499589,139.9363,5,-0.225,-0.72,9.524,0.235
1425625614240,37.499589,139.936299,5,-0.236,-0.736,9.575,0.189
1425625614341,37.499588,139.936298,5,-0.281,-0.615,9.649,0.148
1425625614437,37.499588,139.936297,5,-0.312,-0.379,9.742,0.113
1425625614536,37.499588,139.936296,5,-0.267,-0.016,9.714,0.082
1425625614638,37.499587,139.936295,5,-0.216,0.194,9.412,0.056
1425625614737,37.499587,139.936295,5,-0.215,0.2,9.19,0.035
1425625614840,37.499587,139.936294,5,-0.238,0.157,9.367,0.018
1425625614939,37.499587,139.936294,5,-0.255,0.061,9.634,0.007
1425625615036,37.499587,139.936294,5,-0.297,-0.101,9.677,0.001
1425625659332,37.499467,139.93622,4,-0.22,0.067,9.553,3.25
1425625659337,37.499467,139.93622,4,-0.217,0.066,9.556,3.25
1425625659438,37.499466,139.936217,4,0.098,-0.21,9.712,3.25
1425625659539,37.499465,139.936213,4,0.287,-0.344,9.8,3.25
1425625659640,37.499464,139.93621,4,0.53,-0.34,9.722,3.25
1425625659740,37.499462,139.936207,4,0.85,-0.286,9.561,3.25
1425625659836,37.499461,139.936203,4,1.115,-0.239,9.233,3.25
1425625659937,37.49946,139.9362,4,1.185,-0.208,9.056,3.25
1425625660037,37.499459,139.936196,4,1.161,-0.218,9.161,3.25
1425625660138,37.499458,139.936193,4,1.227,-0.363,9.619,3.257
1425625660239,37.499459,139.936189,4,1.252,-0.507,10.005,3.281
1425625660339,37.499459,139.936186,4,1.276,-0.568,9.879,3.306
1425625660440,37.499459,139.936182,4,1.148,-0.541,9.604,3.33
1425625660536,37.49946,139.936179,4,1.05,-0.465,9.362,3.354
1425625660636,37.49946,139.936175,4,0.916,-0.438,9.283,3.379
1425625660737,37.49946,139.936171,4,0.797,-0.443,9.328,3.405
1425625660838,37.499461,139.936167,4,0.674,-0.448,9.411,3.43
1425625660939,37.499461,139.936164,4,0.621,-0.418,9.445,3.456
1425625661039,37.499462,139.93616,4,0.595,-0.46,9.638,3.482
1425625661140,37.499462,139.936156,4,0.615,-0.498,9.784,3.507
1425625661236,37.499463,139.936152,4,0.616,-0.449,9.584,3.531
1425625661336,37.499463,139.936147,4,0.56,-0.351,9.287,3.555
1425625661437,37.499464,139.936143,4,0.524,-0.301,9.401,3.58
1425625661538,37.499464,139.936139,4,0.519,-0.241,9.659,3.605
1425625661639,37.499465,139.936134,4,0.558,-0.154,9.573,3.63
1425625661739,37.499465,139.93613,4,0.606,-0.104,9.522,3.655
1425625661840,37.499466,139.936125,4,0.62,-0.13,9.656,3.681
1425625661936,37.499466,139.936121,4,0.589,-0.172,9.673,3.705
1425625662036,37.499467,139.936116,4,0.582,-0.139,9.478,3.731
1425625662137,37.499467,139.936112,4,0.548,-0.121,9.397,3.75
1425625662238,37.499469,139.936108,4,0.459,-0.129,9.647,3.75
1425625662338,37.499471,139.936104,4,0.371,-0.104,9.79,3.75
1425625662439,37.499473,139.9361,4,0.358,-0.139,9.797,3.75
1425625662540,37.499474,139.936096,4,0.327,-0.164,9.775,3.75
1425625662636,37.499476,139.936092,4,0.217,-0.16,9.579,3.75
1425625662736,37.499478,139.936088,4,0.054,-0.087,9.456,3.75
1425625662837,37.499479,139.936084,4,-0.091,-0.066,9.419,3.75
1425625662938,37.499481,139.93608,4,-0.172,-0.116,9.431,3.75
1425625663038,37.499483,139.936076,4,-0.174,-0.206,9.529,3.75
1425625663139,37.499484,139.936072,4,-0.052,-0.202,9.604,3.757
1425625663240,37.499485,139.936067,4,0.077,-0.172,9.486,3.782
1425625663341,37.499486,139.936063,4,0.128,-0.137,9.408,3.806
1425625663436,37.499488,139.936059,4,0.13,-0.159,9.487,3.83
1425625663537,37.499489,139.936055,4,0.141,-0.164,9.623,3.855
1425625663638,37.49949,139.93605,4,0.086,-0.198,9.656,3.88
1425625663738,37.499491,139.936046,4,-0.014,-0.178,9.646,3.905
1425625663839,37.499492,139.936041,4,-0.056,-0.165,9.526,3.931
1425625663940,37.499493,139.936037,4,-0.07,-0.139,9.426,3.956
1425625664040,37.499494,139.936032,4,-0.053,-0.085,9.501,3.982
1425625664136,37.499495,139.936028,3,0.013,0.036,9.677,4.0
1425625664237,37.499497,139.936023,3,0.044,0.165,9.58,4.0
1425625664338,37.499498,139.936019,3,0.048,0.256,9.467,4.0
1425625664438,37.499499,139.936014,3,0.001,0.268,9.446,4.0
1425625664539,37.499501,139.936009,3,-0.018,0.252,9.574,4.0
1425625664640,37.499502,139.936005,3,-0.035,0.218,9.567,4.0
1425625664740,37.499503,139.936,3,-0.063,0.201,9.511,4.0
1425625664836,37.499504,139.935996,3,-0.068,0.182,9.48,4.0
1425625664937,37.499506,139.935991,3,-0.092,0.19,9.409,4.0
1425625665037,37.499507,139.935986,3,-0.114,0.175,9.376,4.0
1425625665138,37.499508,139.935982,5,-0.145,0.162,9.502,4.019
1425625665239,37.49951,139.935976,5,-0.147,0.114,9.74,4.09
1425625665340,37.499512,139.935971,5,-0.158,0.118,9.67,4.161
1425625665440,37.499513,139.935966,5,-0.126,0.136,9.583,4.233
1425625665536,37.499515,139.93596,5,-0.103,0.173,9.482,4.304
1425625665637,37.499517,139.935955,5,-0.07,0.204,9.417,4.379
1425625665737,37.499518,139.935949,5,-0.082,0.155,9.58,4.455
1425625665838,37.49952,139.935943,5,-0.111,0.116,9.801,4.533
1425625665939,37.499522,139.935937,5,-0.131,0.131,9.605,4.613
1425625666039,37.499524,139.935931,5,-0.148,0.185,9.293,4.693
1425625666140,37.499525,139.935925,5,-0.154,0.193,9.234,4.75
1425625666236,37.499527,139.93592,5,-0.145,0.141,9.484,4.75
1425625666337,37.499528,139.935915,5,-0.114,0.084,9.648,4.75
1425625666437,37.49953,139.935909,5,-0.079,0.047,9.6,4.75
1425625666538,37.499531,139.935903,5,-0.066,0.019,9.739,4.75
1425625666639,37.499533,139.935898,5,-0.064,0.037,9.616,4.75
1425625666739,37.499534,139.935892,5,-0.052,0.063,9.514,4.75
1425625666840,37.499536,139.935887,5,-0.099,0.084,9.593,4.75
1425625666936,37.499537,139.935882,5,-0.079,0.059,9.664,4.75
1425625667036,37.499539,139.935876,5,-0.069,0.038,9.629,4.75
1425625667137,37.499541,139.93587,5,-0.069,0.057,9.478,4.774
1425625667238,37.499542,139.935862,5,-0.098,0.084,9.351,4.867
1425625667339,37.499544,139.935855,5,-0.071,0.055,9.428,4.962
1425625667439,37.499546,139.935847,5,-0.009,0.012,9.626,5.058
1425625667540,37.499549,139.935839,5,0.015,-0.034,9.638,5.157
1425625667636,37.499551,139.935831,5,0.027,-0.028,9.581,5.252
1425625667736,37.499553,139.935823,5,0.0,-0.042,9.479,5.354
1425625667837,37.499555,139.935814,5,-0.036,-0.088,9.625,5.458
1425625667938,37.499557,139.935805,5,-0.029,-0.124,9.819,5.564
1425625668039,37.499559,139.935796,5,-0.029,-0.093,9.699,5.673
1425625668139,37.499561,139.935788,5,-0.034,-0.07,9.409,5.743
1425625668240,37.49956,139.935782,5,-0.04,-0.12,9.284,5.717
1425625668336,37.49956,139.935777,5,-0.033,-0.21,9.529,5.693
1425625668436,37.49956,139.935771,5,-0.038,-0.257,9.689,5.667
1425625668537,37.499559,139.935765,5,-0.068,-0.279,9.555,5.642
1425625668638,37.499559,139.935759,5,-0.071,-0.278,9.352,5.617
1425625668738,37.499558,139.935753,5,-0.07,-0.362,9.516,5.592
1425625668839,37.499558,139.935747,5,-0.084,-0.422,9.62,5.567
1425625668940,37.499558,139.935742,5,-0.121,-0.466,9.691,5.542
1425625669036,37.499557,139.935736,5,-0.138,-0.503,9.833,5.518
1425625669137,37.499557,139.93573,6,-0.152,-0.438,9.516,5.493
1425625669237,37.499558,139.935721,6,-0.152,-0.376,9.305,5.468
1425625669338,37.49956,139.935713,6,-0.123,-0.366,9.406,5.442
1425625669438,37.499561,139.935705,6,-0.123,-0.423,9.635,5.417
1425625669539,37.499562,139.935697,6,-0.135,-0.44,9.626,5.391
1425625669640,37.499563,139.935689,6,-0.16,-0.441,9.517,5.366
1425625669736,37.499564,139.935681,6,-0.178,-0.415,9.556,5.342
1425625669836,37.499565,139.935673,6,-0.146,-0.371,9.382,5.317
1425625669937,37.499566,139.935665,6,-0.119,-0.4,9.559,5.292
1425625670038,37.499567,139.935657,6,-0.09,-0.495,9.772,5.268
1425625670138,37.499568,139.935649,6,-0.072,-0.508,9.675,5.25
1425625670239,37.499569,139.935644,6,-0.063,-0.419,9.44,5.25
1425625670340,37.499571,139.935638,6,-0.034,-0.404,9.594,5.25
1425625670440,37.499572,139.935633,6,-0.024,-0.399,9.607,5.25
1425625670536,37.499573,139.935627,6,-0.024,-0.413,9.423,5.25
1425625670637,37.499574,139.935621,6,-0.027,-0.387,9.403,5.25
1425625670738,37.499575,139.935616,6,-0.06,-0.38,9.503,5.25
1425625670838,37.499576,139.93561,6,-0.052,-0.368,9.527,5.25
1425625670939,37.499577,139.935605,6,-0.04,-0.389,9.424,5.25
1425625671040,37.499578,139.935599,6,-0.016,-0.407,9.56,5.25
1425625671140,37.499579,139.935593,5,0.004,-0.429,9.599,5.25
1425625671236,37.49958,139.935588,5,0.009,-0.389,9.499,5.25
1425625671342,37.499581,139.935581,5,-0.011,-0.393,9.614,5.25
1425625671437,37.499582,139.935576,5,-0.034,-0.417,9.681,5.25
1425625671536,37.499583,139.93557,5,-0.083,-0.453,9.597,5.25
1425625671639,37.499584,139.935564,5,-0.077,-0.396,9.472,5.25
1425625671738,37.499585,139.935558,5,-0.086,-0.371,9.476,5.25
1425625671840,37.499586,139.935552,5,-0.065,-0.378,9.61,5.25
1425625671936,37.499587,139.935546,5,-0.033,-0.396,9.626,5.25
1425625672037,37.499588,139.93554,5,-0.027,-0.423,9.629,5.25
1425625672137,37.499589,139.935534,6,-0.041,-0.418,9.626,5.236
1425625672238,37.49959,139.935528,6,-0.058,-0.401,9.519,5.183
1425625672339,37.49959,139.935521,6,-0.057,-0.408,9.575,5.131
1425625672439,37.499591,139.935515,6,-0.04,-0.413,9.677,5.08
1425625672540,37.499591,139.935508,6,-0.029,-0.462,9.592,5.029
1425625672636,37.499592,139.935502,6,-0.016,-0.455,9.459,4.981
1425625672737,37.499592,139.935496,6,0.011,-0.467,9.346,4.931
1425625672837,37.499593,139.93549,6,0.001,-0.554,9.507,4.882
1425625672938,37.499593,139.935483,6,-0.0,-0.678,9.646,4.832
1425625673039,37.499594,139.935477,6,-0.078,-0.75,9.491,4.784
1425625673139,37.499594,139.935471,6,-0.109,-0.812,9.515,4.735
1425625673240,37.499594,139.935465,6,-0.081,-0.799,9.513,4.682
1425625673336,37.499595,139.93546,6,-0.026,-0.811,9.565,4.632
1425625673436,37.499595,139.935454,6,0.016,-0.819,9.524,4.581
1425625673537,37.499595,139.935449,6,-0.007,-0.852,9.546,4.53
1425625673638,37.499596,139.935443,6,-0.067,-0.849,9.554,4.479
1425625673739,37.499596,139.935438,6,-0.072,-0.873,9.54,4.429
1425625673839,37.499596,139.935432,6,-0.096,-0.911,9.604,4.38
1425625673940,37.499597,139.935427,6,-0.201,-0.93,9.633,4.331
1425625674036,37.499597,139.935422,6,-0.208,-0.912,9.283,4.285
1425625674136,37.499597,139.935417,6,-0.19,-0.971,9.228,4.25
1425625674237,37.499599,139.935413,6,-0.175,-1.077,9.584,4.25
1425625674338,37.4996,139.935408,6,-0.117,-1.189,9.843,4.25
1425625674439,37.499602,139.935404,6,-0.086,-1.248,9.647,4.25
1425625674539,37.499603,139.9354,6,-0.059,-1.233,9.485,4.25
1425625674640,37.499604,139.935396,6,-0.096,-1.185,9.491,4.25
1425625674736,37.499606,139.935392,6,-0.146,-1.167,9.553,4.25
1425625674836,37.499607,139.935388,6,-0.185,-1.171,9.536,4.25
1425625674937,37.499609,139.935383,6,-0.175,-1.187,9.498,4.25
1425625675038,37.49961,139.935379,6,-0.19,-1.169,9.402,4.25
1425625675139,37.499611,139.935375,7,-0.212,-1.086,9.376,4.25
1425625675240,37.499613,139.93537,7,-0.229,-1.063,9.622,4.25
1425625675340,37.499614,139.935366,7,-0.211,-1.002,9.699,4.25
1425625675436,37.499616,139.935362,7,-0.163,-0.934,9.415,4.25
1425625675536,37.499617,139.935358,7,-0.099,-0.903,9.323,4.25
1425625675637,37.499619,139.935353,7,-0.043,-0.887,9.48,4.25
1425625675738,37.49962,139.935349,7,-0.054,-0.938,9.594,4.25
1425625675838,37.499622,139.935345,7,-0.077,-0.924,9.635,4.25
1425625675939,37.499623,139.93534,7,-0.116,-0.893,9.594,4.25
1425625676040,37.499625,139.935336,7,-0.148,-0.934,9.551,4.25
1425625676136,37.499626,139.935334,12,-0.145,-0.93,9.551,4.131
1425625676236,37.499627,139.935339,12,-0.179,-0.941,9.547,3.692
1425625676337,37.499627,139.935343,12,-0.218,-0.926,9.449,3.282
1425625676438,37.499628,139.935347,12,-0.203,-0.891,9.375,2.905
1425625676538,37.499628,139.93535,12,-0.172,-0.966,9.56,2.565
1425625676639,37.499629,139.935354,12,-0.139,-1.016,9.754,2.255
1425625676740,37.499629,139.935356,12,-0.102,-0.979,9.575,1.979
1425625676840,37.499629,139.935359,12,-0.084,-0.925,9.364,1.737
1425625676936,37.49963,139.935361,12,-0.107,-0.935,9.45,1.537
1425625677037,37.49963,139.935363,12,-0.164,-0.944,9.605,1.358
1425625677137,37.49963,139.935364,12,-0.216,-0.943,9.643,1.205
1425625677238,37.499629,139.935364,12,-0.199,-0.919,9.523,1.048
1425625677339,37.499628,139.935364,12,-0.15,-0.913,9.38,0.903
1425625677440,37.499627,139.935364,12,-0.134,-0.935,9.428,0.773
1425625677540,37.499626,139.935363,12,-0.14,-0.961,9.626,0.657
1425625677636,37.499626,139.935363,12,-0.127,-0.975,9.715,0.558
1425625677737,37.499625,139.935363,12,-0.139,-0.948,9.541,0.467
1425625677837,37.499625,139.935363,12,-0.14,-0.931,9.415,0.391
1425625677938,37.499624,139.935363,12,-0.1,-0.944,9.516,0.327
1425625678039,37.499624,139.935363,12,-0.09,-0.962,9.609,0.277
1425625678140,37.499623,139.935362,6,-0.126,-0.955,9.582,0.235
1425625678241,37.499621,139.93536,6,-0.161,-0.96,9.507,0.189
1425625678336,37.49962,139.935358,6,-0.17,-0.959,9.474,0.15
1425625678437,37.499618,139.935356,6,-0.16,-0.842,9.58,0.113
1425625678537,37.499617,139.935355,6,-0.132,-0.569,9.754,0.082
1425625678638,37.499615,139.935354,6,-0.073,-0.352,9.706,0.056
1425625678739,37.499615,139.935353,6,-0.064,-0.187,9.416,0.034
1425625678840,37.499614,139.935352,6,-0.082,-0.088,9.277,0.018
1425625678940,37.499613,139.935351,6,-0.082,-0.067,9.447,0.007
1425625679036,37.499613,139.935351,6,-0.101,-0.123,9.65,0.001
1425625694137,37.499648,139.935381,6,-0.061,0.81,9.506,0.001
1425625694238,37.499648,139.935381,6,-0.081,0.898,9.519,0.02
1425625709334,37.499912,139.934259,7,-0.066,1.051,9.627,10.443
1425625709339,37.499912,139.934259,7,-0.066,1.046,9.633,10.442
1425625709440,37.499916,139.934247,7,-0.113,0.495,9.601,10.417
1425625709540,37.499919,139.934236,7,-0.125,0.049,9.654,10.392
1425625709636,37.499923,139.934225,7,-0.051,-0.191,9.824,10.368
1425625709737,37.499927,139.934213,7,0.01,-0.328,9.986,10.343
1425625709837,37.499931,139.934202,7,0.046,-0.372,9.769,10.318
1425625709938,37.499935,139.93419,7,0.083,-0.384,9.549,10.293
1425625710039,37.499938,139.934179,7,0.053,-0.375,9.548,10.268
1425625710139,37.499942,139.934168,5,0.024,-0.336,9.653,10.25
1425625710240,37.499945,139.934157,5,-0.041,-0.379,9.524,10.25
1425625710336,37.499948,139.934146,5,-0.063,-0.372,9.389,10.25
1425625710437,37.499951,139.934135,5,-0.065,-0.344,9.349,10.25
1425625710537,37.499954,139.934124,5,-0.042,-0.294,9.174,10.25
1425625710638,37.499957,139.934113,5,-0.019,-0.3,8.982,10.25
1425625710739,37.49996,139.934102,5,-0.011,-0.377,9.173,10.25
1425625710839,37.499963,139.934092,5,-0.005,-0.527,9.529,10.25
1425625710940,37.499966,139.934081,5,0.082,-0.705,9.888,10.25
1425625711036,37.499969,139.93407,5,0.112,-0.956,9.931,10.25
1425625711137,37.499972,139.934059,5,0.132,-1.243,9.759,10.229
1425625711237,37.499975,139.934048,5,0.131,-1.449,9.777,10.152
1425625711338,37.499979,139.934036,5,0.13,-1.505,9.688,10.074
1425625711439,37.499982,139.934025,5,0.153,-1.518,9.562,9.997
1425625711539,37.499985,139.934014,5,0.09,-1.512,9.54,9.921
1425625711640,37.499989,139.934003,5,0.033,-1.541,9.454,9.845
1425625711736,37.499992,139.933993,5,-0.061,-1.618,9.382,9.774
1425625711836,37.499995,139.933982,5,-0.224,-1.68,9.302,9.7
1425625711937,37.499998,139.933971,5,-0.336,-1.703,9.346,9.626
1425625712038,37.500002,139.933961,5,-0.378,-1.733,9.464,9.552
1425625712139,37.500004,139.93395,5,-0.382,-1.758,9.469,9.435
1425625712239,37.500006,139.933941,5,-0.323,-1.716,9.189,9.216
1425625712340,37.500008,139.933931,5,-0.306,-1.73,9.261,8.998
1425625712436,37.500009,139.933923,5,-0.252,-1.748,9.483,8.796
1425625712536,37.500011,139.933914,5,-0.24,-1.744,9.658,8.59
1425625712637,37.500012,139.933905,5,-0.224,-1.774,9.812,8.387
1425625712738,37.500014,139.933897,5,-0.161,-1.65,9.577,8.189
1425625712839,37.500015,139.933888,5,-0.153,-1.584,9.471,7.996
1425625712939,37.500017,139.93388,5,-0.148,-1.587,9.574,7.809
1425625713040,37.500018,139.933872,5,-0.114,-1.544,9.591,7.625
1425625713136,37.50002,139.933865,5,-0.12,-1.575,9.62,7.5
1425625713236,37.500022,139.933856,5,-0.128,-1.524,9.534,7.5
1425625713337,37.500024,139.933848,5,-0.108,-1.507,9.504,7.5
1425625713438,37.500026,139.933839,5,-0.105,-1.551,9.531,7.5
1425625713538,37.500028,139.933831,5,-0.158,-1.575,9.542,7.5
1425625713639,37.50003,139.933823,5,-0.17,-1.583,9.452,7.5
1425625713740,37.500032,139.933814,5,-0.221,-1.583,9.338,7.5
1425625713841,37.500034,139.933806,5,-0.243,-1.724,9.395,7.5
1425625713936,37.500036,139.933798,5,-0.191,-1.831,9.459,7.5
1425625714042,37.500038,139.933789,5,-0.157,-1.892,9.332,7.5
1425625714138,37.50004,139.933781,6,-0.131,-1.961,9.472,7.5
1425625714237,37.500042,139.933773,6,-0.162,-2.001,9.375,7.5
1425625714339,37.500044,139.933765,6,-0.212,-2.141,9.801,7.5
1425625714438,37.500046,139.933757,6,-0.199,-2.168,9.923,7.5
1425625714540,37.500048,139.933749,6,-0.214,-2.056,9.457,7.5
1425625714636,37.50005,139.933741,6,-0.267,-2.028,9.163,7.5
1425625714737,37.500052,139.933733,6,-0.325,-2.078,9.457,7.5
1425625714838,37.500054,139.933725,6,-0.359,-2.09,9.687,7.5
1425625714938,37.500056,139.933717,6,-0.482,-2.033,9.331,7.5
1425625715039,37.500058,139.933709,6,-0.593,-2.007,9.252,7.5
1425625715140,37.50006,139.933701,10,-0.695,-2.051,9.458,7.468
1425625715240,37.500062,139.933695,10,-0.766,-2.045,9.424,7.362
1425625715336,37.500064,139.933689,10,-0.862,-2.097,9.466,7.262
1425625715437,37.500067,139.933683,10,-0.94,-2.11,9.674,7.157
1425625715537,37.500069,139.933677,10,-1.123,-2.041,9.739,7.056
1425625715638,37.500071,139.933671,10,-1.258,-1.92,9.511,6.954
1425625715739,37.500073,139.933665,10,-1.339,-1.771,9.354,6.854
1425625715840,37.500075,139.933659,10,-1.485,-1.638,9.48,6.756
1425625715940,37.500077,139.933653,10,-1.595,-1.537,9.706,6.66
1425625716036,37.500079,139.933648,10,-1.613,-1.447,9.523,6.569
1425625716137,37.500079,139.933644,17,-1.56,-1.384,9.185,6.384
1425625716237,37.500071,139.933644,17,-1.55,-1.403,9.155,5.967
1425625716338,37.500064,139.933645,17,-1.424,-1.41,9.369,5.568
1425625716439,37.500057,139.933645,17,-1.272,-1.523,9.886,5.192
1425625716540,37.500051,139.933645,17,-1.353,-1.628,10.108,4.837
1425625716640,37.500045,139.933645,17,-1.524,-1.561,9.847,4.508
1425625716736,37.500039,139.933645,17,-1.645,-1.328,9.395,4.212
1425625716837,37.500034,139.933646,17,-1.611,-1.047,9.114,3.922
1425625716937,37.500029,139.933646,17,-1.564,-0.883,9.119,3.657
1425625717038,37.500025,139.933646,17,-1.507,-0.969,9.645,3.412
1425625717139,37.500022,139.933646,17,-1.576,-0.977,9.78,3.225
1425625717240,37.50002,139.933644,17,-1.626,-0.925,9.33,3.141
1425625717340,37.500019,139.933643,17,-1.551,-0.802,9.287,3.06
1425625717436,37.500017,139.933642,17,-1.452,-0.596,9.113,2.984
1425625717537,37.500016,139.93364,17,-1.301,-0.443,8.955,2.906
1425625717637,37.500015,139.933639,17,-1.157,-0.447,9.493,2.83
1425625717738,37.500013,139.933638,17,-1.278,-0.684,10.084,2.756
1425625717839,37.500012,139.933637,17,-1.284,-0.675,9.799,2.684
1425625717939,37.500011,139.933636,17,-1.302,-0.835,10.076,2.614
1425625718040,37.50001,139.933635,17,-1.48,-0.745,9.557,2.546
1425625718136,37.500008,139.933635,9,-1.479,-0.611,8.967,2.5
1425625718236,37.500006,139.933638,9,-1.424,-0.604,8.89,2.5
1425625718337,37.500003,139.933641,9,-1.291,-0.641,9.212,2.5
1425625718438,37.5,139.933645,9,-1.017,-0.593,9.631,2.5
1425625718539,37.499998,139.933648,9,-0.768,-0.54,9.502,2.5
1425625718639,37.499995,139.933651,9,-0.557,-0.471,9.525,2.5
1425625718740,37.499993,139.933654,9,-0.451,-0.375,9.741,2.5
1425625718836,37.49999,139.933657,9,-0.526,-0.215,9.536,2.5
1425625718936,37.499988,139.93366,9,-0.629,-0.113,9.14,2.5
1425625719037,37.499985,139.933664,9,-0.572,-0.094,9.075,2.5
1425625719138,37.499982,139.933666,9,-0.24,0.038,9.47,2.5
1425625719238,37.49998,139.933665,9,0.182,0.31,9.989,2.5
1425625719339,37.499978,139.933665,9,0.403,0.686,9.968,2.5
1425625719440,37.499976,139.933664,9,0.278,0.79,9.555,2.5
1425625719541,37.499974,139.933664,9,0.061,0.711,9.334,2.5
1425625719636,37.499972,139.933663,9,-0.108,0.662,9.559,2.5
1425625719737,37.49997,139.933663,9,-0.313,0.677,10.026,2.5
1425625719838,37.499968,139.933662,9,-0.399,0.925,10.092,2.5
1425625719938,37.499966,139.933662,9,-0.445,1.106,9.592,2.5
1425625720039,37.499963,139.933661,9,-0.331,1.276,9.274,2.5
1425625720140,37.499961,139.93366,8,-0.197,1.341,9.133,2.535
1425625720241,37.499956,139.933657,8,-0.118,1.304,9.306,2.657
1425625725331,37.499692,139.933542,5,-0.072,1.183,9.747,6.444
1425625725336,37.499692,139.933542,5,-0.07,1.167,9.763,6.443
1425625725437,37.499687,139.93354,5,-0.021,0.471,9.695,6.417
1425625725538,37.499683,139.933539,5,-0.016,-0.072,9.568,6.392
1425625725638,37.499679,139.933537,5,-0.028,-0.444,9.689,6.367
1425625725739,37.499675,139.933536,5,-0.056,-0.68,9.719,6.342
1425625725840,37.499671,139.933534,5,-0.054,-0.795,9.667,6.317
1425625725936,37.499667,139.933533,5,-0.058,-0.854,9.591,6.293
1425625726036,37.499663,139.933531,5,-0.043,-0.901,9.518,6.268
1425625726137,37.499659,139.933529,5,-0.046,-0.925,9.518,6.25
1425625726238,37.499653,139.933527,5,-0.116,-0.987,9.511,6.25
1425625726338,37.499648,139.933525,5,-0.15,-1.065,9.526,6.25
1425625726439,37.499643,139.933523,5,-0.175,-1.191,9.526,6.25
1425625726540,37.499637,139.933521,5,-0.199,-1.286,9.507,6.25
1425625726636,37.499632,139.933519,5,-0.192,-1.353,9.48,6.25
1425625726736,37.499627,139.933517,5,-0.197,-1.416,9.493,6.25
1425625726837,37.499621,139.933515,5,-0.212,-1.457,9.538,6.25
1425625726938,37.499616,139.933513,5,-0.23,-1.457,9.473,6.25
1425625727038,37.499611,139.933511,5,-0.183,-1.473,9.446,6.25
1425625727139,37.499606,139.933509,6,-0.143,-1.462,9.512,6.191
1425625727240,37.499603,139.933507,6,-0.149,-1.489,9.47,5.99
1425625727340,37.499601,139.933505,6,-0.187,-1.533,9.476,5.797
1425625727436,37.499598,139.933503,6,-0.215,-1.546,9.495,5.617
1425625727537,37.499595,139.933501,6,-0.19,-1.589,9.459,5.433
1425625727637,37.499593,139.933499,6,-0.167,-1.657,9.447,5.257
1425625727738,37.49959,139.933497,6,-0.127,-1.632,9.488,5.084
1425625727839,37.499588,139.933495,6,-0.14,-1.628,9.509,4.918
1425625727940,37.499586,139.933493,6,-0.156,-1.672,9.563,4.757
1425625728040,37.499583,139.933491,6,-0.17,-1.724,9.539,4.604
1425625728141,37.499581,139.933489,7,-0.152,-1.735,9.582,4.5
1425625728237,37.499577,139.933488,7,-0.15,-1.728,9.583,4.5
1425625728336,37.499573,139.933486,7,-0.18,-1.72,9.498,4.5
1425625728438,37.49957,139.933484,7,-0.157,-1.711,9.453,4.5
1425625728537,37.499566,139.933483,7,-0.15,-1.762,9.514,4.5
1425625728640,37.499562,139.933481,7,-0.095,-1.802,9.622,4.5
1425625728739,37.499558,139.933479,7,-0.066,-1.774,9.528,4.5
1425625728836,37.499554,139.933478,7,-0.102,-1.724,9.354,4.5
1425625728937,37.499551,139.933476,7,-0.124,-1.599,9.453,4.5
1425625729037,37.499547,139.933474,7,-0.111,-1.512,9.66,4.5
1425625729138,37.499544,139.933473,8,-0.073,-1.421,9.634,4.375
1425625729239,37.499544,139.933473,8,-0.076,-1.331,9.517,3.944
1425625729339,37.499544,139.933472,8,-0.103,-1.279,9.413,3.548
1425625729440,37.499544,139.933472,8,-0.139,-1.301,9.413,3.178
1425625729536,37.499544,139.933472,8,-0.151,-1.348,9.514,2.855
1425625729637,37.499544,139.933472,8,-0.142,-1.344,9.565,2.545
1425625729737,37.499544,139.933472,8,-0.1,-1.277,9.555,2.268
1425625729838,37.499544,139.933471,8,-0.069,-1.059,9.617,2.019
1425625729939,37.499544,139.933471,8,-0.08,-0.801,9.609,1.8
1425625730039,37.499544,139.933471,8,-0.098,-0.615,9.471,1.614
1425625730140,37.499544,139.933471,8,-0.096,-0.528,9.349,1.5
1425625730236,37.499542,139.933471,8,-0.06,-0.524,9.399,1.5
1425625730336,37.499541,139.933471,8,-0.02,-0.525,9.581,1.5
1425625730437,37.499539,139.933471,8,-0.019,-0.508,9.631,1.5
1425625730538,37.499538,139.933471,8,-0.048,-0.482,9.528,1.5
1425625730639,37.499537,139.93347,8,-0.067,-0.457,9.451,1.5
1425625730739,37.499535,139.93347,8,-0.069,-0.447,9.502,1.5
1425625730840,37.499534,139.93347,8,-0.06,-0.352,9.63,1.5
1425625730936,37.499532,139.93347,8,-0.029,-0.237,9.667,1.5
1425625731036,37.499531,139.93347,8,0.006,-0.138,9.555,1.5
1425625731137,37.49953,139.93347,10,0.012,-0.077,9.405,1.5
1425625731238,37.499528,139.93347,10,-0.011,-0.063,9.421,1.5
1425625731338,37.499527,139.93347,10,-0.032,-0.053,9.566,1.5
1425625731439,37.499525,139.93347,10,-0.042,-0.051,9.639,1.5
1425625731540,37.499524,139.93347,10,-0.032,-0.053,9.539,1.5
1425625731636,37.499523,139.93347,10,-0.023,-0.084,9.458,1.5
1425625731736,37.499521,139.93347,10,-0.003,-0.088,9.497,1.5
1425625731837,37.49952,139.93347,10,-0.008,-0.071,9.597,1.5
1425625731938,37.499518,139.93347,10,-0.026,-0.073,9.597,1.5
1425625732038,37.499517,139.93347,10,-0.034,-0.039,9.54,1.5
1425625732139,37.499516,139.933467,20,-0.03,-0.031,9.492,1.457
1425625732240,37.499517,139.933456,20,-0.022,-0.033,9.532,1.313
1425625732336,37.499519,139.933446,20,-0.015,-0.05,9.59,1.187
1425625732436,37.499519,139.933437,20,-0.014,-0.066,9.551,1.064
1425625732537,37.49952,139.933428,20,-0.015,-0.078,9.479,0.951
1425625732638,37.499521,139.93342,20,-0.007,-0.124,9.46,0.847
1425625732738,37.499522,139.933413,20,-0.026,-0.329,9.491,0.755
1425625732839,37.499523,139.933407,20,-0.049,-0.497,9.534,0.672
1425625732940,37.499523,139.933402,20,-0.062,-0.642,9.604,0.599
1425625733036,37.499524,139.933397,20,-0.071,-0.747,9.615,0.54
1425625733136,37.499523,139.933396,20,-0.057,-0.678,9.606,0.474
1425625733237,37.499519,139.933402,20,-0.016,-0.371,9.663,0.381
1425625733338,37.499516,139.933407,20,0.013,-0.078,9.607,0.298
1425625733438,37.499514,139.933412,20,-0.001,0.039,9.381,0.226
1425625733539,37.499511,139.933416,20,-0.022,0.04,9.298,0.163
1425625733640,37.499509,139.93342,20,-0.024,-0.004,9.498,0.11
1425625733740,37.499508,139.933422,20,-0.021,-0.101,9.653,0.068
1425625733836,37.499506,139.933425,20,-0.022,-0.147,9.621,0.038
1425625733937,37.499506,139.933426,20,-0.016,-0.106,9.522,0.015
1425625734037,37.499505,139.933427,20,-0.015,-0.066,9.507,0.003
1425625786335,37.498904,139.93317,6,0.03,0.558,9.611,8.193
1425625786340,37.498903,139.93317,6,0.025,0.567,9.611,8.192
1425625786436,37.498897,139.933168,6,-0.069,0.397,9.502,8.168
1425625786537,37.498889,139.933165,6,-0.152,0.232,9.282,8.142
1425625786637,37.498882,139.933163,6,-0.222,0.219,9.051,8.117
1425625786738,37.498875,139.93316,6,-0.257,0.193,9.184,8.092
1425625786839,37.498868,139.933158,6,-0.284,0.214,9.482,8.067
1425625786940,37.498861,139.933155,6,-0.301,0.232,9.692,8.042
1425625787040,37.498854,139.933153,6,-0.255,0.325,9.659,8.017
1425625787136,37.498847,139.93315,6,-0.256,0.427,9.617,8.0
1425625787237,37.49884,139.933147,6,-0.24,0.576,9.319,8.0
1425625794331,37.498276,139.932872,4,-0.247,0.576,9.541,10.5
1425625794336,37.498275,139.932872,4,-0.246,0.57,9.562,10.5
1425625794437,37.498266,139.932867,4,-0.194,0.341,9.818,10.5
1425625794538,37.498257,139.932862,4,-0.126,0.248,9.521,10.5
1425625794639,37.498248,139.932858,4,-0.134,0.254,9.265,10.5
1425625794739,37.49824,139.932853,4,-0.159,0.21,9.531,10.5
1425625794840,37.498231,139.932848,4,-0.146,0.173,9.699,10.5
1425625794936,37.498222,139.932844,4,-0.217,0.136,9.891,10.5
1425625795036,37.498214,139.932839,4,-0.261,0.114,10.105,10.5
1425625795137,37.498204,139.932835,5,-0.339,0.128,10.009,10.493
1425625795238,37.498195,139.932832,5,-0.444,0.096,9.807,10.468
1425625795338,37.498186,139.932828,5,-0.46,0.218,9.156,10.442
1425625795439,37.498176,139.932825,5,-0.389,0.292,8.933,10.417
1425625795540,37.498167,139.932821,5,-0.318,0.252,9.204,10.392
1425625795636,37.498158,139.932818,5,-0.299,0.171,9.303,10.368
1425625795736,37.498149,139.932815,5,-0.357,0.058,9.423,10.343
1425625795837,37.498139,139.932811,5,-0.306,0.021,9.521,10.318
1425625795938,37.49813,139.932808,5,-0.136,0.013,9.713,10.293
1425625796038,37.498121,139.932804,5,-0.024,0.005,9.973,10.268
1425625796139,37.498111,139.932801,6,0.019,0.007,9.858,10.257
1425625796240,37.498102,139.932799,6,-0.032,0.002,9.595,10.282
1425625796341,37.498092,139.932796,6,0.018,0.014,9.719,10.307
1425625796436,37.498084,139.932794,6,0.053,0.053,9.926,10.331
1425625796537,37.498074,139.932791,6,0.058,0.086,9.681,10.356
1425625796638,37.498065,139.932789,6,-0.021,0.113,9.432,10.381
1425625796738,37.498055,139.932786,6,-0.063,0.137,9.415,10.406
1425625796839,37.498046,139.932784,6,-0.086,0.175,9.445,10.432
1425625796940,37.498036,139.932781,6,-0.105,0.178,9.353,10.457
1425625797040,37.498027,139.932779,6,-0.121,0.171,9.249,10.482
1425625797136,37.498018,139.932776,6,-0.094,0.156,9.221,10.5
1425625797237,37.498009,139.932772,6,-0.115,0.098,9.457,10.5
1425625797338,37.498,139.932768,6,-0.117,0.059,9.737,10.5
1425625797438,37.497991,139.932764,6,-0.076,0.015,9.887,10.5
1425625797539,37.497982,139.93276,6,-0.037,-0.014,9.854,10.5
1425625797640,37.497973,139.932756,6,0.035,0.063,9.534,10.5
1425625797740,37.497964,139.932752,6,0.113,0.098,9.324,10.5
1425625797836,37.497955,139.932749,6,0.153,0.061,9.26,10.5
1425625797937,37.497946,139.932745,6,0.169,0.016,9.42,10.5
1425625798037,37.497937,139.932741,6,0.116,-0.092,9.953,10.5
1425625798138,37.497928,139.932737,7,0.08,-0.086,9.965,10.5
1425625798239,37.497919,139.932735,7,0.017,0.018,9.493,10.5
1425625798340,37.49791,139.932733,7,-0.016,0.073,9.198,10.5
1425625798440,37.497901,139.93273,7,0.015,0.093,9.196,10.5
1425625798536,37.497892,139.932728,7,0.034,0.04,9.506,10.5
1425625798637,37.497883,139.932726,7,0.036,-0.024,9.911,10.5
1425625798737,37.497874,139.932724,7,0.036,-0.007,9.983,10.5
1425625798838,37.497865,139.932721,7,0.042,0.104,9.672,10.5
1425625798939,37.497856,139.932719,7,0.037,0.188,9.282,10.5
1425625799040,37.497846,139.932717,7,0.026,0.236,9.284,10.5
1425625799140,37.497837,139.932714,8,0.009,0.204,9.486,10.492
1425625799241,37.497829,139.932711,8,0.022,0.17,9.598,10.467
1425625799337,37.497821,139.932708,8,0.009,0.192,9.506,10.443
1425625799436,37.497813,139.932704,8,0.013,0.208,9.533,10.418
1425625799538,37.497804,139.932701,8,-0.018,0.202,9.476,10.392
1425625799637,37.497796,139.932698,8,-0.083,0.18,9.455,10.367
1425625799739,37.497788,139.932695,8,-0.089,0.157,9.634,10.342
1425625799836,37.49778,139.932692,8,-0.125,0.131,9.84,10.318
1425625799936,37.497771,139.932689,8,-0.102,0.154,9.646,10.293
1425625800037,37.497763,139.932685,8,-0.091,0.181,9.386,10.268
1425625800137,37.497755,139.932682,8,-0.101,0.165,9.352,10.25
1425625800238,37.497746,139.93268,8,-0.08,0.112,9.476,10.25
1425625800339,37.497737,139.932678,8,-0.081,0.064,9.638,10.25
1425625800439,37.497728,139.932675,8,-0.088,0.041,9.535,10.25
1425625800540,37.497719,139.932673,8,-0.065,0.064,9.41,10.25
1425625800636,37.49771,139.93267,8,-0.101,0.05,9.579,10.25
1425625800736,37.497701,139.932668,8,-0.124,0.02,9.682,10.25
1425625800837,37.497692,139.932666,8,-0.144,0.006,9.55,10.25
1425625800938,37.497683,139.932663,8,-0.161,-0.024,9.577,10.25
1425625801039,37.497674,139.932661,8,-0.153,-0.035,9.52,10.25
1425625801139,37.497665,139.932657,8,-0.133,-0.001,9.231,10.257
1425625801240,37.497656,139.932652,8,-0.083,-0.012,9.335,10.282
1425625801336,37.497648,139.932647,8,-0.047,-0.092,9.679,10.306
1425625801436,37.497639,139.932642,8,-0.078,-0.148,9.759,10.331
1425625801537,37.497629,139.932636,8,-0.067,-0.125,9.707,10.356
1425625801638,37.49762,139.932631,8,-0.08,-0.096,9.604,10.381
1425625801738,37.497611,139.932625,8,-0.051,-0.034,9.342,10.406
1425625801839,37.497602,139.93262,8,-0.107,-0.037,9.246,10.432
1425625801940,37.497593,139.932614,8,-0.176,-0.078,9.466,10.457
1425625802036,37.497584,139.932609,8,-0.161,-0.096,9.626,10.481
1425625802136,37.497575,139.932604,8,-0.111,-0.132,9.729,10.493
1425625802237,37.497565,139.9326,8,-0.148,-0.151,9.755,10.468
1425625802338,37.497556,139.932596,8,-0.172,-0.128,9.641,10.442
1425625802438,37.497547,139.932592,8,-0.19,-0.089,9.506,10.417
1425625802539,37.497537,139.932588,8,-0.184,-0.085,9.57,10.392
1425625802640,37.497528,139.932584,8,-0.198,-0.077,9.478,10.367
1425625802740,37.497519,139.93258,8,-0.206,-0.01,9.168,10.342
1425625802836,37.49751,139.932576,8,-0.295,0.063,8.884,10.318
1425625802937,37.497501,139.932572,8,-0.322,0.048,8.981,10.293
1425625803038,37.497492,139.932568,8,-0.272,0.009,9.272,10.268
1425625803138,37.497482,139.932564,7,-0.256,-0.096,9.902,10.243
1425625803239,37.497473,139.932562,7,-0.361,-0.174,10.29,10.217
1425625803340,37.497464,139.93256,7,-0.359,-0.167,10.363,10.192
1425625803440,37.497455,139.932557,7,-0.208,-0.131,10.744,10.167
1425625803536,37.497446,139.932555,7,-0.107,0.018,9.938,10.143
1425625803637,37.497437,139.932553,7,-0.111,0.056,9.727,10.117
1425625803738,37.497428,139.93255,7,-0.085,-0.087,10.346,10.092
1425625803838,37.497419,139.932548,7,-0.04,0.229,9.005,10.067
1425625803939,37.497409,139.932546,7,-0.077,0.472,7.182,10.042
1425625804040,37.4974,139.932544,7,-0.041,0.605,6.813,10.017
1425625804140,37.497391,139.93254,7,-0.368,0.423,7.413,9.992
1425625804236,37.497383,139.932535,7,-0.427,-0.038,8.988,9.968
1425625804337,37.497374,139.93253,7,-0.424,-0.398,10.214,9.943
1425625804438,37.497366,139.932524,7,-0.424,-0.814,12.192,9.917
1425625804538,37.497357,139.932519,7,-0.236,-0.958,12.846,9.892
1425625804639,37.497348,139.932513,7,-0.117,-0.526,10.916,9.867
1425625804740,37.49734,139.932508,7,-0.11,0.224,8.316,9.842
1425625804840,37.497331,139.932502,7,-0.102,0.831,7.056,9.817
1425625804936,37.497323,139.932497,7,-0.008,1.145,7.133,9.793
1425625805037,37.497314,139.932492,7,0.042,0.806,8.53,9.768
1425625805137,37.497306,139.932487,8,0.037,0.046,10.837,9.75
1425625805238,37.497299,139.932485,8,-0.143,-0.377,12.33,9.75
1425625805339,37.497291,139.932483,8,-0.273,-0.332,11.388,9.75
1425625805440,37.497284,139.932481,8,-0.365,0.072,9.378,9.75
1425625805540,37.497277,139.932479,8,-0.404,0.441,7.968,9.75
1425625805636,37.49727,139.932476,8,-0.403,0.498,7.766,9.75
1425625805737,37.497262,139.932474,8,-0.423,0.305,8.559,9.75
1425625805837,37.497255,139.932472,8,-0.377,0.038,9.822,9.75
1425625805938,37.497248,139.93247,8,-0.3,-0.132,10.642,9.75
1425625806039,37.49724,139.932468,8,-0.254,-0.083,10.406,9.75
1425625806139,37.497233,139.932465,8,-0.234,0.055,9.571,9.735
1425625806240,37.497225,139.932461,8,-0.236,0.135,9.129,9.684
1425625806336,37.497218,139.932457,8,-0.236,0.164,9.037,9.635
1425625806437,37.497211,139.932453,8,-0.287,0.162,9.275,9.584
1425625806537,37.497204,139.932449,8,-0.276,0.144,9.577,9.533
1425625806638,37.497197,139.932445,8,-0.344,0.062,9.848,9.483
1425625806739,37.497189,139.932441,8,-0.326,0.088,9.543,9.432
1425625806839,37.497182,139.932437,8,-0.322,0.135,9.35,9.383
1425625806940,37.497175,139.932433,8,-0.327,0.118,9.439,9.333
1425625807036,37.497168,139.93243,8,-0.327,0.135,9.533,9.286
1425625807136,37.497161,139.932426,6,-0.34,0.114,9.643,9.263
1425625807237,37.497154,139.932421,6,-0.364,0.152,9.668,9.312
1425625807338,37.497146,139.932417,6,-0.416,0.171,9.49,9.362
1425625807439,37.497138,139.932412,6,-0.402,0.223,9.283,9.412
1425625807539,37.497131,139.932408,6,-0.393,0.206,9.496,9.461
1425625807640,37.497123,139.932403,6,-0.359,0.184,9.586,9.512
1425625807736,37.497116,139.932398,6,-0.359,0.156,9.621,9.56
1425625807836,37.497108,139.932394,6,-0.36,0.11,9.875,9.61
1425625807937,37.4971,139.932389,6,-0.356,0.112,9.879,9.662
1425625808038,37.497093,139.932384,6,-0.327,0.193,9.466,9.713
1425625808138,37.497085,139.93238,6,-0.319,0.256,9.114,9.743
1425625808239,37.497077,139.932377,6,-0.297,0.334,9.215,9.717
1425625808340,37.49707,139.932374,6,-0.268,0.176,9.592,9.692
1425625808436,37.497062,139.932371,6,-0.274,0.099,9.652,9.668
1425625808537,37.497055,139.932368,6,-0.3,0.082,9.552,9.642
1425625808637,37.497047,139.932365,6,-0.315,0.135,9.687,9.617
1425625808738,37.49704,139.932362,6,-0.244,0.148,9.676,9.592
1425625808838,37.497032,139.932359,6,-0.209,0.144,9.411,9.567
1425625808939,37.497025,139.932356,6,-0.172,0.115,9.354,9.542
1425625809040,37.497017,139.932353,6,-0.128,0.042,9.583,9.517
1425625809136,37.49701,139.93235,6,-0.141,-0.024,9.475,9.5
1425625809236,37.497002,139.932345,6,-0.142,-0.051,9.445,9.5
1425625809337,37.496994,139.93234,6,-0.186,-0.09,9.672,9.5
1425625809438,37.496986,139.932335,6,-0.26,-0.173,9.679,9.5
1425625809538,37.496978,139.93233,6,-0.309,-0.216,9.76,9.5
1425625809639,37.49697,139.932325,6,-0.374,-0.213,9.822,9.5
1425625809740,37.496962,139.93232,6,-0.35,-0.164,9.605,9.5
1425625809840,37.496954,139.932315,6,-0.324,-0.109,9.409,9.5
1425625809936,37.496946,139.932311,6,-0.332,-0.098,9.407,9.5
1425625810037,37.496938,139.932306,6,-0.319,-0.073,9.281,9.5
1425625810138,37.496929,139.932301,7,-0.351,-0.083,9.249,9.507
1425625810238,37.49692,139.932298,7,-0.374,-0.101,9.432,9.532
1425625810339,37.49691,139.932296,7,-0.402,-0.201,9.656,9.557
1425625810440,37.496901,139.932293,7,-0.424,-0.189,9.708,9.582
1425625810540,37.496891,139.93229,7,-0.418,-0.176,9.739,9.607
1425625810636,37.496882,139.932287,7,-0.415,-0.2,9.737,9.631
1425625810737,37.496873,139.932285,7,-0.439,-0.144,9.549,9.656
1425625810838,37.496863,139.932282,7,-0.413,-0.092,9.368,9.681
1425625810938,37.496854,139.932279,7,-0.433,-0.104,9.519,9.707
1425625811039,37.496844,139.932276,7,-0.411,-0.057,9.588,9.732
1425625811140,37.496835,139.932273,7,-0.421,0.015,9.568,9.75
1425625811240,37.496827,139.932268,7,-0.363,0.044,9.441,9.75
1425625811337,37.49682,139.932264,7,-0.386,0.092,9.154,9.75
1425625811437,37.496812,139.93226,7,-0.279,0.135,9.153,9.75
1425625811537,37.496804,139.932255,7,-0.238,0.073,9.596,9.75
1425625811638,37.496796,139.932251,7,-0.211,-0.023,9.89,9.75
1425625811739,37.496789,139.932246,7,-0.136,-0.015,9.778,9.75
1425625811839,37.496781,139.932242,7,-0.115,0.014,9.826,9.75
1425625811940,37.496773,139.932237,7,-0.127,0.022,9.7,9.75
1425625812036,37.496766,139.932233,7,-0.075,0.119,9.357,9.75
1425625812137,37.496757,139.932229,9,-0.145,0.085,9.268,9.763
1425625812237,37.496747,139.932226,9,-0.16,0.091,9.353,9.812
1425625812338,37.496737,139.932223,9,-0.216,0.044,9.468,9.862
1425625812439,37.496727,139.932219,9,-0.266,0.108,9.332,9.912
1425625812539,37.496716,139.932216,9,-0.258,0.106,9.355,9.961
1425625812640,37.496706,139.932213,9,-0.227,0.137,9.19,10.012
1425625812736,37.496696,139.93221,9,-0.168,0.099,9.355,10.06
1425625812837,37.496686,139.932206,9,-0.177,0.003,9.848,10.111
1425625812937,37.496675,139.932203,9,-0.161,-0.042,10.104,10.162
1425625813038,37.496665,139.932199,9,-0.185,-0.059,9.893,10.213
1425625813139,37.496654,139.932196,9,-0.112,0.018,9.576,10.235
1425625813239,37.496646,139.932194,9,-0.084,0.113,9.308,10.184
1425625813340,37.496637,139.932191,9,-0.135,0.186,8.998,10.133
1425625813436,37.496628,139.932189,9,-0.178,0.18,8.945,10.084
1425625813541,37.496619,139.932186,9,-0.235,0.073,9.278,10.031
1425625813637,37.496611,139.932184,9,-0.187,-0.096,9.968,9.983
1425625813736,37.496603,139.932181,9,-0.14,-0.167,10.426,9.934
1425625813839,37.496594,139.932179,9,-0.088,-0.116,10.184,9.883
1425625813938,37.496585,139.932176,9,-0.05,-0.019,9.735,9.834
1425625814040,37.496577,139.932174,9,-0.128,0.13,9.202,9.784
1425625814136,37.496569,139.932171,7,-0.146,0.169,8.98,9.75
1425625814236,37.496561,139.932168,7,-0.134,0.178,9.027,9.75
1425625814338,37.496552,139.932164,7,-0.091,0.111,9.164,9.75
1425625814438,37.496544,139.932161,7,-0.011,0.045,9.487,9.75
1425625814539,37.496536,139.932157,7,0.074,-0.041,9.874,9.75
1425625814639,37.496528,139.932153,7,0.19,-0.042,9.999,9.75
1425625814740,37.496519,139.93215,7,0.182,-0.042,9.714,9.75
1425625814836,37.496511,139.932147,7,0.179,-0.022,9.636,9.75
1425625814936,37.496503,139.932143,7,0.138,0.066,9.399,9.75
1425625815037,37.496495,139.93214,7,0.137,0.134,9.051,9.75
1425625815138,37.496487,139.932136,8,0.158,0.08,9.285,9.75
1425625815238,37.49648,139.932131,8,0.226,-0.002,9.637,9.75
1425625815339,37.496473,139.932126,8,0.172,-0.078,9.885,9.75
1425625815440,37.496465,139.932121,8,0.211,0.004,9.433,9.75
1425625815540,37.496458,139.932116,8,0.269,0.112,8.966,9.75
1425625815636,37.496451,139.932112,8,0.201,0.107,9.114,9.75
1425625815737,37.496444,139.932107,8,0.128,0.025,9.269,9.75
1425625815838,37.496437,139.932102,8,0.038,-0.086,9.358,9.75
1425625815938,37.496429,139.932097,8,0.05,-0.152,9.677,9.75
1425625816039,37.496422,139.932092,8,0.1,-0.196,10.086,9.75
1425625816140,37.496415,139.932087,8,0.17,-0.105,9.669,9.757
1425625816240,37.496406,139.932081,8,0.212,0.056,9.068,9.782
1425625816336,37.496398,139.932074,8,0.181,0.115,8.816,9.806
1425625816437,37.49639,139.932068,8,0.221,0.067,9.045,9.831
1425625816538,37.496381,139.932061,8,0.178,-0.07,9.774,9.856
1425625816638,37.496373,139.932055,8,0.167,-0.15,10.095,9.881
1425625816739,37.496364,139.932048,8,0.233,-0.119,9.862,9.907
1425625816840,37.496356,139.932042,8,0.217,-0.008,9.265,9.932
1425625816940,37.496347,139.932035,8,0.244,-0.036,9.384,9.957
1425625817036,37.496339,139.932029,8,0.228,-0.049,9.394,9.981
1425625817137,37.496331,139.932022,7,0.153,-0.047,9.212,9.993
1425625817237,37.496323,139.932017,7,0.144,-0.139,9.617,9.968
1425625817339,37.496315,139.932011,7,0.191,-0.179,9.999,9.942
1425625817439,37.496308,139.932005,7,0.286,-0.151,9.806,9.917
1425625817540,37.4963,139.932,7,0.293,-0.084,9.227,9.892
1425625817640,37.496292,139.931994,7,0.337,-0.048,9.15,9.867
1425625817736,37.496285,139.931989,7,0.407,-0.12,9.45,9.843
1425625817837,37.496278,139.931983,7,0.454,-0.223,9.729,9.818
1425625817937,37.49627,139.931978,7,0.454,-0.267,9.597,9.793
1425625818038,37.496262,139.931972,7,0.381,-0.233,9.499,9.768
1425625818139,37.496254,139.931967,7,0.31,-0.21,9.667,9.757
1425625818239,37.496245,139.931965,7,0.2,-0.227,9.659,9.782
1425625818340,37.496236,139.931962,7,0.081,-0.208,9.421,9.807
1425625818436,37.496227,139.931959,7,-0.086,-0.211,9.441,9.831
1425625818537,37.496218,139.931957,7,-0.215,-0.209,9.575,9.856
1425625818637,37.496209,139.931954,7,-0.256,-0.166,9.392,9.881
1425625818738,37.4962,139.931951,7,-0.24,-0.167,9.142,9.906
1425625818839,37.49619,139.931948,7,-0.215,-0.185,9.286,9.932
1425625818939,37.496181,139.931946,7,-0.107,-0.261,9.702,9.957
1425625819040,37.496172,139.931943,7,-0.024,-0.251,9.74,9.982
1425625819136,37.496163,139.93194,7,0.01,-0.279,9.691,10.0
1425625819236,37.496155,139.931934,7,0.074,-0.296,9.694,10.0
1425625819337,37.496147,139.931929,7,0.094,-0.257,9.649,10.0
1425625819438,37.496139,139.931924,7,0.111,-0.222,9.468,10.0
1425625819539,37.496132,139.931918,7,0.143,-0.203,9.36,10.0
1425625819639,37.496124,139.931913,7,0.164,-0.217,9.398,10.0
1425625819740,37.496116,139.931908,7,0.169,-0.219,9.537,10.0
1425625819836,37.496108,139.931903,7,0.151,-0.266,9.578,10.0
1425625819936,37.496101,139.931897,7,0.146,-0.243,9.497,10.0
1425625820037,37.496093,139.931892,7,0.192,-0.269,9.387,10.0
1425625820138,37.496085,139.931886,5,0.235,-0.308,9.532,10.0
1425625820239,37.496077,139.931881,5,0.215,-0.407,9.783,10.0
1425625820340,37.496069,139.931876,5,0.2,-0.413,9.67,10.0
1425625820441,37.496061,139.93187,5,0.213,-0.393,9.448,10.0
1425625820536,37.496053,139.931865,5,0.205,-0.355,9.467,10.0
1425625820636,37.496045,139.93186,5,0.241,-0.315,9.529,10.0
1425625820737,37.496037,139.931854,5,0.25,-0.305,9.338,10.0
1425625820838,37.496029,139.931849,5,0.264,-0.362,9.419,10.0
1425625820938,37.496021,139.931843,5,0.303,-0.439,9.78,10.0
1425625821039,37.496013,139.931838,5,0.303,-0.439,9.647,10.0
1425625821140,37.496005,139.931832,6,0.319,-0.342,9.035,9.985
1425625821236,37.495999,139.931825,6,0.225,-0.402,9.44,9.936
1425625821336,37.495993,139.931818,6,0.195,-0.438,9.837,9.885
1425625821437,37.495987,139.931811,6,0.134,-0.496,9.984,9.834
1425625821538,37.495981,139.931804,6,0.079,-0.466,9.737,9.783
1425625821638,37.495975,139.931797,6,0.027,-0.359,9.412,9.733
1425625821739,37.495969,139.93179,6,0.028,-0.34,9.486,9.683
1425625821840,37.495963,139.931783,6,0.034,-0.333,9.523,9.632
1425625821936,37.495957,139.931777,6,0.071,-0.398,9.421,9.585
1425625822036,37.495951,139.93177,6,0.063,-0.36,9.182,9.536
1425625822137,37.495945,139.931763,6,0.085,-0.377,9.334,9.5
1425625822238,37.495938,139.931757,6,0.129,-0.407,9.714,9.5
1425625822338,37.495931,139.931751,6,0.207,-0.466,9.595,9.5
1425625822439,37.495924,139.931745,6,0.226,-0.625,9.511,9.5
1425625822540,37.495917,139.931739,6,0.152,-0.769,9.727,9.5
1425625822640,37.49591,139.931733,6,0.183,-0.867,10.007,9.5
1425625822736,37.495904,139.931727,6,0.146,-0.843,9.731,9.5
1425625822837,37.495897,139.931721,6,0.099,-0.805,9.272,9.5
1425625822938,37.49589,139.931714,6,0.088,-0.829,9.212,9.5
1425625823038,37.495883,139.931708,6,0.089,-0.818,9.572,9.5
1425625823139,37.495876,139.931702,5,0.082,-0.739,9.653,9.477
1425625823240,37.495869,139.931695,5,0.068,-0.583,9.494,9.399
1425625823340,37.495863,139.931689,5,-0.064,-0.475,9.339,9.322
1425625823436,37.495857,139.931682,5,-0.15,-0.451,9.586,9.249
1425625823537,37.49585,139.931676,5,-0.211,-0.435,9.701,9.172
1425625823637,37.495844,139.931669,5,-0.266,-0.421,9.671,9.097
1425625823738,37.495837,139.931663,5,-0.426,-0.419,9.537,9.022
1425625823839,37.495831,139.931656,5,-0.527,-0.402,9.631,8.947
1425625823940,37.495825,139.93165,5,-0.547,-0.357,9.385,8.873
1425625824040,37.495818,139.931643,5,-0.58,-0.343,8.99,8.8
1425625824136,37.495812,139.931638,5,-0.573,-0.296,8.728,8.743
1425625824237,37.495804,139.931633,5,-0.605,-0.313,9.081,8.718
1425625824337,37.495797,139.931628,5,-0.7,-0.386,9.488,8.693
1425625824438,37.495789,139.931623,5,-0.816,-0.491,9.794,8.667
1425625824539,37.495781,139.931618,5,-1.028,-0.591,10.108,8.642
1425625824640,37.495773,139.931613,5,-1.172,-0.56,10.135,8.617
1425625824740,37.495766,139.931608,5,-1.296,-0.434,9.721,8.592
1425625824836,37.495759,139.931603,5,-1.43,-0.266,9.248,8.568
1425625824937,37.495751,139.931598,5,-1.544,-0.229,9.183,8.543
1425625825037,37.495743,139.931594,5,-1.677,-0.269,9.253,8.518
1425625825138,37.495736,139.931589,6,-1.764,-0.259,9.116,8.5
1425625825239,37.495728,139.931584,6,-1.744,-0.285,9.224,8.5
1425625825339,37.495721,139.93158,6,-1.713,-0.367,9.705,8.5
1425625825440,37.495713,139.931575,6,-1.64,-0.359,9.62,8.5
1425625825536,37.495706,139.931571,6,-1.561,-0.346,9.403,8.5
1425625825636,37.495698,139.931566,6,-1.511,-0.382,9.422,8.5
1425625825737,37.49569,139.931562,6,-1.426,-0.394,9.592,8.5
1425625825838,37.495683,139.931557,6,-1.367,-0.39,9.612,8.5
1425625825939,37.495675,139.931553,6,-1.39,-0.345,9.42,8.5
1425625826039,37.495667,139.931548,6,-1.42,-0.347,9.494,8.5
1425625826140,37.49566,139.931545,6,-1.387,-0.334,9.593,8.492
1425625826236,37.495654,139.931543,6,-1.303,-0.328,9.618,8.468
1425625826336,37.495647,139.931542,6,-1.149,-0.259,9.36,8.443
1425625826437,37.495641,139.93154,6,-1.058,-0.232,9.309,8.417
1425625826538,37.495634,139.931539,6,-0.972,-0.232,9.363,8.392
1425625826639,37.495627,139.931537,6,-0.909,-0.276,9.497,8.367
1425625826739,37.495621,139.931536,6,-0.809,-0.308,9.709,8.342
1425625826840,37.495614,139.931534,6,-0.777,-0.305,9.621,8.317
1425625826936,37.495608,139.931533,6,-0.736,-0.233,9.515,8.293
1425625827036,37.495602,139.931531,6,-0.672,-0.135,9.472,8.268
1425625827137,37.495595,139.931529,6,-0.583,-0.089,9.435,8.25
1425625827238,37.495588,139.931527,6,-0.482,-0.04,9.481,8.25
1425625827338,37.495581,139.931525,6,-0.325,0.056,9.573,8.25
1425625827439,37.495573,139.931522,6,-0.258,0.081,9.746,8.25
1425625827540,37.495566,139.93152,6,-0.192,0.14,9.799,8.25
1425625827641,37.495559,139.931517,6,-0.137,0.187,9.817,8.25
1425625827736,37.495552,139.931515,6,-0.181,0.2,9.636,8.25
1425625827842,37.495544,139.931512,6,-0.156,0.211,9.643,8.25
1425625827938,37.495537,139.93151,6,-0.054,0.182,9.734,8.25
1425625828037,37.49553,139.931508,6,-0.012,0.213,9.587,8.25
1425625828139,37.495523,139.931506,6,-0.048,0.282,9.309,8.257
1425625828238,37.495516,139.931504,6,-0.105,0.275,9.355,8.282
1425625828340,37.495508,139.931502,6,-0.131,0.219,9.586,8.307
1425625828436,37.495501,139.931501,6,-0.141,0.161,9.607,8.331
1425625828537,37.495494,139.931499,6,-0.067,0.196,9.507,8.356
1425625828638,37.495486,139.931497,6,-0.071,0.186,9.646,8.381
1425625828738,37.495479,139.931495,6,-0.116,0.164,9.787,8.406
1425625828839,37.495471,139.931494,6,-0.119,0.22,9.53,8.432
1425625828940,37.495464,139.931492,6,-0.173,0.203,9.211,8.457
1425625829040,37.495456,139.93149,6,-0.169,0.244,9.172,8.482
1425625829136,37.495449,139.931489,8,-0.164,0.211,9.585,8.48
1425625829237,37.495443,139.931487,8,-0.134,0.162,9.779,8.401
1425625829338,37.495436,139.931486,8,-0.077,0.141,9.671,8.323
1425625829438,37.49543,139.931485,8,-0.107,0.086,9.793,8.246
1425625829539,37.495423,139.931483,8,-0.153,0.143,9.647,8.17
1425625829640,37.495417,139.931482,8,-0.142,0.207,9.335,8.094
1425625829740,37.495411,139.931481,8,-0.171,0.243,9.225,8.019
1425625829836,37.495405,139.931479,8,-0.231,0.178,9.523,7.949
1425625829937,37.495398,139.931478,8,-0.238,0.04,9.937,7.875
1425625830037,37.495392,139.931477,8,-0.166,0.075,9.72,7.802
1425625830138,37.495386,139.931475,9,-0.113,0.108,9.587,7.75
1425625830239,37.495379,139.931473,9,-0.177,0.113,9.641,7.75
1425625830340,37.495373,139.93147,9,-0.261,0.116,9.339,7.75
1425625830440,37.495366,139.931467,9,-0.309,0.154,9.124,7.75
1425625830536,37.495359,139.931465,9,-0.347,0.1,9.404,7.75
1425625830637,37.495353,139.931462,9,-0.376,0.033,9.767,7.75
1425625830737,37.495346,139.931459,9,-0.37,-0.008,9.953,7.75
1425625830838,37.495339,139.931456,9,-0.395,-0.006,9.749,7.75
1425625830939,37.495332,139.931454,9,-0.46,-0.002,9.48,7.75
1425625831039,37.495326,139.931451,9,-0.492,-0.117,9.255,7.75
1425625831140,37.495319,139.931448,11,-0.488,-0.231,9.239,7.75
1425625831236,37.495313,139.931446,11,-0.473,-0.201,9.477,7.75
1425625831337,37.495306,139.931443,11,-0.454,-0.256,9.653,7.75
1425625831437,37.495299,139.931441,11,-0.366,-0.344,9.707,7.75
1425625831538,37.495293,139.931438,11,-0.303,-0.325,9.642,7.75
1425625831639,37.495286,139.931435,11,-0.26,-0.259,9.499,7.75
1425625831739,37.495279,139.931433,11,-0.282,-0.317,9.582,7.75
1425625831840,37.495273,139.93143,11,-0.253,-0.292,9.52,7.75
1425625831936,37.495266,139.931428,11,-0.233,-0.27,9.489,7.75
1425625832036,37.49526,139.931425,11,-0.194,-0.273,9.624,7.75
1425625832137,37.495252,139.931422,13,-0.209,-0.246,9.601,7.757
1425625832238,37.495241,139.931418,13,-0.266,-0.279,9.569,7.782
1425625832339,37.495229,139.931414,13,-0.23,-0.318,9.648,7.807
1425625832439,37.495218,139.93141,13,-0.235,-0.392,9.942,7.831
1425625832540,37.495207,139.931406,13,-0.196,-0.33,9.796,7.857
1425625832636,37.495196,139.931402,13,-0.208,-0.287,9.467,7.881
1425625832736,37.495185,139.931398,13,-0.229,-0.204,9.164,7.906
1425625832837,37.495173,139.931394,13,-0.236,-0.209,9.21,7.931
1425625832938,37.495162,139.93139,13,-0.185,-0.24,9.543,7.956
1425625833039,37.49515,139.931386,13,-0.205,-0.347,9.689,7.982
1425625833139,37.49514,139.931382,13,-0.253,-0.357,9.754,8.0
1425625833240,37.495133,139.93138,13,-0.283,-0.354,9.744,8.0
1425625833336,37.495126,139.931378,13,-0.322,-0.288,9.573,8.0
1425625833436,37.495119,139.931376,13,-0.265,-0.189,9.154,8.0
1425625833537,37.495112,139.931373,13,-0.168,-0.176,9.168,8.0
1425625833638,37.495105,139.931371,13,-0.094,-0.217,9.442,8.0
1425625833738,37.495097,139.931369,13,-0.033,-0.278,9.633,8.0
1425625833839,37.49509,139.931366,13,-0.041,-0.289,9.481,8.0
1425625833940,37.495083,139.931364,13,-0.144,-0.306,9.461,8.0
1425625834036,37.495076,139.931362,13,-0.19,-0.269,9.44,8.0
1425625834136,37.49507,139.93136,9,-0.199,-0.281,9.39,7.941
1425625834237,37.495065,139.931358,9,-0.134,-0.337,9.507,7.714
1425625834338,37.495061,139.931357,9,-0.114,-0.396,9.873,7.494
1425625834438,37.495057,139.931356,9,-0.175,-0.382,9.863,7.281
1425625834539,37.495052,139.931354,9,-0.208,-0.308,9.444,7.072
1425625834640,37.495048,139.931353,9,-0.29,-0.257,9.285,6.869
1425625834741,37.495044,139.931352,9,-0.337,-0.259,9.485,6.671
1425625834836,37.495041,139.931351,9,-0.293,-0.292,9.502,6.491
1425625834937,37.495037,139.93135,9,-0.203,-0.313,9.655,6.305
1425625835038,37.495033,139.931349,9,-0.131,-0.359,9.739,6.125
1425625835138,37.495029,139.931347,9,-0.149,-0.302,9.377,6.007
1425625835239,37.495023,139.931344,9,-0.237,-0.279,9.029,6.032
1425625835340,37.495016,139.93134,9,-0.214,-0.358,9.06,6.057
1425625835440,37.49501,139.931337,9,-0.251,-0.53,9.274,6.081
1425625835536,37.495004,139.931333,9,-0.284,-0.733,9.618,6.105
1425625835637,37.494997,139.93133,9,-0.263,-0.915,9.983,6.13
1425625835738,37.49499,139.931326,9,-0.174,-0.951,9.883,6.156
1425625835838,37.494984,139.931323,9,-0.109,-0.9,9.403,6.181
1425625835939,37.494977,139.931319,9,-0.01,-0.791,8.983,6.207
1425625836040,37.494971,139.931316,9,-0.02,-0.755,8.9,6.232
1425625836140,37.494964,139.931313,8,-0.005,-0.9,9.392,6.242
1425625836236,37.494959,139.931315,8,0.074,-1.008,9.657,6.218
1425625836337,37.494953,139.931316,8,0.102,-1.136,10.053,6.192
1425625836437,37.494947,139.931317,8,0.052,-1.188,10.187,6.167
1425625836538,37.494942,139.931318,8,0.019,-1.097,9.755,6.142
1425625836639,37.494936,139.931319,8,-0.009,-1.0,9.592,6.116
1425625836740,37.49493,139.931321,8,-0.016,-0.996,9.736,6.091
1425625836840,37.494925,139.931322,8,-0.039,-1.0,9.736,6.066
1425625836936,37.49492,139.931323,8,0.012,-0.996,9.664,6.043
1425625837037,37.494914,139.931324,8,0.083,-0.918,9.335,6.018
1425625837137,37.494909,139.931325,8,0.003,-0.863,9.343,5.978
1425625837238,37.494905,139.931324,8,-0.066,-0.902,9.947,5.898
1425625837339,37.4949,139.931323,8,-0.102,-0.544,9.339,5.819
1425625837439,37.494896,139.931323,8,-0.056,-0.352,8.971,5.742
1425625837540,37.494892,139.931322,8,0.006,-0.307,9.484,5.665
1425625837636,37.494888,139.931321,8,-0.022,-0.309,9.719,5.593
1425625837737,37.494884,139.93132,8,0.15,-0.224,9.689,5.518
1425625837837,37.49488,139.93132,8,0.226,-0.036,9.881,5.445
1425625837938,37.494876,139.931319,8,0.115,0.256,9.545,5.372
1425625838039,37.494873,139.931318,8,-0.022,0.228,9.348,5.3
1425625838139,37.494868,139.931318,8,-0.257,0.275,9.565,5.264
1425625838240,37.494862,139.931317,8,-0.382,0.299,9.797,5.312
1425625838336,37.494856,139.931315,8,-0.411,0.32,9.736,5.359
1425625838436,37.49485,139.931314,8,-0.402,0.498,9.181,5.408
1425625838537,37.494844,139.931313,8,-0.346,0.62,9.155,5.458
1425625838638,37.494837,139.931312,8,-0.184,0.658,9.438,5.508
1425625838739,37.494831,139.931311,8,0.006,0.776,9.595,5.559
1425625838839,37.494825,139.931309,8,0.101,0.695,9.75,5.61
1425625838940,37.494818,139.931308,8,0.314,0.795,9.187,5.662
1425625839036,37.494812,139.931307,8,0.349,0.862,8.978,5.711
1425625839136,37.494805,139.931306,8,0.38,0.918,9.426,5.75
1425625839237,37.494799,139.931304,8,0.388,0.828,10.121,5.75
1425625844333,37.494454,139.931256,11,0.424,0.824,9.766,7.576
1425625844338,37.494454,139.931256,11,0.426,0.826,9.733,7.572
1425625844439,37.494447,139.931255,11,0.289,0.354,9.475,7.495
1425625844539,37.49444,139.931254,11,0.198,0.116,9.163,7.419
1425625844640,37.494433,139.931253,11,0.178,0.047,9.05,7.343
1425625844736,37.494426,139.931252,11,0.112,-0.05,9.269,7.272
1425625844837,37.494419,139.931251,11,0.012,-0.169,9.626,7.197
1425625844937,37.494412,139.93125,11,0.101,-0.148,9.412,7.124
1425625845038,37.494406,139.931249,11,0.097,-0.204,9.769,7.051
1425625845139,37.494399,139.931248,12,0.135,-0.255,10.015,6.977
1425625845239,37.494392,139.931247,12,0.183,-0.204,9.822,6.898
1425625845340,37.494386,139.931246,12,0.217,-0.149,9.485,6.82
1425625845436,37.49438,139.931245,12,0.19,-0.049,9.062,6.746
1425625845536,37.494373,139.931244,12,0.14,0.017,9.037,6.67
1425625845637,37.494367,139.931243,12,0.111,-0.101,9.465,6.594
1425625845738,37.494361,139.931242,12,0.051,-0.129,9.695,6.519
1425625845838,37.494354,139.931241,12,-0.092,-0.058,9.598,6.446
1425625845939,37.494348,139.93124,12,-0.148,-0.095,9.633,6.372
1425625846040,37.494342,139.93124,12,-0.108,-0.075,9.583,6.3
1425625846136,37.494337,139.931238,12,-0.101,-0.033,9.572,6.25
1425625846236,37.494331,139.931235,12,-0.026,-0.068,9.695,6.25
1425625846337,37.494326,139.931233,12,0.007,-0.073,9.898,6.25
1425625846438,37.494321,139.93123,12,-0.053,-0.1,9.694,6.25
1425625846538,37.494315,139.931227,12,-0.034,0.006,9.352,6.25
1425625846639,37.49431,139.931224,12,-0.023,0.068,9.199,6.25
1425625846740,37.494305,139.931221,12,0.005,0.081,9.275,6.25
1425625846836,37.4943,139.931219,12,0.003,0.07,9.566,6.25
1425625846936,37.494294,139.931216,12,-0.001,-0.009,9.593,6.25
1425625847037,37.494289,139.931213,12,-0.062,0.015,9.365,6.25
1425625847138,37.494283,139.931211,10,-0.079,-0.105,9.389,6.257
1425625847238,37.494276,139.93121,10,-0.102,-0.303,9.308,6.281
1425625847339,37.494269,139.931209,10,-0.04,-0.305,9.57,6.306
1425625847440,37.494262,139.931208,10,-0.002,-0.293,9.875,6.331
1425625847540,37.494254,139.931207,10,0.039,-0.3,9.695,6.356
1425625847636,37.494247,139.931206,10,0.042,-0.266,9.288,6.38
1425625847737,37.49424,139.931205,10,0.024,-0.21,9.273,6.406
1425625847838,37.494233,139.931204,10,-0.027,-0.224,9.516,6.431
1425625847938,37.494226,139.931203,10,-0.043,-0.257,9.502,6.456
1425625848039,37.494218,139.931202,10,0.004,-0.257,9.472,6.482
1425625848140,37.494212,139.931201,9,0.027,-0.304,9.741,6.484
1425625848240,37.494207,139.9312,9,-0.001,-0.378,10.019,6.433
1425625848336,37.494202,139.931199,9,-0.054,-0.419,9.851,6.384
1425625848437,37.494197,139.931198,9,-0.038,-0.294,9.487,6.332
1425625848537,37.494192,139.931197,9,-0.009,-0.19,9.276,6.282
1425625848638,37.494188,139.931196,9,0.075,-0.18,9.297,6.231
1425625848739,37.494183,139.931195,9,0.107,-0.11,9.45,6.181
1425625848840,37.494178,139.931194,9,0.186,-0.042,9.463,6.131
1425625848940,37.494174,139.931193,9,0.287,0.092,9.278,6.082
1425625849036,37.494169,139.931193,9,0.305,0.1,9.415,6.036
1425625849137,37.494164,139.931192,8,0.285,0.069,9.769,6.007
1425625849237,37.494159,139.93119,8,0.255,0.149,9.952,6.031
1425625849338,37.494153,139.931189,8,0.222,0.213,9.829,6.056
1425625849439,37.494147,139.931188,8,0.157,0.313,9.664,6.081
1425625849540,37.494141,139.931186,8,0.164,0.41,9.475,6.106
1425625849640,37.494135,139.931185,8,0.155,0.415,9.51,6.131
1425625849736,37.494129,139.931184,8,0.169,0.43,9.632,6.155
1425625849837,37.494123,139.931183,8,0.139,0.37,9.604,6.181
1425625849937,37.494117,139.931181,8,0.123,0.359,9.434,6.206
1425625850038,37.494111,139.93118,8,0.096,0.356,9.371,6.232
1425625850139,37.494106,139.931179,7,0.088,0.37,9.41,6.25
1425625850239,37.4941,139.931178,7,0.154,0.417,9.41,6.25
1425625871333,37.492444,139.930838,5,0.235,0.382,9.616,11.305
1425625871338,37.492444,139.930838,5,0.241,0.372,9.625,11.307
1425625871439,37.492434,139.930835,5,0.077,0.193,10.095,11.332
1425625871539,37.492424,139.930833,5,-0.03,0.094,10.384,11.357
1425625871640,37.492413,139.93083,5,0.003,0.131,10.108,11.382
1425625871736,37.492403,139.930828,5,0.065,0.162,9.873,11.406
1425625871836,37.492393,139.930826,5,0.072,0.236,9.469,11.431
1425625871937,37.492383,139.930823,5,0.076,0.301,9.201,11.456
1425625872038,37.492372,139.930821,5,0.085,0.324,9.033,11.482
1425625872138,37.492362,139.930818,4,0.119,0.305,9.052,11.5
1425625872239,37.492353,139.930815,4,0.15,0.206,9.428,11.5
1425625872340,37.492343,139.930812,4,0.129,0.101,9.881,11.5
1425625872436,37.492334,139.93081,4,0.087,0.092,9.896,11.5
1425625872536,37.492324,139.930807,4,0.031,0.117,9.926,11.5
1425625872637,37.492314,139.930804,4,-0.023,0.156,9.821,11.5
1425625872738,37.492305,139.930801,4,-0.057,0.234,9.5,11.5
1425625872838,37.492295,139.930798,4,-0.085,0.244,9.33,11.5
1425625872939,37.492285,139.930795,4,-0.107,0.29,9.094,11.5
1425625873040,37.492276,139.930792,4,-0.137,0.273,9.1,11.5
1425625873140,37.492266,139.930789,4,-0.127,0.216,9.229,11.515
1425625873236,37.492256,139.930787,4,-0.126,0.121,9.66,11.562
1425625873337,37.492246,139.930784,4,-0.253,0.116,9.834,11.612
1425625873438,37.492235,139.930781,4,-0.222,0.124,9.949,11.662
1425625873538,37.492225,139.930778,4,-0.184,0.186,9.729,11.711
1425625873639,37.492214,139.930775,4,-0.151,0.297,9.308,11.762
1425625873740,37.492203,139.930772,4,-0.156,0.348,9.118,11.813
1425625873836,37.492193,139.93077,4,-0.158,0.318,9.324,11.861
1425625873936,37.492183,139.930767,4,-0.159,0.144,9.602,11.911
1425625874037,37.492172,139.930764,4,-0.212,-0.19,9.613,11.963
1425625874137,37.492161,139.930761,4,-0.237,-0.442,9.565,11.993
1425625874238,37.492151,139.93076,4,-0.196,-0.338,9.626,11.968
1425625874339,37.492141,139.930758,4,-0.162,-0.254,9.55,11.942
1425625874440,37.492131,139.930756,4,-0.144,-0.378,9.424,11.917
1425625874540,37.492121,139.930754,4,-0.142,-0.366,9.538,11.892
1425625874636,37.492111,139.930752,4,-0.163,-0.395,9.571,11.868
1425625874737,37.492101,139.93075,4,-0.178,-0.365,9.537,11.843
1425625874837,37.492091,139.930748,4,-0.149,-0.419,9.736,11.818
1425625874938,37.492081,139.930746,4,-0.204,-0.379,9.701,11.793
1425625875039,37.492071,139.930744,4,-0.21,-0.37,9.646,11.768
1425625875139,37.492061,139.930743,5,-0.174,-0.433,9.862,11.743
1425625875240,37.492051,139.930741,5,-0.035,-0.354,9.672,11.717
1425625875336,37.492041,139.930739,5,-0.03,-0.343,9.27,11.693
1425625875437,37.492031,139.930737,5,-0.034,-0.261,9.017,11.668
1425625875537,37.492021,139.930736,5,-0.016,-0.296,9.138,11.643
1425625875638,37.49201,139.930734,5,0.079,-0.364,9.659,11.617
1425625875739,37.492,139.930732,5,0.14,-0.509,10.128,11.592
1425625875839,37.49199,139.930731,5,0.027,-0.561,10.098,11.567
1425625875940,37.49198,139.930729,5,-0.029,-0.5,9.536,11.542
1425625876036,37.49197,139.930727,5,-0.037,-0.503,9.069,11.518
1425625876137,37.49196,139.930725,5,0.024,-0.522,8.81,11.5
1425625876237,37.49195,139.930723,5,0.065,-0.68,9.033,11.5
1425625876338,37.491939,139.930721,5,0.156,-0.878,9.648,11.5
1425625876439,37.491928,139.930719,5,0.291,-1.01,10.142,11.5
1425625876539,37.491918,139.930717,5,0.32,-0.981,9.806,11.5
1425625876640,37.491907,139.930714,5,0.344,-0.901,9.375,11.5
1425625876736,37.491897,139.930712,5,0.361,-0.718,9.095,11.5
1425625876837,37.491887,139.93071,5,0.401,-0.634,9.126,11.5
1425625876938,37.491876,139.930708,5,0.352,-0.633,9.568,11.5
1425625877038,37.491866,139.930706,5,0.282,-0.676,9.998,11.5
1425625877139,37.491855,139.930703,8,0.244,-0.67,10.051,11.5
1425625877239,37.491845,139.930701,8,0.206,-0.635,9.969,11.5
1425625877340,37.491835,139.930699,8,0.197,-0.487,9.354,11.5
1425625877436,37.491825,139.930697,8,0.22,-0.368,9.014,11.5
1425625877536,37.491815,139.930695,8,0.21,-0.3,9.059,11.5
1425625877637,37.491804,139.930692,8,0.216,-0.357,9.5,11.5
1425625877738,37.491794,139.93069,8,0.264,-0.449,9.935,11.5
1425625877839,37.491784,139.930688,8,0.239,-0.503,9.915,11.5
1425625877939,37.491773,139.930686,8,0.224,-0.433,9.768,11.5
1425625878040,37.491763,139.930684,8,0.159,-0.361,9.502,11.5
1425625878136,37.491754,139.930682,9,0.174,-0.235,8.859,11.451
1425625878236,37.491747,139.930683,9,0.07,-0.315,9.343,11.264
1425625878337,37.491741,139.930683,9,0.034,-0.401,9.989,11.077
1425625878438,37.491734,139.930683,9,0.01,-0.392,9.805,10.894
1425625878538,37.491727,139.930684,9,-0.001,-0.219,9.395,10.716
1425625878639,37.491721,139.930684,9,-0.018,-0.112,9.447,10.538
1425625878740,37.491714,139.930685,9,-0.037,0.04,9.293,10.364
1425625878836,37.491708,139.930685,9,0.087,0.117,9.149,10.201
1425625878936,37.491702,139.930685,9,0.294,-0.071,9.825,10.034
1425625879037,37.491696,139.930686,9,0.346,-0.082,10.165,9.868
1425625879138,37.491689,139.930685,9,0.285,0.041,9.81,9.764
1425625879238,37.49168,139.930682,9,0.185,0.06,9.205,9.813
1425625879339,37.491671,139.930678,9,0.069,0.165,9.072,9.862
1425625879440,37.491661,139.930675,9,0.185,0.192,9.157,9.912
1425625879541,37.491652,139.930671,9,0.243,0.109,9.487,9.962
1425625879636,37.491643,139.930668,9,0.238,0.026,9.734,10.01
1425625879737,37.491634,139.930664,9,0.231,-0.017,9.975,10.061
1425625879838,37.491624,139.930661,9,0.002,-0.06,9.987,10.112
1425625879938,37.491614,139.930657,9,0.006,0.118,9.199,10.162
1425625880039,37.491605,139.930654,9,0.023,0.181,8.745,10.214
1425625880140,37.491595,139.93065,7,0.009,0.156,8.981,10.25
1425625880240,37.491585,139.930648,7,0.033,0.065,9.441,10.25
1425625880336,37.491576,139.930646,7,-0.05,-0.08,10.051,10.25
1425625880437,37.491566,139.930644,7,-0.048,-0.182,10.457,10.25
1425625880537,37.491557,139.930642,7,0.009,-0.208,10.108,10.25
1425625880638,37.491547,139.93064,7,0.016,-0.141,9.745,10.25
1425625880739,37.491537,139.930638,7,0.067,-0.087,9.484,10.25
1425625880840,37.491527,139.930636,7,0.124,-0.317,9.396,10.25
1425625880940,37.491517,139.930634,7,0.248,-0.295,9.186,10.25
1425625881036,37.491508,139.930632,7,0.254,-0.14,9.322,10.25
1425625881137,37.491498,139.930629,6,0.282,-0.343,9.815,10.236
1425625881237,37.491489,139.930625,6,0.262,-0.332,9.387,10.185
1425625881338,37.49148,139.930621,6,0.254,-0.29,9.417,10.134
1425625881439,37.49147,139.930617,6,0.109,-0.28,9.256,10.083
1425625881540,37.491461,139.930613,6,0.131,-0.32,9.385,10.032
1425625881640,37.491452,139.930609,6,0.012,-0.323,9.433,9.982
1425625881736,37.491443,139.930605,6,-0.078,-0.285,9.386,9.934
1425625881837,37.491434,139.930601,6,-0.077,-0.316,9.346,9.884
1425625881937,37.491425,139.930598,6,-0.154,-0.34,9.496,9.835
1425625882038,37.491415,139.930594,6,-0.208,-0.324,9.489,9.785
1425625882139,37.491407,139.93059,6,-0.178,-0.276,9.288,9.735
1425625882240,37.491398,139.930589,6,-0.246,-0.321,9.506,9.684
1425625882340,37.49139,139.930587,6,-0.2,-0.339,9.594,9.633
1425625882436,37.491381,139.930585,6,-0.324,-0.345,9.531,9.584
1425625882537,37.491373,139.930584,6,-0.293,-0.322,9.524,9.533
1425625882637,37.491365,139.930582,6,-0.21,-0.331,9.532,9.483
1425625882738,37.491356,139.93058,6,-0.18,-0.333,9.633,9.433
1425625882839,37.491348,139.930579,6,-0.196,-0.309,9.608,9.383
1425625882939,37.49134,139.930577,6,-0.073,-0.513,10.323,9.334
1425625883040,37.491332,139.930575,6,-0.039,-0.601,10.308,9.284
1425625883136,37.491324,139.930574,4,0.048,-0.399,9.818,9.25
1425625883237,37.491316,139.930572,4,0.096,-0.319,9.336,9.25
1425625883337,37.491307,139.93057,4,0.187,-0.167,8.852,9.25
1425625883438,37.491299,139.930569,4,0.238,-0.211,8.879,9.25
1425625883539,37.491291,139.930567,4,0.269,-0.206,9.11,9.25
1425625883639,37.491283,139.930566,4,0.257,-0.372,9.605,9.25
1425625883740,37.491274,139.930564,4,0.214,-0.486,10.046,9.25
1425625883836,37.491266,139.930562,4,0.175,-0.431,9.853,9.25
1425625883936,37.491258,139.930561,4,0.098,-0.373,9.559,9.25
1425625884037,37.49125,139.930559,4,0.099,-0.205,9.044,9.25
1425625884138,37.491242,139.930557,4,0.103,-0.18,8.912,9.236
1425625884239,37.491234,139.930555,4,0.084,-0.285,9.294,9.184
1425625884339,37.491226,139.930554,4,0.07,-0.386,9.843,9.133
1425625884440,37.491219,139.930552,4,0.039,-0.393,9.894,9.082
1425625884536,37.491212,139.93055,4,0.021,-0.401,9.776,9.034
1425625884641,37.491204,139.930548,4,0.027,-0.343,9.629,8.981
1425625884737,37.491196,139.930546,4,0.048,-0.293,9.457,8.933
1425625884836,37.491189,139.930544,4,0.063,-0.304,9.381,8.884
1425625884938,37.491182,139.930542,4,0.071,-0.323,9.508,8.834
1425625885037,37.491174,139.93054,4,0.08,-0.313,9.627,8.786
1425625885140,37.491166,139.930539,6,0.058,-0.32,9.494,8.742
1425625885236,37.491157,139.930537,6,0.033,-0.301,9.518,8.718
1425625885336,37.491147,139.930536,6,0.027,-0.313,9.559,8.693
1425625885437,37.491137,139.930534,6,-0.037,-0.28,9.279,8.667
1425625885538,37.491127,139.930533,6,-0.14,-0.291,9.38,8.642
1425625885639,37.491117,139.930532,6,-0.117,-0.319,9.7,8.617
1425625885739,37.491108,139.93053,6,0.003,-0.411,9.898,8.592
1425625885840,37.491098,139.930529,6,0.037,-0.337,9.608,8.567
1425625885940,37.491088,139.930527,6,0.051,-0.291,9.491,8.542
1425625886036,37.491079,139.930526,6,0.038,-0.274,9.354,8.518
1425625886137,37.49107,139.930525,6,0.088,-0.285,9.483,8.5
1425625886238,37.491062,139.930523,6,0.086,-0.298,9.562,8.5
1425625886338,37.491055,139.930521,6,0.118,-0.327,9.532,8.5
1425625886439,37.491047,139.930519,6,0.076,-0.288,9.521,8.5
1425625886540,37.49104,139.930518,6,0.036,-0.272,9.502,8.5
1425625886640,37.491032,139.930516,6,0.044,-0.262,9.497,8.5
1425625886736,37.491025,139.930514,6,0.011,-0.3,9.519,8.5
1425625886837,37.491017,139.930513,6,0.032,-0.291,9.57,8.5
1425625886937,37.49101,139.930511,6,0.063,-0.296,9.627,8.5
1425625887038,37.491002,139.930509,6,0.074,-0.307,9.5,8.5
1425625887139,37.490995,139.930508,6,0.082,-0.302,9.393,8.477
1425625887240,37.490988,139.93051,6,-0.015,-0.185,9.04,8.399
1425625887340,37.490982,139.930511,6,0.107,-0.279,9.456,8.321
1425625887436,37.490976,139.930512,6,0.06,-0.417,10.129,8.248
1425625887537,37.490969,139.930514,6,0.092,-0.423,10.081,8.171
1425625887637,37.490963,139.930515,6,0.156,-0.369,9.698,8.096
1425625887738,37.490957,139.930516,6,0.088,-0.304,9.504,8.021
1425625887839,37.49095,139.930518,6,0.048,-0.287,9.49,7.946
1425625887940,37.490944,139.930519,6,0.053,-0.21,9.261,7.873
1425625888040,37.490938,139.93052,6,0.076,-0.211,9.08,7.8
1425625888136,37.490932,139.930521,6,-0.021,-0.215,9.088,7.743
1425625888237,37.490926,139.930519,6,-0.038,-0.309,9.713,7.718
1425625888337,37.49092,139.930518,6,-0.007,-0.366,10.019,7.693
1425625888438,37.490914,139.930517,6,0.035,-0.347,9.685,7.667
1425625888539,37.490908,139.930516,6,0.101,-0.305,9.734,7.642
1425625888639,37.490902,139.930515,6,0.105,-0.264,9.566,7.617
1425625888740,37.490896,139.930513,6,0.049,-0.243,9.358,7.592
1425625888836,37.49089,139.930512,6,0.011,-0.227,9.147,7.568
1425625888936,37.490884,139.930511,6,0.072,-0.266,9.324,7.543
1425625889037,37.490878,139.93051,6,0.163,-0.298,9.689,7.518
1425625889138,37.490872,139.930508,5,0.19,-0.356,9.787,7.5
1425625889239,37.490865,139.930506,5,0.201,-0.324,9.678,7.5
1425625889339,37.490858,139.930504,5,0.135,-0.292,9.521,7.5
1425625889440,37.490851,139.930502,5,0.035,-0.303,9.469,7.5
1425625889536,37.490844,139.9305,5,0.021,-0.262,9.423,7.5
1425625889636,37.490837,139.930498,5,-0.005,-0.286,9.36,7.5
1425625889737,37.490829,139.930496,5,0.035,-0.367,9.505,7.5
1425625889838,37.490822,139.930494,5,0.089,-0.489,9.52,7.5
1425625889938,37.490815,139.930492,5,0.092,-0.595,9.603,7.5
1425625890039,37.490808,139.930489,5,0.104,-0.708,9.64,7.5
1425625890140,37.490801,139.930487,5,0.025,-0.723,9.429,7.468
1425625890236,37.490796,139.930485,5,0.032,-0.794,9.424,7.366
1425625890336,37.490791,139.930483,5,0.064,-0.783,9.687,7.262
1425625890437,37.490785,139.930481,5,0.078,-0.77,9.777,7.157
1425625890538,37.49078,139.93048,5,0.105,-0.74,9.622,7.055
1425625890638,37.490775,139.930478,5,0.08,-0.695,9.471,6.954
1425625890739,37.490769,139.930476,5,0.008,-0.669,9.301,6.854
1425625890840,37.490764,139.930474,5,-0.105,-0.69,9.352,6.756
1425625890941,37.490759,139.930472,5,-0.036,-0.73,9.742,6.659
1425625891036,37.490755,139.93047,5,0.08,-0.77,9.763,6.569
1425625891137,37.490749,139.930469,5,0.101,-0.722,9.48,6.486
1425625891238,37.490744,139.930468,5,0.044,-0.631,9.093,6.434
1425625891338,37.490738,139.930468,5,0.034,-0.644,9.212,6.382
1425625891440,37.490732,139.930468,5,0.035,-0.696,9.576,6.331
1425625891541,37.490727,139.930467,5,0.007,-0.772,9.862,6.28
1425625891636,37.490722,139.930467,5,-0.002,-0.764,9.716,6.232
1425625891736,37.490716,139.930466,5,-0.045,-0.761,9.52,6.182
1425625891837,37.490711,139.930466,5,-0.058,-0.671,9.178,6.133
1425625891938,37.490705,139.930466,5,0.01,-0.7,9.533,6.083
1425625892038,37.4907,139.930465,5,-0.058,-0.742,9.813,6.035
1425625892139,37.490694,139.930465,5,-0.037,-0.73,9.696,5.96
1425625892240,37.490689,139.930463,5,0.047,-0.663,9.508,5.821
1425625892340,37.490684,139.930461,5,0.06,-0.557,9.513,5.687
1425625892436,37.490679,139.93046,5,0.035,-0.473,9.44,5.561
1425625892537,37.490675,139.930459,5,0.004,-0.477,9.492,5.431
1425625892638,37.49067,139.930457,5,-0.019,-0.47,9.626,5.304
1425625892738,37.490665,139.930456,5,0.008,-0.468,9.511,5.181
1425625892839,37.490661,139.930454,5,0.007,-0.442,9.413,5.06
1425625892940,37.490656,139.930453,5,0.072,-0.354,9.289,4.942
1425625893040,37.490652,139.930452,5,0.051,-0.418,9.58,4.828
1425625893136,37.490648,139.930451,5,0.031,-0.474,9.602,4.75
1425625893237,37.490644,139.93045,5,0.011,-0.507,9.551,4.75
1425625893337,37.49064,139.93045,5,-0.026,-0.515,9.536,4.75
1425625893438,37.490636,139.93045,5,-0.022,-0.476,9.442,4.75
1425625893539,37.490631,139.930449,5,0.013,-0.446,9.394,4.75
1425625893640,37.490627,139.930449,5,0.001,-0.476,9.468,4.75
1425625893740,37.490623,139.930448,5,0.027,-0.559,9.774,4.75
1425625893836,37.490619,139.930448,5,0.053,-0.527,9.646,4.75
1425625893937,37.490615,139.930448,5,0.049,-0.547,9.444,4.75
1425625894037,37.490611,139.930447,5,0.024,-0.534,9.471,4.75
1425625894138,37.490607,139.930447,6,-0.007,-0.505,9.403,4.75
1425625894239,37.490603,139.930446,6,-0.003,-0.543,9.57,4.75
1425625894340,37.490598,139.930446,6,0.003,-0.586,9.695,4.75
1425625894440,37.490594,139.930445,6,0.057,-0.582,9.45,4.75
1425625894536,37.49059,139.930445,6,0.062,-0.566,9.396,4.75
1425625894637,37.490586,139.930444,6,0.048,-0.586,9.561,4.75
1425625894737,37.490582,139.930444,6,-0.006,-0.643,9.563,4.75
1425625894838,37.490577,139.930443,6,0.038,-0.623,9.465,4.75
1425625894939,37.490573,139.930443,6,0.028,-0.653,9.474,4.75
1425625895039,37.490569,139.930442,6,-0.01,-0.692,9.225,4.75
1425625895140,37.490566,139.930442,10,-0.027,-0.739,9.561,4.697
1425625895236,37.490566,139.930443,10,0.013,-0.805,9.817,4.53
1425625895337,37.490565,139.930445,10,0.105,-0.852,9.832,4.36
1425625895437,37.490565,139.930446,10,0.107,-0.855,9.671,4.198
1425625895538,37.490565,139.930447,10,0.148,-0.786,9.428,4.039
1425625895639,37.490564,139.930448,10,0.182,-0.751,9.07,3.886
1425625895739,37.490564,139.930449,10,0.155,-0.849,9.548,3.741
1425625895840,37.490564,139.93045,10,0.055,-0.879,9.856,3.6
1425625895936,37.490563,139.930451,10,0.009,-0.802,9.554,3.471
1425625896036,37.490563,139.930451,10,0.015,-0.802,9.262,3.342
1425625896137,37.490562,139.930451,10,0.012,-0.837,9.432,3.235
1425625896238,37.490558,139.930449,10,0.044,-0.888,9.611,3.181
1425625896339,37.490554,139.930447,10,0.098,-0.929,9.629,3.128
1425625896439,37.49055,139.930445,10,0.181,-0.964,9.665,3.076
1425625896540,37.490547,139.930443,10,0.293,-0.858,9.252,3.025
1425625896636,37.490543,139.930442,10,0.271,-0.899,9.44,2.977
1425625896736,37.49054,139.93044,10,0.104,-0.91,9.774,2.927
1425625896837,37.490536,139.930438,10,-0.041,-0.902,9.699,2.878
1425625896938,37.490533,139.930436,10,0.019,-0.822,9.399,2.83
1425625897038,37.490529,139.930434,10,0.12,-0.767,9.206,2.783
1425625897139,37.490526,139.930433,6,0.118,-0.788,9.467,2.715
1425625897240,37.490525,139.930431,6,0.003,-0.825,9.862,2.595
1425625897336,37.490523,139.93043,6,-0.119,-0.834,9.785,2.485
1425625897436,37.490521,139.930429,6,-0.146,-0.802,9.431,2.375
1425625897537,37.49052,139.930427,6,-0.096,-0.805,9.281,2.269
1425625897638,37.490518,139.930426,6,-0.019,-0.852,9.32,2.167
1425625897738,37.490517,139.930425,6,0.099,-0.832,9.319,2.07
1425625897839,37.490515,139.930424,6,0.142,-0.895,9.478,1.977
1425625897940,37.490514,139.930423,6,0.062,-0.999,9.793,1.889
1425625898041,37.490513,139.930422,6,-0.049,-1.011,9.756,1.805
1425625898136,37.490512,139.930421,4,-0.129,-0.96,9.462,1.75
1425625898237,37.49051,139.93042,4,-0.112,-0.907,9.434,1.75
1425625898338,37.490508,139.930419,4,-0.022,-0.932,9.432,1.75
1425625898438,37.490507,139.930418,4,0.052,-0.975,9.348,1.75
1425625898539,37.490505,139.930417,4,0.076,-1.002,9.488,1.75
1425625898640,37.490504,139.930416,4,-0.015,-1.064,9.708,1.75
1425625898740,37.490502,139.930415,4,-0.08,-1.056,9.636,1.75
1425625898836,37.4905,139.930414,4,-0.088,-1.005,9.43,1.75
1425625898942,37.490499,139.930414,4,-0.034,-0.928,9.473,1.75
1425625899038,37.490497,139.930413,4,0.058,-0.828,9.607,1.75
1425625899137,37.490497,139.930413,4,0.075,-0.784,9.566,1.657
1425625899239,37.490501,139.930418,4,0.052,-0.74,9.493,1.328
1425625899338,37.490504,139.930421,4,-0.012,-0.696,9.498,1.043
1425625899440,37.490508,139.930425,4,-0.072,-0.672,9.502,0.786
1425625899536,37.49051,139.930427,4,-0.057,-0.632,9.526,0.577
1425625899637,37.490512,139.93043,4,-0.0,-0.614,9.562,0.392
1425625899737,37.490514,139.930432,4,0.051,-0.589,9.52,0.243
1425625899838,37.490515,139.930433,4,0.088,-0.566,9.506,0.129
1425625899939,37.490516,139.930434,4,0.046,-0.577,9.516,0.051
1425625900040,37.490517,139.930435,4,-0.014,-0.583,9.544,0.009
1425625945333,37.490476,139.930422,5,0.056,0.347,9.541,0.099
1425625945338,37.490476,139.930422,5,0.054,0.35,9.542,0.104
1425625945439,37.490476,139.930422,5,-0.085,0.007,9.452,0.216
1425625945539,37.490475,139.930421,5,-0.028,-0.098,9.174,0.368
1425625945640,37.490474,139.930421,5,0.145,-0.05,8.985,0.562
1425625945736,37.490473,139.930421,5,0.213,-0.065,9.238,0.784
1425625945837,37.490471,139.93042,5,0.191,-0.231,9.756,1.057
1425625945937,37.490469,139.93042,5,0.099,-0.378,9.939,1.368
1425625946038,37.490468,139.930419,5,-0.043,-0.413,9.741,1.722
1425625946139,37.490465,139.930419,6,-0.124,-0.374,9.612,1.992
1425625946239,37.490462,139.930417,6,-0.098,-0.306,9.596,1.966
1425625946340,37.490459,139.930416,6,-0.018,-0.198,9.489,1.94
1425625946436,37.490455,139.930415,6,0.04,-0.131,9.38,1.915
1425625946536,37.490452,139.930413,6,0.074,-0.116,9.48,1.889
1425625946637,37.490449,139.930412,6,0.105,-0.174,9.736,1.864
1425625946738,37.490446,139.930411,6,0.144,-0.192,9.685,1.839
1425625946839,37.490443,139.930409,6,0.139,-0.172,9.437,1.814
1425625946939,37.49044,139.930408,6,0.038,-0.159,9.354,1.79
1425625947040,37.490437,139.930407,6,-0.088,-0.159,9.485,1.766
1425625947136,37.490434,139.930406,6,-0.133,-0.191,9.556,1.75
1425625947236,37.490431,139.930405,6,-0.08,-0.153,9.495,1.75
1425625947337,37.490429,139.930405,6,-0.01,-0.111,9.458,1.75
1425625947438,37.490426,139.930404,6,0.051,-0.092,9.547,1.75
1425625947538,37.490423,139.930404,6,0.054,-0.105,9.65,1.75
1425625947639,37.49042,139.930403,6,-0.005,-0.081,9.516,1.75
1425625947740,37.490417,139.930403,6,-0.066,-0.104,9.463,1.75
1425625947836,37.490415,139.930402,6,0.013,-0.11,9.68,1.75
1425625947936,37.490412,139.930402,6,0.133,-0.161,9.78,1.75
1425625948037,37.490409,139.930401,6,0.21,-0.143,9.6,1.75
1425625948138,37.490406,139.930401,6,0.142,-0.101,9.41,1.734
1425625948238,37.490403,139.930401,6,-0.001,-0.077,9.378,1.677
1425625948339,37.4904,139.9304,6,-0.116,-0.08,9.551,1.621
1425625948440,37.490397,139.9304,6,-0.182,-0.099,9.638,1.567
1425625948536,37.490394,139.9304,6,-0.173,-0.042,9.539,1.517
1425625948636,37.490392,139.9304,6,-0.042,-0.006,9.397,1.466
1425625948737,37.490389,139.9304,6,0.112,-0.041,9.431,1.417
1425625948838,37.490386,139.930399,6,0.215,-0.077,9.482,1.369
1425625948938,37.490384,139.930399,6,0.175,-0.089,9.562,1.324
1425625949039,37.490382,139.930399,6,0.073,-0.108,9.658,1.28
1425625949140,37.490379,139.930399,5,0.015,-0.171,9.654,1.25
1425625949236,37.490377,139.930398,5,-0.014,-0.136,9.522,1.25
1425625949336,37.490375,139.930397,5,-0.044,-0.077,9.388,1.25
1425625949437,37.490373,139.930397,5,-0.042,-0.117,9.443,1.25
1425625949538,37.490371,139.930396,5,-0.005,-0.128,9.517,1.25
1425625949638,37.490369,139.930395,5,-0.004,-0.165,9.592,1.25
1425625949739,37.490367,139.930395,5,0.007,-0.163,9.603,1.25
1425625949840,37.490365,139.930394,5,0.028,-0.16,9.475,1.25
1425625949940,37.490363,139.930393,5,0.035,-0.184,9.482,1.25
1425625950036,37.490361,139.930393,5,-0.007,-0.185,9.61,1.25
1425625950137,37.490358,139.930392,5,-0.069,-0.206,9.547,1.25
1425625950238,37.490356,139.930391,5,-0.092,-0.172,9.424,1.25
1425625950338,37.490354,139.93039,5,-0.077,-0.112,9.475,1.25
1425625950439,37.490352,139.930389,5,-0.023,-0.089,9.56,1.25
1425625950540,37.49035,139.930388,5,0.011,-0.067,9.568,1.25
1425625950640,37.490348,139.930387,5,0.052,-0.014,9.499,1.25
1425625950736,37.490346,139.930386,5,0.09,-0.006,9.452,1.25
1425625950837,37.490344,139.930385,5,0.098,0.06,9.47,1.25
1425625950937,37.490342,139.930384,5,0.039,0.085,9.523,1.25
1425625951038,37.49034,139.930383,5,-0.047,0.152,9.672,1.25
1425625951139,37.490339,139.930382,5,-0.095,0.202,9.645,1.25
1425625951240,37.490338,139.930381,5,-0.102,0.277,9.461,1.25
1425625953334,37.4903,139.930377,5,-0.106,0.441,9.397,1.803
1425625953339,37.4903,139.930377,5,-0.109,0.443,9.392,1.804
1425625953440,37.490298,139.930378,5,-0.313,0.404,9.185,1.829
1425625953536,37.490295,139.930378,5,-0.554,0.359,8.893,1.852
1425625953636,37.490293,139.930379,5,-0.826,0.156,9.116,1.877
1425625953737,37.49029,139.930379,5,-1.114,-0.119,9.686,1.903
1425625953838,37.490287,139.93038,5,-1.281,-0.268,9.851,1.929
1425625953938,37.490285,139.93038,5,-1.257,-0.339,9.746,1.955
1425625954039,37.490282,139.930381,5,-1.039,-0.378,9.839,1.981
1425625954140,37.49028,139.930381,5,-0.778,-0.292,9.765,1.992
1425625954236,37.490279,139.930382,5,-0.725,-0.215,9.369,1.967
1425625954336,37.490279,139.930384,5,-0.857,-0.217,9.118,1.941
1425625954437,37.490278,139.930385,5,-0.928,-0.287,9.336,1.915
1425625954538,37.490278,139.930386,5,-0.888,-0.418,9.935,1.889
1425625954638,37.490277,139.930387,5,-0.905,-0.599,10.413,1.864
1425625954739,37.490277,139.930388,5,-1.051,-0.632,9.999,1.839
1425625954840,37.490276,139.930389,5,-1.284,-0.423,8.908,1.814
1425625954936,37.490276,139.93039,5,-1.449,-0.154,8.173,1.791
1425625955036,37.490275,139.930391,5,-1.402,-0.037,8.371,1.767
1425625955137,37.490275,139.930393,4,-1.313,-0.287,9.576,1.756
1425625955238,37.490275,139.930395,4,-1.36,-0.561,10.204,1.78
1425625955338,37.490274,139.930397,4,-1.23,-0.771,10.201,1.804
1425625955439,37.490274,139.9304,4,-0.884,-0.79,10.096,1.829
1425625955540,37.490274,139.930402,4,-0.476,-0.5,9.821,1.853
1425625955640,37.490273,139.930404,4,-0.276,-0.105,9.246,1.878
1425625955741,37.490273,139.930407,4,-0.366,0.079,8.887,1.904
1425625955837,37.490273,139.930409,4,-0.63,0.124,8.951,1.928
1425625955936,37.490273,139.930412,4,-0.903,0.053,9.359,1.954
1425625956038,37.490272,139.930414,4,-1.079,-0.069,9.749,1.981
1425625956137,37.490272,139.930417,3,-1.059,-0.129,9.768,2.006
1425625956240,37.490272,139.930419,3,-0.737,0.015,9.472,2.031
1425625956339,37.490271,139.930422,3,-0.349,0.192,9.421,2.055
1425625956436,37.490271,139.930424,3,-0.122,0.275,9.705,2.078
1425625956537,37.490271,139.930427,3,-0.254,0.182,9.88,2.103
1425625956637,37.49027,139.93043,3,-0.526,0.161,9.712,2.128
1425625956738,37.49027,139.930433,3,-0.717,0.211,9.301,2.154
1425625956839,37.49027,139.930435,3,-0.716,0.278,9.206,2.179
1425625956940,37.49027,139.930438,3,-0.588,0.326,9.461,2.205
1425625957040,37.490269,139.930441,3,-0.377,0.385,9.423,2.232
1425625957136,37.490269,139.930444,4,-0.183,0.376,9.328,2.25
1425625957237,37.490269,139.930446,4,-0.034,0.289,9.426,2.25
1425625957337,37.490269,139.930449,4,0.006,0.188,9.7,2.25
1425625957438,37.490268,139.930451,4,-0.027,0.125,9.788,2.25
1425625957539,37.490268,139.930454,4,-0.136,0.098,9.697,2.25
1425625957639,37.490268,139.930456,4,-0.226,0.119,9.497,2.25
1425625957740,37.490268,139.930459,4,-0.163,0.173,9.273,2.25
1425625957836,37.490268,139.930461,4,0.008,0.151,9.265,2.25
1425625957937,37.490267,139.930464,4,0.211,0.084,9.382,2.25
1425625958037,37.490267,139.930466,4,0.32,-0.006,9.571,2.25
1425625958138,37.490267,139.930469,4,0.308,-0.077,9.776,2.25
1425625958239,37.490267,139.930471,4,0.29,-0.128,9.755,2.25
1425625978335,37.490066,139.932136,5,0.343,-0.113,9.594,9.443
1425625978340,37.490066,139.932137,5,0.345,-0.111,9.589,9.442
1425625978436,37.490065,139.932148,5,0.116,-0.282,9.57,9.418
1425625978536,37.490064,139.932159,5,-0.047,-0.266,9.443,9.393
1425625978637,37.490063,139.93217,5,-0.15,-0.216,9.464,9.367
1425625978738,37.490061,139.932182,5,-0.174,-0.215,9.391,9.342
1425625978839,37.49006,139.932193,5,-0.187,-0.269,9.471,9.317
1425625978939,37.490059,139.932204,5,-0.185,-0.244,9.595,9.292
1425625979040,37.490058,139.932215,5,-0.236,-0.183,9.458,9.267
1425625979136,37.490057,139.932226,5,-0.241,-0.121,9.34,9.243
1425625979236,37.490056,139.932237,5,-0.238,-0.101,9.411,9.218
1425625979337,37.490056,139.932248,5,-0.235,-0.113,9.522,9.193
1425625979438,37.490055,139.93226,5,-0.194,-0.113,9.543,9.167
1425625979538,37.490054,139.932271,5,-0.201,-0.072,9.401,9.142
1425625979639,37.490054,139.932282,5,-0.254,0.031,9.311,9.117
1425625979740,37.490053,139.932293,5,-0.234,0.089,9.323,9.092
1425625979836,37.490053,139.932304,5,-0.237,0.005,9.557,9.068
1425625979936,37.490052,139.932315,5,-0.248,-0.083,9.966,9.043
1425625980038,37.490051,139.932326,5,-0.234,-0.075,10.051,9.018
1425625980138,37.490051,139.932337,5,-0.213,-0.015,9.777,9.0
1425625980238,37.490049,139.932348,5,-0.132,0.094,9.389,9.0
1425625980339,37.490048,139.932359,5,-0.051,0.173,9.156,9.0
1425625980440,37.490046,139.93237,5,-0.022,0.198,9.053,9.0
1425625980541,37.490045,139.932381,5,-0.066,0.132,9.352,9.0
1425625980636,37.490043,139.932391,5,-0.104,0.1,9.593,9.0
1425625980737,37.490042,139.932402,5,-0.181,0.038,9.664,9.0
1425625980838,37.49004,139.932413,5,-0.204,0.027,9.687,9.0
1425625980938,37.490039,139.932423,5,-0.127,0.089,9.502,9.0
1425625981039,37.490037,139.932434,5,-0.053,0.106,9.417,9.0
1425625981140,37.490036,139.932445,4,-0.097,0.056,9.642,9.0
1425625981240,37.490035,139.932455,4,-0.178,0.012,10.007,9.0
1425625981336,37.490034,139.932464,4,-0.189,0.033,9.721,9.0
1425625981437,37.490033,139.932474,4,-0.145,0.063,9.506,9.0
1425625981538,37.490032,139.932484,4,-0.131,0.095,9.662,9.0
1425625981638,37.490031,139.932494,4,-0.124,0.128,9.506,9.0
1425625981739,37.49003,139.932504,4,-0.154,0.122,9.285,9.0
1425625981840,37.490029,139.932514,4,-0.191,0.083,9.588,9.0
1425625981940,37.490028,139.932523,4,-0.229,0.053,9.858,9.0
1425625982036,37.490027,139.932533,4,-0.244,0.092,9.449,9.0
1425625982137,37.490026,139.932543,4,-0.23,0.157,9.015,9.0
1425625982237,37.490025,139.932553,4,-0.22,0.146,9.139,9.0
1425625982338,37.490025,139.932563,4,-0.219,0.076,9.309,9.0
1425625982439,37.490024,139.932573,4,-0.179,0.043,9.412,9.0
1425625982540,37.490023,139.932583,4,-0.086,-0.011,9.527,9.0
1425625982640,37.490023,139.932592,4,-0.003,-0.081,9.87,9.0
1425625982736,37.490022,139.932602,4,0.08,-0.09,9.983,9.0
1425625982837,37.490022,139.932612,4,0.174,-0.09,9.683,9.0
1425625982937,37.490021,139.932622,4,0.198,-0.031,9.299,9.0
1425625983038,37.49002,139.932632,4,0.209,0.002,9.295,9.0
1425625983139,37.49002,139.932642,4,0.286,-0.06,9.605,8.993
1425625983239,37.490019,139.932652,4,0.332,-0.128,9.782,8.967
1425625983340,37.490018,139.932661,4,0.292,-0.3,9.878,8.942
1425625983436,37.490017,139.932671,4,0.171,-0.466,9.804,8.918
1425625983537,37.490016,139.93268,4,0.046,-0.363,9.631,8.892
1425625983637,37.490015,139.93269,4,-0.025,-0.199,9.378,8.867
1425625983738,37.490014,139.9327,4,-0.074,-0.233,9.246,8.842
1425625983839,37.490013,139.932709,4,-0.118,-0.308,9.393,8.817
1425625983939,37.490013,139.932719,4,-0.199,-0.351,9.716,8.792
1425625984040,37.490012,139.932728,4,-0.21,-0.359,9.814,8.767
1425625984141,37.490011,139.932738,4,-0.137,-0.309,9.552,8.734
1425625984237,37.49001,139.932748,4,-0.113,-0.2,9.242,8.685
1425625984336,37.490009,139.932758,4,-0.062,-0.212,9.345,8.634
1425625984438,37.490008,139.932768,4,-0.071,-0.249,9.461,8.583
1425625984537,37.490008,139.932778,4,-0.101,-0.328,9.66,8.533
1425625984639,37.490007,139.932788,4,-0.086,-0.341,9.835,8.482
1425625984738,37.490006,139.932797,4,-0.052,-0.327,9.601,8.433
1425625984836,37.490005,139.932807,4,-0.016,-0.302,9.455,8.384
1425625984936,37.490004,139.932816,4,0.03,-0.304,9.626,8.335
1425625985037,37.490004,139.932826,4,0.092,-0.332,9.587,8.286
1425625985138,37.490003,139.932836,4,0.107,-0.279,9.405,8.243
1425625985239,37.490002,139.932845,4,0.039,-0.265,9.611,8.217
1425625985339,37.490001,139.932854,4,0.001,-0.257,9.566,8.192
1425625985440,37.49,139.932863,4,-0.093,-0.238,9.257,8.167
1425625985536,37.49,139.932871,4,-0.099,-0.218,9.25,8.143
1425625985636,37.489999,139.93288,4,-0.057,-0.276,9.614,8.118
1425625985737,37.489998,139.932889,4,0.004,-0.288,9.61,8.092
1425625985838,37.489997,139.932898,4,-0.027,-0.279,9.4,8.067
1425625985938,37.489996,139.932907,4,-0.107,-0.274,9.397,8.042
1425625986039,37.489996,139.932916,4,-0.092,-0.364,9.746,8.017
1425625986140,37.489995,139.932924,4,-0.088,-0.38,9.86,7.985
1425625986236,37.489994,139.932932,4,-0.081,-0.334,9.612,7.935
1425625986336,37.489993,139.932941,4,-0.017,-0.271,9.232,7.884
1425625986437,37.489992,139.932949,4,0.042,-0.282,8.895,7.833
1425625986538,37.489991,139.932957,4,0.07,-0.38,9.017,7.782
1425625986638,37.48999,139.932965,4,0.198,-0.51,9.447,7.732
1425625986739,37.489989,139.932973,4,0.208,-0.661,9.779,7.682
1425625986840,37.489988,139.932981,4,0.22,-0.698,9.742,7.632
1425625986936,37.489987,139.932988,4,0.2,-0.75,9.809,7.585
1425625987036,37.489986,139.932996,4,0.247,-0.77,10.067,7.536
1425625987137,37.489985,139.933004,4,0.255,-0.794,9.868,7.471
1425625987238,37.489984,139.933011,4,0.244,-0.797,9.363,7.364
1425625987338,37.489983,139.933019,4,0.152,-0.823,9.087,7.259
1425625987439,37.489982,139.933026,4,0.009,-0.886,9.353,7.155
1425625987540,37.489981,139.933033,4,-0.113,-1.015,9.747,7.052
1425625987640,37.489981,139.93304,4,-0.16,-1.064,9.695,6.952
1425625987736,37.48998,139.933046,4,-0.114,-1.061,9.43,6.857
1425625987837,37.489979,139.933053,4,-0.042,-1.059,9.43,6.759
1425625987938,37.489978,139.93306,4,-0.009,-1.075,9.652,6.662
1425625988038,37.489978,139.933066,4,-0.053,-1.095,9.681,6.567
1425625988139,37.489977,139.933073,4,-0.093,-1.037,9.351,6.469
1425625988240,37.489975,139.933079,4,-0.104,-0.989,9.044,6.361
1425625988340,37.489974,139.933086,4,-0.075,-0.994,9.141,6.255
1425625988436,37.489973,139.933092,4,-0.005,-1.086,9.586,6.156
1425625988537,37.489972,139.933098,4,0.027,-1.143,9.904,6.053
1425625988637,37.489971,139.933104,4,0.018,-1.165,9.778,5.952
1425625988738,37.48997,139.93311,4,-0.006,-1.125,9.431,5.853
1425625988839,37.489969,139.933116,4,-0.046,-1.108,9.275,5.755
1425625988940,37.489968,139.933122,4,-0.027,-1.092,9.558,5.658
1425625989040,37.489967,139.933128,4,-0.04,-1.118,9.746,5.565
1425625989136,37.489966,139.933133,4,-0.023,-1.078,9.663,5.471
1425625989237,37.489965,139.933139,4,0.009,-1.059,9.535,5.362
1425625989337,37.489964,139.933144,4,0.033,-0.96,9.411,5.255
1425625989438,37.489962,139.93315,4,0.076,-0.828,9.48,5.15
1425625989539,37.489961,139.933155,4,0.041,-0.754,9.547,5.047
1425625989640,37.48996,139.93316,4,-0.048,-0.711,9.577,4.945
1425625989740,37.489959,139.933165,4,-0.126,-0.711,9.608,4.847
1425625989836,37.489959,139.933169,4,-0.142,-0.713,9.554,4.754
1425625989937,37.489958,139.933174,4,-0.079,-0.677,9.416,4.659
1425625990037,37.489957,139.933179,4,0.015,-0.691,9.402,4.566
1425625990138,37.489956,139.933183,4,0.049,-0.738,9.654,4.477
1425625990239,37.489956,139.933187,4,0.004,-0.746,9.66,4.396
1425625990339,37.489955,139.933192,4,-0.033,-0.731,9.523,4.316
1425625990440,37.489955,139.933196,4,-0.049,-0.704,9.43,4.237
1425625990536,37.489955,139.933199,4,-0.018,-0.718,9.459,4.164
1425625990636,37.489954,139.933203,4,0.031,-0.775,9.542,4.089
1425625990737,37.489954,139.933207,4,0.028,-0.86,9.538,4.014
1425625990838,37.489954,139.933211,4,0.011,-0.893,9.554,3.94
1425625990939,37.489953,139.933215,4,-0.024,-0.928,9.501,3.869
1425625991039,37.489953,139.933218,4,-0.012,-0.956,9.513,3.799
1425625991140,37.489953,139.933222,4,0.032,-1.004,9.54,3.705
1425625991236,37.489953,139.933225,4,0.06,-1.047,9.535,3.565
1425625991336,37.489953,139.933228,4,0.058,-1.039,9.526,3.424
1425625991437,37.489953,139.933231,4,-0.024,-1.068,9.531,3.286
1425625991538,37.489953,139.933234,4,-0.092,-1.084,9.474,3.154
1425625991639,37.489954,139.933237,4,-0.116,-1.105,9.443,3.026
1425625991739,37.489954,139.933239,4,-0.072,-1.124,9.536,2.905
1425625991840,37.489954,139.933242,4,-0.032,-1.14,9.516,2.788
1425625991936,37.489954,139.933244,4,0.014,-1.132,9.42,2.682
1425625992036,37.489954,139.933246,4,0.018,-1.192,9.503,2.575
1425625992137,37.489954,139.933249,4,-0.006,-1.314,9.712,2.455
1425625992238,37.489953,139.93325,4,-0.002,-1.302,9.644,2.293
1425625992339,37.489953,139.933252,4,-0.064,-1.227,9.355,2.14
1425625992439,37.489952,139.933254,4,-0.11,-1.14,9.339,1.997
1425625992540,37.489952,139.933256,4,-0.108,-1.152,9.616,1.86
1425625992636,37.489952,139.933257,4,-0.077,-1.153,9.673,1.739
1425625992736,37.489951,139.933259,4,-0.04,-1.069,9.567,1.62
1425625992837,37.489951,139.93326,4,-0.05,-0.966,9.417,1.509
1425625992938,37.48995,139.933261,4,-0.03,-0.853,9.425,1.406
1425625993038,37.48995,139.933262,4,-0.018,-0.757,9.548,1.312
1425625993139,37.48995,139.933263,5,-0.043,-0.689,9.628,1.219
1425625993240,37.489951,139.933264,5,-0.079,-0.576,9.544,1.116
1425625993336,37.489952,139.933265,5,-0.111,-0.568,9.414,1.024
1425625993436,37.489953,139.933266,5,-0.106,-0.519,9.44,0.935
1425625993537,37.489954,139.933267,5,-0.078,-0.497,9.559,0.851
1425625993638,37.489954,139.933268,5,-0.05,-0.465,9.573,0.774
1425625993738,37.489955,139.933269,5,-0.018,-0.418,9.532,0.704
1425625993839,37.489956,139.93327,5,-0.027,-0.426,9.521,0.64
1425625993940,37.489956,139.93327,5,-0.028,-0.399,9.524,0.582
1425625994040,37.489957,139.933271,5,-0.028,-0.39,9.553,0.532
1425625994136,37.489957,139.933271,5,-0.045,-0.399,9.563,0.474
1425625994237,37.489956,139.933272,5,-0.05,-0.396,9.517,0.381
1425625994337,37.489956,139.933273,5,-0.042,-0.38,9.488,0.299
1425625994438,37.489955,139.933273,5,-0.062,-0.379,9.518,0.226
1425625994539,37.489955,139.933274,5,-0.043,-0.273,9.62,0.163
1425625994640,37.489955,139.933274,5,-0.027,-0.113,9.623,0.11
1425625994741,37.489954,139.933274,5,-0.019,0.007,9.495,0.068
1425625994836,37.489954,139.933275,5,0.001,0.102,9.408,0.038
1425625994937,37.489954,139.933275,5,0.018,0.212,9.475,0.015
1425625995037,37.489954,139.933275,5,0.017,0.294,9.578,0.003
1425626022334,37.489929,139.933302,7,0.001,0.06,9.52,1.803
1425626022339,37.489928,139.933302,7,0.002,0.047,9.507,1.804
1425626022440,37.489926,139.933303,7,0.207,-0.075,8.655,1.829
1425626022536,37.489924,139.933304,7,0.261,-0.071,8.506,1.852
1425626022636,37.489922,139.933305,7,0.049,-0.403,9.409,1.877
1425626022737,37.48992,139.933306,7,-0.133,-1.046,11.264,1.903
1425626022838,37.489918,139.933308,7,0.496,-1.336,10.954,1.929
1425626022939,37.489916,139.933309,7,1.112,-1.271,9.29,1.955
1425626023039,37.489914,139.93331,7,1.079,-1.159,8.792,1.981
1425626023140,37.489911,139.93331,7,0.911,-1.146,10.345,2.013
1425626023236,37.489909,139.933307,7,0.889,-0.884,10.442,2.057
1425626023336,37.489906,139.933305,7,0.742,-0.515,9.319,2.103
1425626023437,37.489903,139.933302,7,0.56,-0.247,8.629,2.151
1425626023538,37.4899,139.933299,7,0.215,-0.237,9.078,2.2
1425626023639,37.489897,139.933295,7,-0.115,-0.306,9.674,2.251
1425626023739,37.489894,139.933292,7,-0.859,-0.218,9.373,2.302
1425626023840,37.489891,139.933289,7,-1.488,-0.0,8.846,2.354
1425626023936,37.489888,139.933286,7,-1.641,0.147,8.539,2.405
1425626024036,37.489884,139.933283,7,-1.291,0.181,8.8,2.459
1425626024137,37.489881,139.93328,7,-0.6,0.116,9.256,2.5
1425626024238,37.489879,139.933279,7,0.129,-0.182,9.835,2.5
1425626024338,37.489876,139.933278,7,0.028,-0.566,9.586,2.5
1425626024439,37.489873,139.933277,7,-0.263,-0.368,9.033,2.5
1425626024540,37.489871,139.933276,7,-0.215,-0.019,9.165,2.5
1425626024636,37.489868,139.933275,7,0.168,-0.047,9.903,2.5
1425626024736,37.489866,139.933274,7,0.407,-0.43,11.205,2.5
1425626024837,37.489863,139.933273,7,0.201,-0.578,11.272,2.5
1425626024938,37.48986,139.933272,7,-0.332,-0.332,9.689,2.5
1425626025038,37.489858,139.933271,7,-0.848,-0.074,8.538,2.5
1425626025139,37.489855,139.93327,6,-1.141,0.046,8.691,2.5
1425626025240,37.489852,139.933269,6,-1.078,0.077,9.364,2.5
1425626025340,37.48985,139.933268,6,-0.761,0.044,9.914,2.5
1425626025436,37.489847,139.933268,6,-0.367,0.013,10.035,2.5
1425626025537,37.489844,139.933267,6,-0.183,0.124,9.903,2.5
1425626025638,37.489842,139.933266,6,-0.176,0.339,9.548,2.5
1425626025738,37.489839,139.933266,6,-0.143,0.503,9.27,2.5
1425626025839,37.489836,139.933265,6,-0.16,0.476,9.425,2.5
1425626025940,37.489834,139.933264,6,-0.253,0.366,9.729,2.5
1425626026040,37.489831,139.933263,6,-0.271,0.198,9.807,2.5
1425626026136,37.489828,139.933263,5,-0.273,0.156,9.444,2.5
1425626026237,37.489826,139.933262,5,-0.221,0.173,9.156,2.5
1425626026337,37.489824,139.933261,5,-0.285,0.129,9.362,2.5
1425626026438,37.489821,139.93326,5,-0.324,0.095,9.576,2.5
1425626026539,37.489819,139.93326,5,-0.366,0.09,9.346,2.5
1425626026640,37.489817,139.933259,5,-0.461,0.02,9.348,2.5
1425626026740,37.489815,139.933258,5,-0.304,-0.046,9.781,2.5
1425626026841,37.489812,139.933257,5,-0.144,-0.053,9.702,2.5
1425626026937,37.48981,139.933256,5,-0.088,-0.074,9.554,2.5
1425626027036,37.489808,139.933256,5,-0.138,-0.007,9.269,2.5
1425626027138,37.489805,139.933255,4,-0.114,-0.044,9.321,2.5
1425626027237,37.489803,139.933254,4,0.002,-0.119,9.561,2.5
1425626029334,37.489752,139.933227,4,0.069,-0.002,9.731,2.855
1425626029339,37.489752,139.933227,4,0.075,0.001,9.742,2.857
1425626029439,37.489749,139.933225,4,0.542,-0.024,9.886,2.905
1425626029540,37.489747,139.933223,4,0.947,-0.117,9.969,2.955
1425626029636,37.489744,139.933221,4,1.101,-0.147,9.857,3.003
1425626029736,37.489741,139.933219,4,1.237,-0.104,9.442,3.053
1425626029837,37.489738,139.933216,4,1.128,-0.129,9.516,3.105
1425626029938,37.489735,139.933214,4,0.789,-0.142,9.807,3.158
1425626030039,37.489732,139.933212,4,0.669,-0.197,9.581,3.212
1425626030139,37.489729,139.933209,5,0.622,-0.266,9.511,3.257
1425626030240,37.489727,139.933206,5,0.603,-0.202,9.276,3.281
1425626030336,37.489725,139.933203,5,0.561,-0.192,9.2,3.305
1425626030436,37.489722,139.9332,5,0.674,-0.311,9.939,3.329
1425626030537,37.48972,139.933197,5,0.752,-0.31,9.892,3.354
1425626030638,37.489718,139.933193,5,0.695,-0.246,9.474,3.38
1425626030738,37.489715,139.93319,5,0.658,-0.22,9.564,3.405
1425626030839,37.489713,139.933187,5,0.713,-0.256,9.81,3.43
1425626030940,37.48971,139.933184,5,0.603,-0.165,9.605,3.456
1425626031041,37.489708,139.93318,5,0.56,-0.015,8.989,3.482
1425626031136,37.489705,139.933177,5,0.465,-0.03,9.336,3.5
1425626031237,37.489703,139.933175,5,0.529,-0.15,9.925,3.5
1425626031338,37.489701,139.933172,5,0.653,-0.142,9.862,3.5
1425626031438,37.489698,139.933169,5,0.73,-0.152,9.737,3.5
1425626031539,37.489696,139.933166,5,0.742,-0.205,9.927,3.5
1425626031640,37.489694,139.933164,5,0.73,-0.126,9.5,3.5
1425626031736,37.489692,139.933161,5,0.707,-0.062,9.163,3.5
1425626031836,37.489689,139.933158,5,0.704,-0.081,9.205,3.5
1425626031937,37.489687,139.933156,5,0.725,-0.131,9.531,3.5
1425626032038,37.489685,139.933153,5,0.72,-0.198,9.906,3.5
1425626032138,37.489683,139.933149,7,0.796,-0.101,9.532,3.507
1425626032239,37.489682,139.933144,7,0.814,-0.048,9.228,3.531
1425626032340,37.489681,139.933138,7,0.801,-0.121,9.422,3.556
1425626032440,37.48968,139.933133,7,0.745,-0.113,9.532,3.581
1425626032536,37.489679,139.933127,7,0.567,-0.095,9.5,3.604
1425626032637,37.489678,139.933121,7,0.576,-0.058,9.406,3.63
1425626032737,37.489677,139.933116,7,0.419,-0.047,9.363,3.655
1425626032838,37.489677,139.93311,7,0.199,-0.136,9.87,3.68
1425626032939,37.489676,139.933104,7,0.152,-0.105,9.769,3.706
1425626033040,37.489675,139.933098,7,0.116,-0.102,9.846,3.732
1425626033140,37.489674,139.933092,7,0.296,0.005,9.528,3.75
1425626033236,37.489673,139.933088,7,0.403,0.071,9.211,3.75
1425626033337,37.489673,139.933082,7,0.408,0.167,8.969,3.75
1425626033437,37.489672,139.933077,7,0.164,0.04,9.721,3.75
1425626033538,37.489671,139.933072,7,0.064,-0.132,10.404,3.75
1425626033639,37.489671,139.933067,7,0.143,-0.082,9.967,3.75
1425626033740,37.48967,139.933062,7,0.05,0.073,9.167,3.75
1425626033840,37.48967,139.933057,7,-0.176,0.149,8.838,3.75
1425626033936,37.489669,139.933052,7,-0.19,0.152,8.972,3.75
1425626034037,37.489668,139.933047,7,-0.119,0.142,9.095,3.75
1425626034137,37.489668,139.933042,5,0.029,-0.057,10.009,3.757
1425626034238,37.489668,139.933036,5,0.216,-0.226,10.596,3.781
1425626034339,37.489668,139.933031,5,0.249,-0.19,10.264,3.806
1425626034439,37.489668,139.933026,5,0.164,-0.033,9.184,3.83
1425626034540,37.489668,139.933021,5,0.112,0.057,8.853,3.856
1425626034636,37.489667,139.933016,5,0.077,0.082,9.272,3.879
1425626034737,37.489667,139.93301,5,-0.007,0.073,9.408,3.905
1425626034837,37.489667,139.933005,5,-0.214,0.099,9.424,3.93
1425626034938,37.489667,139.932999,5,-0.302,0.02,9.707,3.956
1425626035039,37.489667,139.932994,5,-0.448,-0.14,10.123,3.982
1425626035139,37.489667,139.932989,5,-0.339,-0.027,9.212,4.0
1425626035240,37.489667,139.932984,5,-0.315,0.068,8.699,4.0
1425626035336,37.489666,139.93298,5,-0.129,0.057,9.196,4.0
1425626035437,37.489666,139.932976,5,-0.104,0.01,9.769,4.0
1425626035537,37.489666,139.932971,5,-0.192,0.074,9.681,4.0
1425626035638,37.489665,139.932967,5,-0.311,0.083,9.269,4.0
1425626035739,37.489665,139.932962,5,-0.428,0.131,9.21,4.0
1425626035839,37.489665,139.932958,5,-0.561,0.098,9.229,4.0
1425626035936,37.489665,139.932954,5,-0.658,0.105,9.236,4.0
1425626036036,37.489664,139.932949,5,-0.579,0.0,9.492,4.0
1425626036136,37.489664,139.932944,6,-0.553,-0.062,9.785,4.006
1425626036237,37.489665,139.932938,6,-0.57,-0.143,9.948,4.031
1425626036338,37.489666,139.932931,6,-0.577,-0.129,9.738,4.056
1425626036438,37.489667,139.932924,6,-0.53,-0.121,9.605,4.08
1425626036539,37.489667,139.932917,6,-0.495,-0.105,9.62,4.105
1425626036640,37.489668,139.93291,6,-0.543,-0.095,9.581,4.131
1425626036736,37.489669,139.932904,6,-0.54,-0.037,9.441,4.155
1425626036836,37.48967,139.932897,6,-0.565,-0.064,9.713,4.18
1425626036937,37.489671,139.93289,6,-0.723,-0.075,9.86,4.206
1425626037038,37.489671,139.932883,6,-0.759,0.008,9.639,4.231
1425626037138,37.489672,139.932876,6,-0.758,0.094,9.334,4.25
1425626037239,37.489672,139.932871,6,-0.647,0.126,9.383,4.25
1425626037340,37.489672,139.932865,6,-0.522,0.085,9.64,4.25
1425626037440,37.489673,139.93286,6,-0.446,0.062,9.767,4.25
1425626037536,37.489673,139.932854,6,-0.454,0.054,9.654,4.25
1425626037637,37.489673,139.932848,6,-0.497,0.096,9.388,4.25
1425626037738,37.489673,139.932843,6,-0.615,0.149,9.162,4.25
1425626037838,37.489673,139.932837,6,-0.746,0.127,9.27,4.25
1425626037939,37.489674,139.932832,6,-0.887,0.057,9.516,4.25
1425626038040,37.489674,139.932826,6,-0.94,-0.009,9.739,4.25
1425626038140,37.489674,139.93282,5,-0.888,-0.03,9.704,4.25
1425626038236,37.489674,139.932815,5,-0.76,-0.013,9.419,4.25
1425626038337,37.489673,139.932809,5,-0.721,-0.024,9.479,4.25
1425626038438,37.489673,139.932804,5,-0.653,-0.036,9.621,4.25
1425626038538,37.489673,139.932798,5,-0.644,-0.024,9.58,4.25
1425626038639,37.489672,139.932792,5,-0.67,-0.022,9.568,4.25
1425626038740,37.489672,139.932787,5,-0.706,0.013,9.516,4.25
1425626038840,37.489672,139.932781,5,-0.72,0.046,9.33,4.25
1425626038936,37.489672,139.932776,5,-0.652,0.036,9.303,4.25
1425626039037,37.489671,139.93277,5,-0.602,0.015,9.467,4.25
1425626039138,37.48967,139.932764,9,-0.479,-0.008,9.577,4.269
1425626039238,37.489669,139.932755,9,-0.419,-0.05,9.701,4.339
1425626039339,37.489666,139.932745,9,-0.282,-0.019,9.471,4.411
1425626039440,37.489664,139.932736,9,-0.247,0.006,9.237,4.484
1425626039540,37.489662,139.932727,9,-0.248,-0.001,9.29,4.558
1425626039636,37.48966,139.932717,9,-0.136,-0.077,9.727,4.629
1425626039737,37.489658,139.932708,9,-0.102,-0.132,10.051,4.706
1425626039837,37.489656,139.932698,9,-0.126,-0.094,9.668,4.783
1425626039938,37.489654,139.932688,9,-0.183,-0.063,9.437,4.862
1425626040039,37.489652,139.932677,9,-0.193,-0.011,9.322,4.943
1425626040140,37.48965,139.932668,9,-0.189,-0.021,9.349,5.0
1425626040240,37.489649,139.932663,9,-0.167,-0.031,9.577,5.0
1425626040336,37.489648,139.932658,9,-0.129,-0.143,9.978,5.0
1425626040437,37.489646,139.932652,9,-0.129,-0.145,9.883,5.0
1425626040537,37.489645,139.932647,9,-0.178,-0.078,9.317,5.0
1425626040638,37.489644,139.932641,9,-0.249,-0.131,8.908,5.0
1425626040739,37.489643,139.932635,9,-0.352,-0.261,8.899,5.0
1425626040839,37.489642,139.93263,9,-0.332,-0.265,9.035,5.0
1425626040940,37.489641,139.932624,9,-0.134,-0.394,9.9,5.0
1425626041036,37.48964,139.932619,9,-0.068,-0.584,10.932,5.0
1425626041142,37.489639,139.932613,5,-0.115,-0.631,10.383,4.992
1425626041237,37.489637,139.932607,5,-0.099,-0.506,9.229,4.968
1425626041336,37.489636,139.932602,5,-0.032,-0.337,8.936,4.942
1425626041439,37.489635,139.932596,5,-0.043,-0.253,9.337,4.916
1425626041538,37.489633,139.93259,5,-0.15,-0.303,9.702,4.891
1425626041640,37.489632,139.932584,5,-0.369,-0.413,9.793,4.866
1425626041736,37.489631,139.932578,5,-0.506,-0.498,9.776,4.842
1425626041836,37.489629,139.932573,5,-0.418,-0.351,9.547,4.817
1425626041937,37.489628,139.932567,5,-0.286,-0.178,8.947,4.792
1425626042038,37.489627,139.932561,5,-0.253,-0.188,8.897,4.768
1425626042139,37.489626,139.932556,5,-0.274,-0.351,9.536,4.718
1425626042239,37.489624,139.932551,5,-0.303,-0.529,10.219,4.608
1425626042340,37.489623,139.932547,5,-0.381,-0.468,10.148,4.499
1425626042436,37.489621,139.932543,5,-0.491,-0.274,9.505,4.398
1425626042536,37.48962,139.932539,5,-0.49,-0.176,9.018,4.295
1425626042637,37.489619,139.932535,5,-0.398,-0.184,9.115,4.194
1425626042738,37.489617,139.932531,5,-0.36,-0.347,9.641,4.095
1425626042839,37.489616,139.932527,5,-0.438,-0.528,9.842,3.998
1425626042939,37.489615,139.932523,5,-0.588,-0.634,9.663,3.904
1425626043040,37.489614,139.932519,5,-0.69,-0.659,9.364,3.812
1425626043136,37.489613,139.932516,5,-0.685,-0.679,8.982,3.743
1425626043236,37.489613,139.932513,5,-0.59,-0.743,9.078,3.718
1425626043337,37.489613,139.93251,5,-0.414,-0.85,9.578,3.692
1425626043438,37.489612,139.932507,5,-0.347,-1.024,10.266,3.666
1425626043538,37.489612,139.932504,5,-0.357,-1.059,10.153,3.641
1425626043639,37.489612,139.932501,5,-0.289,-0.953,9.425,3.616
1425626043740,37.489612,139.932499,5,-0.217,-0.846,8.916,3.59
1425626043840,37.489612,139.932496,5,-0.192,-0.846,9.093,3.566
1425626043936,37.489611,139.932493,5,-0.286,-0.98,9.682,3.542
1425626044037,37.489611,139.93249,5,-0.409,-1.021,10.019,3.518
1425626044138,37.489611,139.932487,5,-0.465,-1.003,9.826,3.458
1425626044238,37.489611,139.932483,5,-0.481,-0.985,9.562,3.31
1425626044339,37.489611,139.932479,5,-0.382,-0.853,9.256,3.166
1425626044440,37.489611,139.932476,5,-0.285,-0.836,9.187,3.027
1425626044540,37.489611,139.932472,5,-0.26,-0.869,9.52,2.896
1425626044636,37.489612,139.932469,5,-0.252,-0.875,9.589,2.775
1425626044737,37.489612,139.932466,5,-0.145,-0.785,9.254,2.653
1425626044838,37.489612,139.932463,5,-0.152,-0.739,9.211,2.536
1425626044938,37.489612,139.93246,5,-0.247,-0.644,9.364,2.426
1425626045039,37.489612,139.932457,5,-0.341,-0.671,9.634,2.321
1425626045140,37.489612,139.932454,5,-0.275,-0.648,9.934,2.25
1425626045240,37.489612,139.932452,5,-0.282,-0.643,9.755,2.25
1425626045336,37.489611,139.932449,5,-0.348,-0.609,9.352,2.25
1425626045437,37.489611,139.932446,5,-0.414,-0.614,9.207,2.25
1425626045538,37.489611,139.932444,5,-0.48,-0.658,9.628,2.25
1425626045638,37.48961,139.932441,5,-0.477,-0.695,9.738,2.25
1425626045739,37.48961,139.932439,5,-0.392,-0.648,9.472,2.25
1425626045840,37.48961,139.932436,5,-0.32,-0.615,9.32,2.25
1425626045940,37.48961,139.932433,5,-0.211,-0.629,9.419,2.25
1425626046036,37.489609,139.932431,5,-0.18,-0.697,9.676,2.25
1425626046137,37.489609,139.932428,6,-0.183,-0.684,9.72,2.25
1425626046237,37.489608,139.932426,6,-0.287,-0.612,9.374,2.25
1425626046338,37.489608,139.932423,6,-0.3,-0.553,9.222,2.25
1425626046439,37.489608,139.93242,6,-0.177,-0.568,9.535,2.25
1425626046540,37.489607,139.932418,6,0.004,-0.589,9.788,2.25
1425626046640,37.489607,139.932415,6,0.137,-0.581,9.73,2.25
1425626046736,37.489607,139.932413,6,0.159,-0.552,9.552,2.25
1425626046837,37.489606,139.93241,6,0.147,-0.539,9.517,2.25
1425626046937,37.489606,139.932408,6,0.061,-0.579,9.465,2.25
1425626047038,37.489605,139.932405,6,-0.037,-0.574,9.455,2.25
1425626047139,37.489605,139.932403,6,-0.067,-0.592,9.567,2.213
1425626047239,37.489607,139.932403,6,0.008,-0.524,9.672,2.089
1425626047340,37.489608,139.932403,6,0.159,-0.379,9.56,1.969
1425626047436,37.489609,139.932403,6,0.249,-0.276,9.448,1.861
1425626047536,37.48961,139.932402,6,0.211,-0.206,9.4,1.754
1425626047637,37.489612,139.932402,6,0.088,-0.163,9.451,1.652
1425626047738,37.489613,139.932402,6,-0.062,-0.146,9.528,1.555
1425626047839,37.489614,139.932402,6,-0.17,-0.114,9.557,1.465
1425626047939,37.489615,139.932402,6,-0.221,-0.091,9.471,1.38
1425626048040,37.489615,139.932402,6,-0.165,-0.086,9.381,1.301
1425626048136,37.489616,139.932402,6,-0.124,-0.111,9.437,1.25
1425626048236,37.489616,139.932401,6,-0.084,-0.15,9.617,1.25
1425626048337,37.489616,139.932401,6,-0.052,-0.138,9.69,1.25
1425626048438,37.489617,139.9324,6,-0.061,-0.124,9.545,1.25
1425626048539,37.489617,139.9324,6,-0.094,-0.121,9.498,1.25
1425626048639,37.489617,139.932399,6,-0.184,-0.187,9.525,1.25
1425626048740,37.489617,139.932399,6,-0.226,-0.248,9.534,1.25
1425626048836,37.489617,139.932398,6,-0.279,-0.323,9.523,1.25
1425626048936,37.489618,139.932398,6,-0.366,-0.465,9.47,1.25
1425626049037,37.489618,139.932397,6,-0.47,-0.571,9.464,1.25
1425626049138,37.489618,139.932397,6,-0.589,-0.653,9.5,1.25
1425626049239,37.489619,139.932395,6,-0.637,-0.706,9.557,1.25
1425626049339,37.489619,139.932394,6,-0.661,-0.78,9.53,1.25
1425626049440,37.48962,139.932393,6,-0.66,-0.819,9.458,1.25
1425626049536,37.48962,139.932391,6,-0.666,-0.846,9.486,1.25
1425626049636,37.489621,139.93239,6,-0.667,-0.868,9.529,1.25
1425626049737,37.489621,139.932389,6,-0.663,-0.863,9.527,1.25
1425626049838,37.489622,139.932388,6,-0.662,-0.851,9.511,1.25
1425626049938,37.489622,139.932386,6,-0.657,-0.832,9.513,1.25
1425626050039,37.489623,139.932385,6,-0.698,-0.84,9.491,1.25
1425626050140,37.489623,139.932384,6,-0.699,-0.824,9.498,1.25
1425626050236,37.489624,139.932382,6,-0.726,-0.836,9.488,1.25
1425626050336,37.489624,139.932381,6,-0.692,-0.804,9.501,1.25
1425626050437,37.489624,139.93238,6,-0.631,-0.7,9.554,1.25
1425626050538,37.489625,139.932378,6,-0.469,-0.418,9.656,1.25
1425626050638,37.489625,139.932377,6,-0.308,-0.133,9.612,1.25
1425626050739,37.489626,139.932376,6,-0.256,0.02,9.394,1.25
1425626050840,37.489626,139.932375,6,-0.273,0.081,9.286,1.25
1425626050940,37.489626,139.932373,6,-0.324,0.029,9.435,1.25
1425626051036,37.489627,139.932372,6,-0.332,-0.076,9.607,1.25
1425626051137,37.489626,139.932372,6,-0.296,-0.111,9.646,1.183
1425626051238,37.489624,139.932376,6,-0.238,-0.044,9.567,0.95
1425626051338,37.489621,139.932379,6,-0.233,0.014,9.468,0.745
1425626051439,37.489619,139.932383,6,-0.307,0.018,9.471,0.563
1425626051540,37.489618,139.932385,6,-0.349,0.011,9.557,0.406
1425626051640,37.489616,139.932387,6,-0.329,-0.001,9.583,0.276
1425626051736,37.489615,139.932389,6,-0.275,-0.006,9.498,0.175
1425626051837,37.489614,139.93239,6,-0.215,-0.021,9.467,0.093
1425626051937,37.489613,139.932391,6,-0.262,-0.083,9.529,0.037
1425626052038,37.489613,139.932392,6,-0.347,-0.134,9.578,0.006
1425626075236,37.489607,139.932361,6,-0.178,0.366,9.535,0.008
1425626079335,37.489627,139.932285,5,-0.138,0.455,9.561,2.354
1425626079340,37.489627,139.932285,5,-0.133,0.454,9.563,2.356
1425626079436,37.489629,139.932283,5,0.05,0.136,9.58,2.402
1425626079536,37.489631,139.932282,5,0.11,-0.13,9.47,2.451
1425626079637,37.489634,139.93228,5,0.17,-0.212,9.355,2.501
1425626079738,37.489636,139.932278,5,0.287,-0.296,9.481,2.552
1425626079839,37.489638,139.932277,5,0.371,-0.398,9.69,2.605
1425626079939,37.489641,139.932275,5,0.408,-0.465,9.741,2.657
1425626080040,37.489643,139.932273,5,0.502,-0.457,9.704,2.712
1425626080136,37.489646,139.932272,5,0.645,-0.382,9.552,2.75
1425626080236,37.489649,139.93227,5,0.743,-0.362,9.422,2.75
1425626080337,37.489653,139.932269,5,0.734,-0.363,9.327,2.75
1425626080438,37.489656,139.932267,5,0.555,-0.396,9.33,2.75
1425626080539,37.48966,139.932266,5,0.351,-0.393,9.591,2.75
1425626080639,37.489663,139.932264,5,0.258,-0.356,9.75,2.75
1425626080740,37.489666,139.932263,5,0.192,-0.279,9.546,2.75
1425626080836,37.48967,139.932261,5,0.097,-0.242,9.312,2.75
1425626080936,37.489673,139.93226,5,0.006,-0.269,9.22,2.75
1425626081037,37.489677,139.932258,5,-0.044,-0.304,9.32,2.75
1425626081138,37.489679,139.932257,6,0.018,-0.333,9.448,2.743
1425626081238,37.48968,139.932256,6,0.226,-0.327,9.495,2.717
1425626081339,37.489682,139.932254,6,0.515,-0.332,9.506,2.691
1425626081440,37.489683,139.932253,6,0.684,-0.323,9.443,2.665
1425626081536,37.489684,139.932252,6,0.743,-0.29,9.258,2.641
1425626081636,37.489685,139.932251,6,0.701,-0.305,9.317,2.616
1425626081737,37.489686,139.93225,6,0.614,-0.385,9.73,2.59
1425626081838,37.489687,139.932249,6,0.554,-0.464,9.976,2.566
1425626081938,37.489688,139.932248,6,0.623,-0.462,9.792,2.541
1425626082039,37.489689,139.932247,6,0.672,-0.367,9.346,2.517
1425626082140,37.489691,139.932246,6,0.642,-0.342,9.264,2.492
1425626082241,37.489693,139.932245,6,0.562,-0.345,9.504,2.466
1425626082336,37.489695,139.932245,6,0.475,-0.345,9.582,2.441
1425626082437,37.489697,139.932244,6,0.422,-0.303,9.327,2.415
1425626082538,37.489699,139.932244,6,0.44,-0.3,9.226,2.39
1425626082638,37.489701,139.932243,6,0.511,-0.355,9.348,2.365
1425626082739,37.489703,139.932243,6,0.584,-0.395,9.593,2.34
1425626082840,37.489706,139.932242,6,0.685,-0.392,9.685,2.315
1425626082940,37.489708,139.932242,6,0.793,-0.409,9.704,2.291
1425626083036,37.48971,139.932241,6,0.876,-0.484,9.813,2.268
1425626083137,37.489712,139.932241,5,0.911,-0.542,9.668,2.256
1425626083238,37.489715,139.932242,5,0.875,-0.579,9.391,2.281
1425626083338,37.489718,139.932242,5,0.778,-0.601,9.321,2.305
1425626083439,37.489721,139.932243,5,0.684,-0.574,9.576,2.329
1425626083540,37.489724,139.932243,5,0.551,-0.517,9.785,2.354
1425626083640,37.489727,139.932244,5,0.451,-0.504,9.659,2.379
1425626083736,37.489729,139.932245,5,0.42,-0.414,9.47,2.403
1425626083842,37.489733,139.932245,5,0.462,-0.325,9.357,2.43
1425626083937,37.489736,139.932246,5,0.552,-0.327,9.358,2.455
1425626084037,37.489739,139.932247,5,0.65,-0.353,9.346,2.481
1425626084139,37.489742,139.932247,5,0.693,-0.334,9.53,2.5
1425626084238,37.489744,139.932248,5,0.655,-0.31,9.678,2.5
1425626084340,37.489746,139.932249,5,0.543,-0.308,9.664,2.5
1425626084436,37.489748,139.93225,5,0.489,-0.363,9.684,2.5
1425626084537,37.48975,139.932251,5,0.449,-0.567,9.512,2.5
1425626084637,37.489753,139.932252,5,0.393,-0.758,9.328,2.5
1425626084738,37.489755,139.932253,5,0.306,-0.956,9.31,2.5
1425626084839,37.489757,139.932254,5,0.164,-1.105,9.475,2.5
1425626084939,37.489759,139.932254,5,-0.022,-1.197,9.646,2.5
1425626085040,37.489761,139.932255,5,-0.139,-1.249,9.682,2.5
1425626085136,37.489763,139.932256,4,-0.201,-1.238,9.565,2.489
1425626085237,37.489765,139.932257,4,-0.265,-1.194,9.342,2.445
1425626085337,37.489767,139.932257,4,-0.337,-1.173,9.301,2.402
1425626085438,37.489768,139.932258,4,-0.371,-1.206,9.478,2.359
1425626085539,37.48977,139.932258,4,-0.33,-1.267,9.624,2.317
1425626085639,37.489771,139.932258,4,-0.223,-1.279,9.609,2.276
1425626085740,37.489773,139.932259,4,-0.087,-1.266,9.497,2.235
1425626085836,37.489774,139.932259,4,-0.006,-1.251,9.43,2.197
1425626085937,37.489776,139.93226,4,-0.022,-1.241,9.434,2.158
1425626086037,37.489777,139.93226,4,-0.102,-1.216,9.503,2.119
1425626086138,37.489779,139.93226,4,-0.21,-1.209,9.544,2.081
1425626086239,37.48978,139.932261,4,-0.237,-1.192,9.492,2.044
1425626086339,37.489781,139.932261,4,-0.18,-1.161,9.434,2.008
1425626086440,37.489783,139.932262,4,-0.07,-1.146,9.469,1.972
1425626086536,37.489784,139.932262,4,0.03,-1.166,9.541,1.938
1425626086636,37.489785,139.932262,4,0.072,-1.178,9.557,1.904
1425626086737,37.489787,139.932263,4,0.048,-1.146,9.537,1.87
1425626086838,37.489788,139.932263,4,-0.008,-1.008,9.56,1.836
1425626086939,37.489789,139.932263,4,-0.004,-0.625,9.682,1.804
1425626087039,37.48979,139.932264,4,0.056,-0.25,9.638,1.772
1425626087140,37.48979,139.932264,3,0.135,0.012,9.388,1.647
1425626087236,37.489789,139.932264,3,0.174,0.15,9.222,1.337
1425626087336,37.489787,139.932263,3,0.189,0.155,9.314,1.048
1425626087437,37.489786,139.932263,3,0.186,0.044,9.54,0.793
1425626087538,37.489785,139.932263,3,0.177,-0.068,9.661,0.573
1425626087639,37.489784,139.932262,3,0.183,-0.105,9.586,0.388
1425626087739,37.489783,139.932262,3,0.174,-0.085,9.468,0.241
1425626087840,37.489783,139.932262,3,0.16,-0.036,9.478,0.128
1425626087936,37.489782,139.932262,3,0.139,-0.011,9.554,0.053
1425626088036,37.489782,139.932262,3,0.133,0.0,9.546,0.01
1425626146331,37.489878,139.932305,7,0.158,-0.001,9.556,2.25
1425626146336,37.489879,139.932305,7,0.156,-0.005,9.558,2.25
1425626146437,37.489881,139.932306,7,0.098,-0.058,9.615,2.25
1425626146537,37.489883,139.932307,7,0.001,-0.037,9.496,2.25
1425626146638,37.489885,139.932307,7,-0.051,-0.033,9.328,2.25
1425626146739,37.489887,139.932308,7,0.001,-0.125,9.648,2.25
1425626146840,37.489889,139.932308,7,0.092,-0.221,9.949,2.25
1425626146940,37.489891,139.932309,7,0.179,-0.249,9.822,2.25
1425626147037,37.489893,139.93231,7,0.188,-0.229,9.541,2.25
1425626147137,37.489895,139.93231,8,0.111,-0.181,9.284,2.256
1425626147237,37.489899,139.932312,8,0.014,-0.18,9.377,2.28
1425626147338,37.489903,139.932314,8,-0.053,-0.267,9.589,2.305
1425626147439,37.489907,139.932316,8,-0.026,-0.369,9.564,2.329
1425626147540,37.489911,139.932318,8,0.056,-0.465,9.476,2.354
1425626147640,37.489915,139.932319,8,0.104,-0.557,9.656,2.379
1425626147736,37.489919,139.932321,8,0.124,-0.572,9.692,2.403
1425626147837,37.489923,139.932323,8,0.128,-0.551,9.458,2.429
1425626147937,37.489927,139.932325,8,0.113,-0.519,9.433,2.455
1425626148038,37.489931,139.932327,8,0.076,-0.514,9.515,2.481
1425626148139,37.489935,139.932328,8,0.046,-0.564,9.467,2.5
1425626148239,37.489937,139.93233,8,0.076,-0.588,9.491,2.5
1425626148340,37.48994,139.932331,8,0.047,-0.665,9.669,2.5
1425626148436,37.489943,139.932332,8,-0.025,-0.743,9.647,2.5
1425626148537,37.489946,139.932333,8,-0.05,-0.72,9.441,2.5
1425626148637,37.489948,139.932334,8,-0.015,-0.725,9.313,2.5
1425626148738,37.489951,139.932336,8,0.089,-0.804,9.518,2.5
1425626148839,37.489954,139.932337,8,0.13,-0.958,9.899,2.5
1425626148939,37.489956,139.932338,8,0.087,-1.054,10.025,2.5
1425626149040,37.489959,139.932339,8,-0.045,-1.122,9.704,2.5
1425626149136,37.489962,139.93234,6,-0.093,-1.158,9.343,2.493
1425626149237,37.489964,139.932341,6,-0.084,-1.168,9.304,2.467
1425626149337,37.489967,139.932342,6,-0.001,-1.209,9.39,2.441
1425626149438,37.489969,139.932343,6,0.066,-1.197,9.455,2.415
1425626149539,37.489972,139.932344,6,0.069,-1.169,9.449,2.39
1425626149639,37.489975,139.932344,6,0.021,-1.133,9.441,2.364
1425626149740,37.489977,139.932345,6,-0.044,-1.111,9.393,2.339
1425626149836,37.489979,139.932346,6,-0.049,-1.023,9.47,2.316
1425626149936,37.489982,139.932347,6,-0.015,-0.706,9.655,2.292
1425626150037,37.489984,139.932347,6,0.042,-0.404,9.618,2.267
1425626150138,37.489987,139.932348,6,0.076,-0.212,9.401,2.25
1425626150239,37.489988,139.932348,6,0.086,-0.099,9.268,2.25
1425626150339,37.48999,139.932348,6,0.059,-0.051,9.405,2.25
1425626150440,37.489992,139.932348,6,0.055,-0.01,9.627,2.25
1425626150536,37.489994,139.932348,6,0.068,0.117,9.686,2.25
1425626150636,37.489995,139.932348,6,0.033,0.27,9.548,2.25
1425626150737,37.489997,139.932348,6,-0.003,0.469,9.47,2.25
1425626150838,37.489999,139.932348,6,-0.012,0.659,9.503,2.25
1425626150938,37.490001,139.932348,6,-0.004,0.868,9.589,2.25
1425626151039,37.490003,139.932348,6,0.004,1.037,9.658,2.25
1425626151140,37.490005,139.932348,6,-0.002,1.213,9.66,2.25
1425626151236,37.490007,139.932348,6,0.002,1.363,9.605,2.25
1425626155334,37.490053,139.932326,8,0.035,1.467,9.574,1.553
1425626155338,37.490054,139.932326,8,0.031,1.459,9.572,1.554
1425626155440,37.490054,139.932324,8,-0.298,0.671,9.78,1.578
1425626155536,37.490055,139.932322,8,-0.651,0.296,9.885,1.602
1425626155637,37.490056,139.93232,8,-1.058,0.36,9.841,1.627
1425626155738,37.490056,139.932318,8,-1.487,0.603,9.561,1.653
1425626155838,37.490057,139.932316,8,-1.816,0.615,9.118,1.678
1425626155939,37.490058,139.932314,8,-1.945,0.242,8.747,1.705
1425626156039,37.490058,139.932312,8,-1.813,0.067,8.964,1.731
1425626156140,37.490059,139.93231,8,-1.567,0.229,9.502,1.75
1425626156236,37.49006,139.932308,8,-1.387,0.37,9.767,1.75
1425626156336,37.490061,139.932307,8,-1.226,0.381,9.518,1.75
1425626156437,37.490062,139.932305,8,-0.996,0.385,9.157,1.75
1425626156538,37.490063,139.932304,8,-0.854,0.474,9.162,1.75
1425626156639,37.490064,139.932302,8,-0.902,0.44,9.457,1.75
1425626156739,37.490065,139.932301,8,-1.048,0.287,9.826,1.75
1425626156840,37.490066,139.932299,8,-1.169,0.207,9.711,1.75
1425626156936,37.490066,139.932298,8,-1.207,0.188,9.395,1.75
1425626157036,37.490067,139.932296,8,-1.156,0.247,9.337,1.75
1425626157137,37.490068,139.932294,9,-1.136,0.198,9.457,1.762
1425626157238,37.490068,139.932289,9,-1.048,0.187,9.561,1.807
1425626167334,37.490119,139.931498,6,-0.907,0.186,9.445,7.5
1425626167339,37.49012,139.931497,6,-0.897,0.188,9.44,7.5
1425626167440,37.490123,139.93149,6,-0.544,0.101,9.598,7.5
1425626167540,37.490126,139.931483,6,-0.33,0.024,9.721,7.5
1425626167636,37.490129,139.931476,6,-0.231,0.005,9.658,7.5
1425626167737,37.490133,139.931468,6,-0.147,-0.021,9.682,7.5
1425626167837,37.490136,139.931461,6,-0.11,-0.024,9.539,7.5
1425626167938,37.490139,139.931454,6,-0.074,0.005,9.39,7.5
1425626168039,37.490143,139.931446,6,-0.035,0.009,9.406,7.5
1425626168139,37.490145,139.931439,6,-0.061,-0.014,9.544,7.507
1425626168240,37.490145,139.931431,6,-0.077,0.063,9.479,7.532
1425626168336,37.490144,139.931423,6,-0.065,0.092,9.42,7.556
1425626168436,37.490144,139.931416,6,-0.097,0.11,9.295,7.581
1425626168537,37.490144,139.931408,6,-0.03,0.085,9.437,7.606
1425626168638,37.490143,139.9314,6,-0.071,0.037,9.831,7.631
1425626168739,37.490143,139.931392,6,-0.153,0.024,9.68,7.656
1425626168839,37.490143,139.931384,6,-0.111,-0.077,10.017,7.681
1425626168940,37.490143,139.931376,6,-0.173,0.033,9.852,7.707
1425626169041,37.490142,139.931368,6,-0.113,0.101,9.514,7.732
1425626169136,37.490142,139.93136,6,-0.018,0.225,9.191,7.75
1425626169242,37.490143,139.93135,6,-0.035,0.251,9.015,7.75
1425626169338,37.490143,139.931342,6,-0.006,0.286,9.082,7.75
1425626169437,37.490144,139.931333,6,-0.011,0.215,9.38,7.75
1425626169539,37.490145,139.931324,6,0.06,0.166,9.73,7.75
1425626169638,37.490145,139.931316,6,0.046,0.146,9.814,7.75
1425626169736,37.490146,139.931307,6,-0.044,0.217,9.601,7.75
1425626169836,37.490146,139.931298,6,-0.116,0.306,9.331,7.75
1425626169937,37.490147,139.931289,6,-0.156,0.343,9.292,7.75
1425626170038,37.490148,139.93128,6,-0.144,0.324,9.542,7.75
1425626170138,37.490148,139.931271,5,-0.207,0.403,9.273,7.77
1425626170239,37.49015,139.931261,5,-0.314,0.47,8.898,7.843
1425626170340,37.490151,139.93125,5,-0.087,0.286,10.427,7.916
1425626170436,37.490152,139.93124,5,-0.04,0.131,10.967,7.987
1425626170536,37.490154,139.93123,5,0.036,0.196,10.029,8.061
1425626170637,37.490155,139.931219,5,-0.05,0.203,9.07,8.137
1425626170738,37.490157,139.931208,5,-0.258,0.053,9.161,8.213
1425626170838,37.490158,139.931197,5,-0.2,0.137,9.19,8.289
1425626170939,37.49016,139.931186,5,-0.07,0.123,8.832,8.367
1425626171040,37.490161,139.931175,5,0.001,-0.004,8.995,8.445
1425626171136,37.490162,139.931165,5,-0.027,-0.165,9.629,8.506
1425626171236,37.490163,139.931156,5,-0.139,-0.257,10.267,8.531
1425626171337,37.490164,139.931146,5,-0.243,-0.206,10.091,8.556
1425626171438,37.490165,139.931137,5,-0.302,-0.074,9.335,8.581
1425626171538,37.490166,139.931128,5,-0.317,0.001,8.854,8.606
1425626171639,37.490167,139.931119,5,-0.296,0.307,9.184,8.631
1425626171740,37.490168,139.931109,5,-0.156,0.374,9.493,8.657
1425626171840,37.490169,139.9311,5,-0.025,0.349,9.592,8.682
1425626171936,37.490169,139.931091,5,0.262,0.449,9.424,8.706
1425626172037,37.49017,139.931082,5,0.418,0.382,9.391,8.732
1425626172137,37.490173,139.931073,9,0.509,0.372,9.311,8.757
1425626172238,37.49018,139.931065,9,0.586,0.348,9.557,8.782
1425626175335,37.490257,139.930752,7,0.617,0.311,9.554,9.414
1425626175340,37.490257,139.930752,7,0.606,0.301,9.553,9.417
1425626175436,37.490257,139.93074,7,0.276,0.098,9.951,9.488
1425626175536,37.490257,139.930727,7,0.055,0.001,10.118,9.562
1425626175637,37.490256,139.930714,7,-0.071,0.019,10.004,9.638
1425626175738,37.490256,139.930701,7,-0.122,0.081,9.608,9.714
1425626175838,37.490256,139.930689,7,-0.167,0.073,9.309,9.79
1425626175939,37.490256,139.930675,7,-0.12,0.138,9.118,9.868
1425626176040,37.490256,139.930662,7,-0.012,0.066,9.431,9.946
1425626176136,37.490256,139.93065,7,0.017,-0.021,9.716,10.0
1425626176236,37.490257,139.930639,7,0.034,-0.037,9.682,10.0
1425626176337,37.490259,139.930628,7,-0.032,-0.011,9.557,10.0
1425626176438,37.49026,139.930616,7,-0.028,0.028,9.425,10.0
1425626176538,37.490261,139.930605,7,0.0,0.041,9.255,10.0
1425626176639,37.490262,139.930594,7,-0.045,-0.021,9.488,10.0
1425626176740,37.490263,139.930582,7,-0.09,-0.063,9.782,10.0
1425626176836,37.490264,139.930572,7,-0.071,-0.039,9.613,10.0
1425626176936,37.490265,139.93056,7,-0.098,-0.034,9.467,10.0
1425626177037,37.490266,139.930549,7,-0.016,0.078,9.299,10.0
1425626177138,37.490267,139.930538,7,0.06,-0.058,9.687,10.0
1425626177238,37.490268,139.930526,7,0.114,-0.178,10.166,10.0
1425626177339,37.49027,139.930515,7,0.051,-0.257,10.4,10.0
1425626177440,37.490271,139.930503,7,0.035,-0.15,10.091,10.0
1425626177536,37.490272,139.930492,7,-0.025,0.017,9.083,10.0
1425626177636,37.490273,139.930481,7,-0.045,0.131,8.744,10.0
1425626177737,37.490274,139.930469,7,-0.014,0.109,9.009,10.0
1425626177838,37.490275,139.930457,7,-0.089,-0.054,9.485,10.0
1425626177938,37.490276,139.930446,7,-0.156,-0.113,9.814,10.0
1425626178039,37.490277,139.930434,7,-0.131,-0.193,10.232,10.0
1425626178140,37.490278,139.930423,7,-0.072,-0.129,9.91,10.0
1425626178240,37.490279,139.930412,7,-0.06,0.025,9.03,10.0
1425626178336,37.490279,139.930402,7,-0.077,0.093,8.647,10.0
1425626178437,37.49028,139.930391,7,-0.062,0.104,8.664,10.0
1425626178537,37.49028,139.930381,7,-0.007,-0.08,9.572,10.0
1425626178638,37.490281,139.93037,7,0.022,-0.251,10.483,10.0
1425626178739,37.490281,139.930359,7,0.118,-0.305,10.813,10.0
1425626178840,37.490282,139.930349,7,0.14,-0.217,10.11,10.0
1425626178940,37.490282,139.930338,7,0.132,-0.006,9.075,10.0
1425626179036,37.490283,139.930328,7,0.091,0.058,8.806,10.0
1425626179137,37.490283,139.930317,7,0.032,0.036,8.967,10.007
1425626179237,37.490284,139.930304,7,0.013,-0.041,9.26,10.031
1425626179338,37.490285,139.930291,7,-0.028,-0.107,9.526,10.056
1425626179439,37.490286,139.930278,7,-0.131,-0.086,9.53,10.082
1425626179540,37.490286,139.930265,7,-0.09,-0.024,9.113,10.107
1425626179640,37.490287,139.930252,7,-0.128,-0.03,8.83,10.132
1425626179736,37.490288,139.93024,7,-0.141,-0.077,9.251,10.156
1425626179837,37.490289,139.930227,7,-0.128,-0.202,9.872,10.181
1425626179937,37.49029,139.930214,7,0.027,-0.434,10.861,10.206
1425626180038,37.49029,139.9302,7,0.022,-0.194,10.545,10.232
1425626180139,37.490291,139.930187,7,0.09,-0.047,9.255,10.243
1425626180240,37.490291,139.930175,7,0.054,0.119,8.916,10.217
1425626180340,37.490291,139.930163,7,0.153,0.214,8.859,10.192
1425626180436,37.490292,139.930151,7,0.189,0.063,9.185,10.168
1425626180537,37.490292,139.930139,7,0.0,0.163,9.151,10.142
1425626180637,37.490292,139.930126,7,-0.156,0.011,9.938,10.117
1425626180738,37.490292,139.930114,7,-0.174,-0.103,10.303,10.092
1425626180839,37.490292,139.930102,7,-0.258,-0.096,9.928,10.067
1425626180939,37.490293,139.93009,7,-0.224,0.021,9.253,10.042
1425626181040,37.490293,139.930077,7,-0.072,0.018,9.098,10.017
1425626181136,37.490293,139.930066,6,0.143,-0.037,9.187,10.013
1425626181236,37.490295,139.930054,6,0.26,-0.044,9.392,10.062
1425626181337,37.490297,139.930042,6,0.272,-0.141,9.722,10.111
1425626181438,37.490298,139.93003,6,0.258,-0.272,9.996,10.161
1425626181539,37.4903,139.930018,6,0.294,-0.262,9.999,10.212
1425626181639,37.490302,139.930006,6,0.278,-0.25,9.819,10.261
1425626181740,37.490304,139.929994,6,0.33,-0.054,9.291,10.312
1425626181836,37.490305,139.929982,6,0.285,0.02,8.96,10.361
1425626181936,37.490307,139.92997,6,0.217,0.016,9.028,10.411
1425626182037,37.490309,139.929958,6,0.149,-0.08,9.418,10.463
1425626182138,37.49031,139.929946,5,0.179,-0.177,9.785,10.5
1425626182239,37.490311,139.929934,5,0.238,-0.194,9.853,10.5
1425626182339,37.490313,139.929922,5,0.187,-0.066,9.142,10.5
1425626182440,37.490314,139.929911,5,0.117,0.097,8.389,10.5
1425626182536,37.490315,139.9299,5,0.328,-0.089,9.302,10.5
1425626182636,37.490316,139.929888,5,0.453,-0.283,10.371,10.5
1425626182737,37.490317,139.929876,5,0.514,-0.439,10.819,10.5
1425626182838,37.490318,139.929865,5,0.529,-0.399,10.505,10.5
1425626182938,37.490319,139.929853,5,0.488,-0.237,9.734,10.5
1425626183039,37.49032,139.929841,5,0.474,-0.018,8.733,10.5
1425626183140,37.490322,139.92983,6,0.521,0.113,8.218,10.492
1425626183236,37.490324,139.92982,6,0.508,-0.012,8.689,10.468
1425626183341,37.490326,139.929809,6,0.454,-0.15,9.371,10.442
1425626183437,37.490329,139.929799,6,0.371,-0.312,10.269,10.418
1425626183536,37.490331,139.929788,6,0.206,-0.465,10.854,10.393
1425626183638,37.490333,139.929778,6,0.138,-0.315,10.162,10.367
1425626183737,37.490335,139.929767,6,0.082,-0.167,9.446,10.343
1425626183840,37.490338,139.929757,6,0.046,-0.155,9.295,10.317
1425626183939,37.49034,139.929747,6,0.134,-0.016,8.922,10.292
1425626184036,37.490342,139.929737,6,0.173,0.022,8.401,10.268
1425626184137,37.490344,139.929726,6,0.176,-0.051,8.823,10.25
1425626184238,37.490346,139.929714,6,0.161,-0.152,9.564,10.25
1425626184338,37.490347,139.929703,6,0.001,-0.27,9.851,10.25
1425626184439,37.490349,139.929691,6,-0.091,-0.364,10.212,10.25
1425626184540,37.49035,139.92968,6,-0.253,-0.347,10.1,10.25
1425626184640,37.490352,139.929669,6,-0.318,-0.196,10.026,10.25
1425626184736,37.490353,139.929658,6,-0.34,-0.146,9.58,10.25
1425626184837,37.490355,139.929646,6,-0.347,-0.006,8.777,10.25
1425626184937,37.490356,139.929635,6,-0.208,0.02,8.84,10.25
1425626185038,37.490358,139.929623,6,-0.105,-0.147,9.547,10.25
1425626185139,37.490359,139.92961,14,0.042,-0.185,9.91,10.257
1425626185240,37.490357,139.929591,14,0.203,-0.238,9.893,10.282
1425626185340,37.490355,139.929573,14,0.324,-0.202,9.604,10.307
1425626185436,37.490353,139.929555,14,0.339,-0.118,9.286,10.331
1425626185537,37.490352,139.929536,14,0.323,-0.155,9.398,10.356
1425626185637,37.49035,139.929518,14,0.242,-0.153,9.486,10.381
1425626185738,37.490348,139.929499,14,0.161,-0.166,9.553,10.406
1425626185839,37.490347,139.92948,14,0.022,-0.142,9.448,10.432
1425626185939,37.490345,139.929461,14,0.007,-0.11,9.484,10.457
1425626186040,37.490343,139.929442,14,-0.035,-0.175,9.563,10.482
1425626186136,37.490342,139.929426,14,-0.021,-0.146,9.441,10.493
1425626186237,37.490344,139.929414,14,-0.017,-0.149,9.534,10.468
1425626186337,37.490346,139.929402,14,-0.003,-0.153,9.65,10.443
1425626186438,37.490348,139.929389,14,0.054,-0.174,9.709,10.417
1425626186539,37.49035,139.929377,14,0.16,-0.157,9.593,10.392
1425626186639,37.490352,139.929365,14,0.171,-0.175,9.504,10.367
1425626186740,37.490354,139.929353,14,0.214,-0.078,9.336,10.342
1425626186836,37.490356,139.929342,14,0.215,-0.12,9.329,10.318
1425626186937,37.490358,139.92933,14,0.2,-0.134,9.307,10.293
1425626187037,37.49036,139.929318,14,0.123,-0.173,9.448,10.268
1425626187138,37.490361,139.929306,5,0.013,-0.182,9.464,10.25
1425626187239,37.490363,139.929294,5,-0.061,-0.159,9.471,10.25
1425626187339,37.490364,139.929283,5,-0.114,-0.227,9.678,10.25
1425626187440,37.490366,139.929271,5,-0.09,-0.223,9.841,10.25
1425626187536,37.490367,139.92926,5,-0.057,-0.234,10.003,10.25
1425626187636,37.490369,139.929249,5,-0.05,-0.22,9.762,10.25
1425626187737,37.49037,139.929238,5,-0.01,-0.085,9.27,10.25
1425626187838,37.490372,139.929226,5,-0.037,-0.12,9.323,10.25
1425626187939,37.490373,139.929214,5,-0.039,-0.149,9.563,10.25
1425626188039,37.490375,139.929203,5,-0.05,-0.176,9.62,10.25
1425626188140,37.490376,139.929191,6,-0.123,-0.2,9.674,10.25
1425626188236,37.490378,139.92918,6,-0.138,-0.147,9.7,10.25
1425626188336,37.490379,139.929168,6,-0.208,-0.11,9.455,10.25
1425626188437,37.490381,139.929156,6,-0.237,-0.11,9.115,10.25
1425626188538,37.490382,139.929145,6,-0.215,-0.211,9.412,10.25
1425626188639,37.490384,139.929133,6,-0.163,-0.297,9.911,10.25
1425626188739,37.490385,139.929121,6,-0.042,-0.324,10.086,10.25
1425626188840,37.490387,139.929109,6,0.049,-0.348,9.991,10.25
1425626188936,37.490388,139.929098,6,0.118,-0.275,9.641,10.25
1425626189036,37.49039,139.929086,6,0.155,-0.237,9.339,10.25
1425626189137,37.490391,139.929073,11,0.192,-0.228,9.529,10.25
1425626189238,37.49039,139.929059,11,0.13,-0.274,9.362,10.25
1425626189338,37.49039,139.929045,11,0.111,-0.211,8.843,10.25
1425626189439,37.490389,139.929031,11,0.032,-0.144,9.103,10.25
1425626189540,37.490389,139.929016,11,-0.123,-0.293,9.384,10.25
1425626189636,37.490388,139.929003,11,-0.155,-0.446,9.754,10.25
1425626189736,37.490388,139.928989,11,-0.189,-0.473,9.947,10.25
1425626189837,37.490387,139.928974,11,-0.212,-0.422,9.803,10.25
1425626189938,37.490387,139.92896,11,-0.121,-0.34,9.431,10.25
1425626190038,37.490386,139.928946,11,-0.016,-0.248,9.104,10.25
1425626190139,37.490387,139.928934,12,0.114,-0.139,8.769,10.235
1425626190240,37.490391,139.928926,12,0.319,-0.19,8.96,10.184
1425626190340,37.490395,139.928918,12,0.366,-0.347,9.783,10.133
1425626190436,37.490399,139.928911,12,0.445,-0.463,10.405,10.084
1425626190537,37.490403,139.928903,12,0.331,-0.456,10.426,10.033
1425626190638,37.490407,139.928895,12,0.202,-0.414,10.128,9.983
1425626190738,37.490411,139.928888,12,0.185,-0.314,9.566,9.933
1425626190839,37.490415,139.92888,12,0.136,-0.222,9.314,9.883
1425626190940,37.490419,139.928873,12,0.142,-0.197,9.269,9.833
1425626191040,37.490422,139.928865,12,0.119,-0.165,9.08,9.784
1425626191136,37.490425,139.928857,12,-0.014,-0.231,9.109,9.75
1425626191237,37.490427,139.928846,12,-0.009,-0.205,9.053,9.75
1425626191338,37.490428,139.928835,12,-0.04,-0.272,9.382,9.75
1425626191438,37.490429,139.928824,12,0.043,-0.314,9.737,9.75
1425626191539,37.49043,139.928813,12,0.125,-0.312,9.623,9.75
1425626191640,37.490431,139.928802,12,0.079,-0.284,9.215,9.75
1425626191740,37.490433,139.928791,12,0.093,-0.232,9.135,9.75
1425626191836,37.490434,139.92878,12,0.137,-0.347,9.759,9.75
1425626191937,37.490435,139.928769,12,0.213,-0.433,10.219,9.75
1425626192037,37.490436,139.928758,12,0.27,-0.463,10.228,9.75
1425626192138,37.490437,139.928748,9,0.216,-0.408,9.881,9.743
1425626192239,37.490438,139.928739,9,0.259,-0.301,9.672,9.717
1425626192340,37.490438,139.92873,9,0.361,-0.225,9.462,9.692
1425626192440,37.490438,139.928721,9,0.393,-0.122,9.085,9.667
1425626192536,37.490439,139.928713,9,0.319,-0.33,9.227,9.643
1425626192637,37.490439,139.928704,9,0.329,-0.447,9.973,9.617
1425626192737,37.49044,139.928695,9,0.338,-0.467,10.462,9.592
1425626192838,37.49044,139.928686,9,0.196,-0.359,9.942,9.567
1425626192939,37.49044,139.928678,9,0.045,-0.295,9.174,9.542
1425626193039,37.490441,139.928669,9,-0.104,-0.164,8.911,9.518
1425626193140,37.49044,139.92866,11,-0.009,-0.066,8.472,9.492
1425626193236,37.490438,139.928652,11,-0.08,-0.096,8.562,9.468
1425626193337,37.490436,139.928643,11,-0.102,-0.179,9.069,9.443
1425626193437,37.490433,139.928634,11,-0.215,-0.325,9.723,9.418
1425626193538,37.490431,139.928625,11,-0.242,-0.438,9.885,9.392
1425626193639,37.490429,139.928616,11,-0.295,-0.312,9.469,9.367
1425626193739,37.490426,139.928607,11,-0.244,-0.348,9.811,9.342
1425626193840,37.490424,139.928598,11,-0.202,-0.31,9.765,9.317
1425626193936,37.490422,139.928589,11,-0.22,-0.29,9.874,9.293
1425626194037,37.49042,139.92858,11,-0.063,-0.331,9.769,9.268
1425626194137,37.490418,139.928571,11,-0.041,-0.309,9.621,9.25
1425626194238,37.490419,139.928561,11,0.059,-0.198,9.242,9.25
1425626194339,37.490421,139.92855,11,0.231,-0.121,8.965,9.25
1425626194439,37.490422,139.92854,11,0.314,-0.175,9.149,9.25
1425626194540,37.490423,139.928529,11,0.282,-0.317,9.684,9.25
1425626194636,37.490424,139.928519,11,0.228,-0.353,9.669,9.25
1425626194736,37.490425,139.928509,11,0.087,-0.374,9.819,9.25
1425626194837,37.490426,139.928498,11,-0.018,-0.386,10.113,9.25
1425626194938,37.490427,139.928488,11,-0.079,-0.285,9.735,9.25
1425626195039,37.490428,139.928477,11,-0.09,-0.135,8.99,9.25
1425626195139,37.49043,139.928467,8,-0.065,-0.086,8.788,9.243
1425626195240,37.490431,139.928458,8,-0.087,-0.144,9.25,9.217
1425626195336,37.490433,139.928449,8,-0.131,-0.217,9.505,9.193
1425626195436,37.490435,139.92844,8,-0.1,-0.25,9.438,9.168
1425626195537,37.490437,139.928431,8,-0.094,-0.303,9.585,9.142
1425626195638,37.490439,139.928422,8,-0.052,-0.342,9.861,9.117
1425626195738,37.490441,139.928413,8,-0.064,-0.311,9.647,9.092
1425626195839,37.490443,139.928404,8,-0.153,-0.281,9.232,9.067
1425626195940,37.490445,139.928395,8,-0.156,-0.293,9.543,9.042
1425626196036,37.490447,139.928387,8,-0.117,-0.342,10.101,9.018
1425626196136,37.490448,139.928377,8,-0.049,-0.35,9.87,9.0
1425626196237,37.49045,139.928367,8,0.005,-0.28,9.235,9.0
1425626196338,37.490451,139.928357,8,0.027,-0.19,9.031,9.0
1425626196438,37.490452,139.928347,8,0.221,-0.226,9.345,9.0
1425626196539,37.490453,139.928336,8,0.323,-0.393,9.615,9.0
1425626196640,37.490454,139.928326,8,0.398,-0.534,9.63,9.0
1425626196740,37.490456,139.928316,8,0.374,-0.722,9.666,9.0
1425626196836,37.490457,139.928306,8,0.308,-0.828,9.74,9.0
1425626196937,37.490458,139.928296,8,0.179,-0.91,9.531,9.0
1425626197038,37.490459,139.928285,8,0.043,-0.949,9.257,9.0
1425626197138,37.49046,139.928275,8,-0.018,-0.998,9.342,8.954
1425626197239,37.490461,139.928265,8,0.02,-1.039,9.602,8.791
1425626197340,37.490461,139.928255,8,-0.023,-1.081,9.681,8.631
1425626197440,37.490461,139.928245,8,-0.043,-1.039,9.519,8.475
1425626197536,37.490462,139.928235,8,-0.08,-0.967,9.053,8.328
1425626197642,37.490462,139.928225,8,-0.106,-0.992,9.238,8.168
1425626197738,37.490463,139.928216,8,-0.073,-1.027,9.506,8.026
1425626197837,37.490463,139.928207,8,-0.026,-1.096,9.741,7.882
1425626197939,37.490463,139.928198,8,-0.026,-1.148,9.969,7.737
1425626198038,37.490464,139.928189,8,-0.106,-1.112,9.835,7.599
1425626198140,37.490464,139.928181,8,-0.261,-1.0,9.426,7.5
1425626198236,37.490465,139.928173,8,-0.284,-0.832,8.867,7.5
1425626198337,37.490466,139.928164,8,-0.316,-0.794,8.902,7.5
1425626198437,37.490467,139.928156,8,-0.231,-0.883,9.515,7.5
1425626198538,37.490468,139.928148,8,-0.215,-1.023,9.952,7.5
1425626198639,37.490469,139.92814,8,-0.107,-0.992,9.963,7.5
1425626198739,37.49047,139.928131,8,-0.088,-0.866,9.634,7.5
1425626198840,37.490471,139.928123,8,-0.205,-0.858,9.537,7.5
1425626198936,37.490472,139.928115,8,-0.285,-0.782,9.521,7.5
1425626199037,37.490473,139.928107,8,-0.27,-0.718,9.352,7.5
1425626199137,37.490474,139.928099,8,-0.199,-0.717,9.284,7.471
1425626199238,37.490476,139.928092,8,-0.105,-0.751,9.386,7.364
1425626199339,37.490478,139.928084,8,-0.043,-0.769,9.367,7.258
1425626199439,37.49048,139.928077,8,0.027,-0.791,9.67,7.155
1425626199540,37.490482,139.92807,8,0.038,-0.836,9.818,7.052
1425626199636,37.490483,139.928063,8,0.076,-0.8,9.59,6.956
1425626199737,37.490485,139.928057,8,0.071,-0.758,9.28,6.856
1425626199837,37.490487,139.92805,8,0.006,-0.763,9.307,6.759
1425626199938,37.490488,139.928043,8,-0.011,-0.828,9.607,6.662
1425626200039,37.49049,139.928037,8,-0.007,-0.853,9.715,6.566
1425626200139,37.490491,139.92803,7,-0.001,-0.808,9.421,6.46
1425626200240,37.490491,139.928023,7,-0.026,-0.845,9.383,6.322
1425626200336,37.490491,139.928017,7,-0.018,-0.893,9.573,6.194
1425626200436,37.490492,139.92801,7,-0.008,-0.95,9.71,6.063
1425626200537,37.490492,139.928003,7,-0.003,-0.914,9.597,5.934
1425626200638,37.490492,139.927997,7,-0.034,-0.905,9.408,5.807
1425626200739,37.490492,139.927991,7,-0.042,-0.916,9.363,5.683
1425626200839,37.490493,139.927985,7,-0.016,-0.941,9.585,5.562
1425626200940,37.490493,139.927979,7,-0.02,-0.967,9.672,5.444
1425626201036,37.490493,139.927973,7,-0.02,-0.987,9.543,5.333
1425626201136,37.490493,139.927967,7,-0.028,-1.026,9.462,5.25
1425626201237,37.490494,139.927961,7,0.031,-1.048,9.505,5.25
1425626201338,37.490495,139.927955,7,0.042,-1.072,9.624,5.25
1425626201438,37.490496,139.927949,7,0.006,-1.082,9.483,5.25
1425626201539,37.490497,139.927943,7,0.004,-1.058,9.344,5.25
1425626201640,37.490498,139.927937,7,-0.025,-1.095,9.453,5.25
1425626201736,37.490499,139.927931,7,-0.02,-1.139,9.493,5.25
1425626201836,37.4905,139.927925,7,0.047,-1.158,9.5,5.25
1425626201937,37.490501,139.927919,7,0.064,-1.129,9.407,5.25
1425626202038,37.490502,139.927912,7,0.111,-1.142,9.544,5.25
1425626202138,37.490503,139.927906,8,0.09,-1.117,9.338,5.25
1425626202239,37.490504,139.927901,8,0.093,-1.115,9.23,5.25
1425626202340,37.490505,139.927895,8,0.109,-1.154,9.421,5.25
1425626202436,37.490506,139.927889,8,0.209,-1.223,9.731,5.25
1425626202536,37.490507,139.927883,8,0.26,-1.245,9.751,5.25
1425626202637,37.490508,139.927877,8,0.275,-1.246,9.678,5.25
1425626202738,37.490509,139.927872,8,0.266,-1.207,9.488,5.25
1425626202838,37.49051,139.927866,8,0.248,-1.155,9.252,5.25
1425626202939,37.490511,139.92786,8,0.187,-1.178,9.471,5.25
1425626203040,37.490512,139.927854,8,0.171,-1.184,9.67,5.25
1425626203140,37.490511,139.927849,14,0.199,-1.137,9.605,5.125
1425626203236,37.490507,139.927848,14,0.184,-1.073,9.538,4.74
1425626203337,37.490502,139.927846,14,0.172,-1.075,9.592,4.358
1425626203438,37.490497,139.927845,14,0.184,-1.045,9.439,4.002
1425626203538,37.490493,139.927843,14,0.226,-1.039,9.334,3.672
1425626203639,37.490489,139.927842,14,0.256,-1.053,9.54,3.364
1425626203740,37.490486,139.927841,14,0.241,-1.09,9.732,3.08
1425626203840,37.490482,139.927839,14,0.189,-1.08,9.546,2.823
1425626203936,37.490479,139.927839,14,0.123,-1.024,9.362,2.6
1425626204037,37.490477,139.927838,14,0.032,-0.975,9.338,2.388
1425626204137,37.490475,139.927837,14,0.019,-0.987,9.478,2.226
1425626204238,37.490475,139.927836,14,0.076,-1.026,9.608,2.137
1425626204339,37.490475,139.927835,14,0.166,-1.044,9.631,2.052
1425626204440,37.490475,139.927834,14,0.227,-1.023,9.53,1.969
1425626204540,37.490475,139.927833,14,0.266,-0.999,9.471,1.891
1425626204636,37.490475,139.927832,14,0.29,-0.989,9.572,1.818
1425626204737,37.490475,139.927831,14,0.247,-1.0,9.553,1.745
1425626204837,37.490475,139.92783,14,0.209,-0.999,9.454,1.675
1425626204938,37.490475,139.927829,14,0.179,-0.973,9.404,1.608
1425626205039,37.490475,139.927829,14,0.17,-1.008,9.469,1.543
1425626205139,37.490475,139.927827,10,0.209,-1.086,9.729,1.492
1425626205240,37.490477,139.927825,10,0.175,-1.095,9.612,1.465
1425626205336,37.490478,139.927823,10,0.132,-1.0,9.386,1.44
1425626205437,37.49048,139.92782,10,0.092,-0.9,9.329,1.413
1425626205537,37.490481,139.927818,10,0.129,-0.827,9.443,1.388
1425626205638,37.490483,139.927816,10,0.207,-0.778,9.617,1.362
1425626205739,37.490484,139.927814,10,0.253,-0.76,9.655,1.337
1425626205839,37.490485,139.927812,10,0.314,-0.679,9.58,1.313
1425626205940,37.490487,139.927809,10,0.297,-0.605,9.462,1.289
1425626206036,37.490488,139.927807,10,0.263,-0.536,9.443,1.267
1425626206137,37.490489,139.927805,10,0.185,-0.523,9.458,1.233
1425626206237,37.490489,139.927803,10,0.116,-0.507,9.471,1.173
1425626206338,37.490489,139.927801,10,0.138,-0.485,9.5,1.114
1425626206439,37.490489,139.927799,10,0.212,-0.518,9.532,1.058
1425626206539,37.490489,139.927797,10,0.308,-0.513,9.517,1.005
1425626206640,37.490488,139.927795,10,0.376,-0.506,9.514,0.954
1425626206736,37.490488,139.927794,10,0.35,-0.513,9.501,0.908
1425626206836,37.490488,139.927792,10,0.285,-0.498,9.514,0.862
1425626206937,37.490488,139.92779,10,0.217,-0.488,9.532,0.819
1425626207038,37.490488,139.927789,10,0.187,-0.499,9.493,0.778
1425626207139,37.490488,139.927788,7,0.209,-0.488,9.482,0.75
1425626207239,37.490488,139.927787,7,0.231,-0.482,9.475,0.75
1425626207340,37.490488,139.927786,7,0.26,-0.533,9.498,0.75
1425626207436,37.490488,139.927785,7,0.295,-0.538,9.537,0.75
1425626207536,37.490488,139.927785,7,0.301,-0.528,9.54,0.75
1425626207637,37.490489,139.927784,7,0.309,-0.537,9.535,0.75
1425626207738,37.490489,139.927783,7,0.28,-0.532,9.517,0.75
1425626207838,37.490489,139.927782,7,0.275,-0.514,9.521,0.75
1425626207939,37.490489,139.927781,7,0.237,-0.523,9.498,0.75
1425626208040,37.490489,139.927781,7,0.228,-0.544,9.499,0.75
1425626208136,37.490489,139.927779,7,0.262,-0.53,9.527,0.712
1425626208236,37.490488,139.927777,7,0.276,-0.53,9.523,0.573
1425626208337,37.490487,139.927775,7,0.305,-0.535,9.536,0.448
1425626208438,37.490487,139.927773,7,0.297,-0.536,9.519,0.339
1425626208538,37.490486,139.927771,7,0.268,-0.533,9.506,0.245
1425626208639,37.490486,139.92777,7,0.255,-0.454,9.564,0.166
1425626208740,37.490486,139.927769,7,0.252,-0.294,9.602,0.103
1425626208836,37.490485,139.927768,7,0.289,-0.088,9.572,0.056
1425626208936,37.490485,139.927767,7,0.305,0.012,9.406,0.023
1425626209037,37.490485,139.927767,7,0.304,-0.001,9.345,0.004
1425626228333,37.490592,139.927062,5,0.311,-0.054,9.516,6.25
1425626228338,37.490592,139.927062,5,0.313,-0.042,9.51,6.25
1425626228438,37.490593,139.927055,5,0.298,0.246,8.957,6.25
1425626228539,37.490594,139.927048,5,0.274,0.322,9.179,6.25
1425626228640,37.490594,139.92704,5,0.151,0.307,9.338,6.25
1425626228740,37.490595,139.927033,5,0.169,0.388,9.536,6.25
1425626228836,37.490595,139.927026,5,0.148,0.527,9.43,6.25
1425626228937,37.490596,139.927019,5,0.144,0.801,8.435,6.25
1425626229038,37.490597,139.927012,5,0.111,0.856,7.922,6.25
1425626229138,37.490598,139.927005,6,0.103,0.803,8.295,6.257
1425626229239,37.4906,139.926998,6,0.089,0.692,9.056,6.282
1425626229340,37.490602,139.926991,6,0.081,0.425,10.173,6.307
1425626229440,37.490605,139.926984,6,0.082,0.342,10.04,6.331
1425626229536,37.490607,139.926977,6,0.139,0.341,9.715,6.355
1425626229637,37.49061,139.926969,6,0.148,0.309,9.824,6.381
1425626229737,37.490612,139.926962,6,0.128,0.426,9.775,6.406
1425626229838,37.490614,139.926955,6,0.101,0.477,9.663,6.431
1425626229939,37.490617,139.926948,6,0.099,0.598,9.128,6.457
1425626230040,37.490619,139.92694,6,0.087,0.644,8.719,6.482
1425626230140,37.490621,139.926933,6,0.107,0.537,9.1,6.521
1425626230236,37.490623,139.926925,6,0.034,0.434,9.655,6.59
1425626233333,37.490671,139.92665,6,-0.005,0.277,10.009,8.194
1425626233338,37.490671,139.92665,6,-0.007,0.271,10.015,8.192
1425626233439,37.490672,139.92664,6,-0.095,-0.112,10.127,8.167
1425626233539,37.490672,139.926631,6,-0.187,-0.357,9.918,8.142
1425626233640,37.490673,139.926622,6,-0.253,-0.39,9.533,8.117
1425626233736,37.490674,139.926613,6,-0.28,-0.405,9.531,8.093
1425626233836,37.490675,139.926604,6,-0.23,-0.43,9.622,8.068
1425626233937,37.490676,139.926595,6,-0.167,-0.504,9.687,8.043
1425626234038,37.490676,139.926586,6,-0.211,-0.482,9.462,8.018
1425626234138,37.490677,139.926577,5,-0.145,-0.435,9.269,7.993
1425626234239,37.490678,139.926568,5,-0.132,-0.38,9.312,7.967
1425626234340,37.490678,139.92656,5,-0.194,-0.409,9.455,7.942
1425626234440,37.490678,139.926552,5,-0.177,-0.419,9.498,7.917
1425626234536,37.490679,139.926544,5,-0.198,-0.46,9.533,7.893
1425626234637,37.490679,139.926535,5,-0.235,-0.464,9.468,7.867
1425626234738,37.49068,139.926527,5,-0.239,-0.427,9.446,7.842
1425626234838,37.49068,139.926519,5,-0.279,-0.393,9.56,7.817
1425626234939,37.49068,139.926511,5,-0.266,-0.404,9.512,7.792
1425626235040,37.490681,139.926503,5,-0.377,-0.344,9.182,7.767
1425626235140,37.490681,139.926494,5,-0.551,-0.284,9.06,7.75
1425626235236,37.490682,139.926486,5,-0.665,-0.22,8.858,7.75
1425626235337,37.490682,139.926477,5,-0.674,-0.274,9.028,7.75
1425626235438,37.490682,139.926469,5,-0.629,-0.262,8.793,7.75
1425626235538,37.490683,139.92646,5,-0.385,-0.581,10.416,7.75
1425626235639,37.490683,139.926452,5,-0.251,-0.874,11.562,7.75
1425626235740,37.490684,139.926443,5,-0.204,-0.731,10.221,7.75
1425626235840,37.490684,139.926434,5,-0.124,-0.564,9.126,7.75
1425626235936,37.490684,139.926426,5,0.067,-0.475,9.512,7.75
1425626236037,37.490685,139.926417,5,0.161,-0.431,9.862,7.75
1425626236137,37.490685,139.926409,5,0.27,-0.262,9.01,7.743
1425626236238,37.490686,139.926401,5,0.481,-0.236,8.464,7.718
1425626236339,37.490687,139.926392,5,0.643,-0.416,9.025,7.692
1425626236440,37.490687,139.926384,5,0.762,-0.724,10.507,7.667
1425626236540,37.490688,139.926376,5,0.791,-0.829,10.957,7.641
1425626236636,37.490689,139.926369,5,0.731,-0.668,9.86,7.617
1425626236737,37.490689,139.926361,5,0.661,-0.458,8.956,7.592
1425626236837,37.49069,139.926353,5,0.574,-0.365,8.973,7.567
1425626236938,37.490691,139.926345,5,0.48,-0.438,9.386,7.542
1425626237039,37.490692,139.926337,5,0.464,-0.578,9.695,7.517
1425626237139,37.490692,139.926328,6,0.533,-0.736,9.741,7.5
1425626237240,37.490693,139.926319,6,0.58,-0.679,9.745,7.5
1425626237336,37.490694,139.92631,6,0.619,-0.673,9.541,7.5
1425626237437,37.490695,139.926301,6,0.562,-0.651,9.143,7.5
1425626237537,37.490696,139.926292,6,0.453,-0.695,9.218,7.5
1425626237638,37.490697,139.926282,6,0.302,-0.793,9.477,7.5
1425626237739,37.490698,139.926273,6,0.242,-0.825,9.388,7.5
1425626237839,37.490699,139.926264,6,0.189,-0.85,9.342,7.5
1425626237940,37.490699,139.926255,6,0.208,-0.971,9.503,7.5
1425626238036,37.4907,139.926246,6,0.236,-1.09,9.667,7.5
1425626238137,37.490701,139.926237,7,0.252,-1.219,9.555,7.463
1425626238237,37.490699,139.926231,7,0.213,-1.268,9.242,7.329
1425626238338,37.490698,139.926224,7,0.2,-1.325,9.366,7.195
1425626238439,37.490697,139.926218,7,0.195,-1.372,9.616,7.064
1425626238539,37.490696,139.926212,7,0.217,-1.348,9.427,6.936
1425626238640,37.490695,139.926206,7,0.16,-1.413,9.563,6.809
1425626238736,37.490694,139.9262,7,0.091,-1.468,9.661,6.691
1425626238836,37.490693,139.926194,7,0.048,-1.493,9.645,6.57
1425626238937,37.490692,139.926189,7,-0.008,-1.442,9.439,6.45
1425626239038,37.490691,139.926183,7,-0.062,-1.423,9.327,6.332
1425626239139,37.490691,139.926178,8,-0.077,-1.355,9.525,6.219
1425626239239,37.490692,139.926172,8,-0.029,-1.175,9.935,6.111
1425626239340,37.490694,139.926167,8,0.026,-0.904,9.893,6.005
1425626239436,37.490696,139.926163,8,0.072,-0.639,9.379,5.905
1425626239536,37.490698,139.926158,8,0.108,-0.439,9.143,5.803
1425626239637,37.490699,139.926153,8,0.138,-0.326,9.462,5.701
1425626239738,37.490701,139.926149,8,0.111,-0.227,9.662,5.602
1425626239838,37.490703,139.926144,8,0.054,-0.111,9.339,5.505
1425626239939,37.490704,139.926139,8,0.017,-0.037,9.089,5.409
1425626240040,37.490706,139.926135,8,-0.036,-0.046,8.914,5.314
1425626240141,37.490707,139.92613,8,-0.172,-0.229,9.835,5.242
1425626240236,37.490706,139.926126,8,0.002,-0.325,10.214,5.218
1425626240342,37.490706,139.92612,8,-0.048,-0.264,9.945,5.191
1425626240438,37.490705,139.926115,8,-0.027,-0.151,9.458,5.167
1425626240537,37.490704,139.92611,8,0.027,-0.047,9.084,5.142
1425626240639,37.490704,139.926105,8,0.018,-0.04,9.133,5.116
1425626240738,37.490703,139.9261,8,-0.091,-0.097,9.518,5.092
1425626240841,37.490703,139.926095,8,-0.113,-0.152,9.935,5.066
1425626240936,37.490702,139.926091,8,-0.161,-0.102,9.638,5.043
1425626241037,37.490701,139.926086,8,-0.218,-0.022,9.165,5.018
1425626241138,37.490701,139.92608,7,-0.214,-0.012,9.145,5.0
1425626241238,37.4907,139.926074,7,-0.16,-0.066,9.524,5.0
1425626241339,37.4907,139.926068,7,-0.173,-0.104,9.641,5.0
1425626241440,37.490699,139.926062,7,-0.22,-0.142,9.651,5.0
1425626241540,37.490698,139.926056,7,-0.243,-0.083,9.497,5.0
1425626241636,37.490698,139.92605,7,-0.241,-0.07,9.431,5.0
1425626241737,37.490697,139.926044,7,-0.22,-0.063,9.459,5.0
1425626241838,37.490697,139.926038,7,-0.202,-0.053,9.504,5.0
1425626241938,37.490696,139.926032,7,-0.19,-0.091,9.687,5.0
1425626242039,37.490695,139.926026,7,-0.118,-0.097,9.694,5.0
1425626242140,37.490695,139.92602,7,-0.023,-0.076,9.433,5.0
1425626242240,37.490696,139.926015,7,-0.027,-0.053,9.249,5.0
1425626242336,37.490697,139.926009,7,0.031,0.041,8.866,5.0
1425626242437,37.490698,139.926004,7,0.118,-0.062,9.262,5.0
1425626242537,37.490699,139.925998,7,0.173,-0.227,10.078,5.0
1425626242638,37.4907,139.925992,7,0.143,-0.336,10.431,5.0
1425626242739,37.490701,139.925987,7,0.142,-0.245,9.939,5.0
1425626242840,37.490702,139.925981,7,0.11,-0.109,9.23,5.0
1425626242940,37.490702,139.925976,7,0.113,-0.059,8.976,5.0
1425626243036,37.490703,139.92597,7,0.121,-0.107,9.198,5.0
1425626243137,37.490704,139.925964,5,0.022,-0.269,9.696,5.0
1425626243237,37.490705,139.925959,5,-0.124,-0.395,9.94,5.0
1425626243338,37.490706,139.925953,5,-0.187,-0.481,9.586,5.0
1425626243439,37.490707,139.925948,5,-0.179,-0.519,9.212,5.0
1425626243539,37.490708,139.925942,5,-0.227,-0.597,9.323,5.0
1425626243640,37.490709,139.925936,5,-0.233,-0.665,9.641,5.0
1425626243736,37.49071,139.925931,5,-0.238,-0.707,9.591,5.0
1425626243837,37.490711,139.925925,5,-0.237,-0.679,9.285,5.0
1425626243937,37.490711,139.92592,5,-0.187,-0.756,9.482,5.0
1425626244038,37.490712,139.925914,5,-0.13,-0.84,9.666,5.0
1425626244139,37.490713,139.925908,6,-0.155,-0.94,9.639,4.977
1425626244239,37.490712,139.925903,6,-0.276,-0.977,9.505,4.896
1425626244340,37.490712,139.925898,6,-0.321,-1.022,9.451,4.817
1425626244436,37.490712,139.925893,6,-0.256,-1.023,9.428,4.742
1425626244537,37.490711,139.925888,6,-0.227,-1.055,9.48,4.665
1425626244637,37.490711,139.925883,6,-0.24,-1.074,9.589,4.59
1425626244738,37.49071,139.925878,6,-0.264,-1.097,9.636,4.515
1425626244839,37.49071,139.925873,6,-0.24,-1.079,9.574,4.441
1425626244939,37.49071,139.925869,6,-0.162,-1.052,9.518,4.37
1425626245040,37.490709,139.925864,6,-0.135,-1.021,9.493,4.299
1425626245136,37.490709,139.92586,6,-0.19,-0.961,9.563,4.221
1425626245236,37.490709,139.925855,6,-0.275,-0.912,9.593,4.109
1425626245337,37.490709,139.92585,6,-0.324,-0.877,9.579,4.0
1425626245438,37.490709,139.925846,6,-0.246,-0.753,9.667,3.893
1425626245539,37.490709,139.925841,6,-0.09,-0.494,9.676,3.788
1425626245639,37.49071,139.925837,6,0.092,-0.287,9.586,3.688
1425626245740,37.49071,139.925833,6,0.195,-0.133,9.33,3.589
1425626245836,37.49071,139.925829,6,0.181,-0.053,9.186,3.497
1425626245936,37.49071,139.925825,6,0.112,-0.082,9.26,3.405
1425626246037,37.49071,139.925821,6,0.038,-0.211,9.517,3.314
1425626246138,37.49071,139.925817,5,-0.035,-0.434,9.666,3.25
1425626246238,37.490711,139.925814,5,-0.083,-0.306,9.765,3.25
1425626246339,37.490711,139.92581,5,-0.064,0.214,9.876,3.25
1425626246440,37.490712,139.925807,5,-0.005,0.681,9.677,3.25
1425626246536,37.490712,139.925804,5,-0.035,0.704,9.145,3.25
1425626246636,37.490713,139.925801,5,-0.162,0.554,8.903,3.25
1425626246737,37.490713,139.925797,5,-0.271,0.483,9.241,3.25
1425626246838,37.490714,139.925794,5,-0.31,0.513,9.807,3.25
1425626246938,37.490714,139.925791,5,-0.344,0.541,9.927,3.25
1425626247039,37.490715,139.925787,5,-0.369,0.588,9.592,3.25
1425626247140,37.490715,139.925784,5,-0.469,0.697,9.324,3.27
1425626247240,37.490716,139.925779,5,-0.539,0.815,9.473,3.339
1425626256334,37.490826,139.925163,4,-0.514,0.889,9.505,7.5
1425626256339,37.490826,139.925162,4,-0.51,0.886,9.5,7.5
1425626256440,37.490827,139.925154,4,-0.28,0.322,10.022,7.5
1425626256536,37.490827,139.925146,4,-0.126,0.04,9.918,7.5
1425626256637,37.490828,139.925138,4,-0.049,-0.048,9.311,7.5
1425626256737,37.490829,139.92513,4,-0.062,-0.151,9.136,7.5
1425626256838,37.49083,139.925122,4,-0.118,-0.084,9.095,7.5
1425626256939,37.490831,139.925114,4,-0.029,-0.184,9.288,7.5
1425626257039,37.490831,139.925106,4,-0.142,-0.276,9.757,7.5
1425626257140,37.490832,139.925098,4,-0.232,-0.257,9.603,7.492
1425626257236,37.490834,139.92509,4,-0.161,-0.167,9.208,7.468
1425626257337,37.490835,139.925082,4,-0.328,-0.219,9.362,7.443
1425626257437,37.490836,139.925074,4,-0.397,-0.22,9.517,7.417
1425626257538,37.490837,139.925065,4,-0.432,-0.117,9.263,7.392
1425626257639,37.490838,139.925057,4,-0.449,-0.159,9.464,7.367
1425626257739,37.49084,139.925049,4,-0.332,-0.268,10.006,7.342
1425626257840,37.490841,139.925041,4,-0.189,-0.221,9.993,7.317
1425626257936,37.490842,139.925034,4,-0.132,-0.187,9.629,7.293
1425626258036,37.490843,139.925026,4,-0.161,-0.088,8.942,7.268
1425626258137,37.490844,139.925018,5,-0.015,-0.016,8.875,7.25
1425626258238,37.490844,139.92501,5,0.135,-0.051,9.48,7.25
1425626258338,37.490844,139.925003,5,0.239,0.0,9.277,7.25
1425626258439,37.490844,139.924995,5,0.269,-0.099,9.408,7.25
1425626258540,37.490844,139.924988,5,0.233,-0.137,9.387,7.25
1425626258636,37.490843,139.924981,5,0.255,-0.198,9.703,7.25
1425626258736,37.490843,139.924973,5,0.11,-0.357,10.472,7.25
1425626258837,37.490843,139.924965,5,0.093,-0.489,10.921,7.25
1425626258938,37.490843,139.924958,5,0.208,-0.471,10.581,7.25
1425626259038,37.490843,139.92495,5,0.309,-0.197,9.288,7.25
1425626259139,37.490843,139.924943,5,0.04,-0.058,8.747,7.243
1425626259240,37.490844,139.924934,5,-0.055,0.04,9.046,7.217
1425626259336,37.490844,139.924926,5,-0.086,0.041,9.276,7.193
1425626259436,37.490845,139.924917,5,-0.065,0.005,8.943,7.168
1425626259537,37.490845,139.924909,5,-0.097,-0.095,9.016,7.142
1425626259638,37.490846,139.9249,5,-0.114,-0.168,9.801,7.117
1425626259738,37.490846,139.924892,5,-0.159,-0.236,10.397,7.092
1425626259839,37.490847,139.924883,5,-0.267,-0.157,10.22,7.067
1425626259940,37.490847,139.924875,5,-0.318,0.04,9.38,7.042
1425626260041,37.490848,139.924867,5,-0.327,0.197,8.887,7.017
1425626260136,37.490848,139.924859,5,-0.291,0.282,8.96,7.006
1425626260237,37.49085,139.924851,5,-0.286,0.275,9.189,7.031
1425626260338,37.490852,139.924843,5,-0.236,0.329,9.124,7.056
1425626260438,37.490854,139.924834,5,-0.138,0.297,9.404,7.081
1425626260539,37.490855,139.924826,5,0.009,0.305,9.513,7.106
1425626260640,37.490857,139.924818,5,0.097,0.214,9.878,7.131
1425626260740,37.490859,139.92481,5,0.113,0.119,10.169,7.156
1425626260836,37.49086,139.924802,5,0.046,0.099,10.008,7.181
1425626260937,37.490862,139.924793,5,0.006,0.161,9.509,7.206
1425626261038,37.490864,139.924785,5,0.029,0.248,9.198,7.232
1425626261138,37.490865,139.924777,3,0.083,0.308,9.239,7.25
1425626261239,37.490866,139.924768,3,0.021,0.286,9.191,7.25
1425626261340,37.490867,139.92476,3,-0.104,0.222,9.308,7.25
1425626261440,37.490868,139.924752,3,-0.169,0.119,9.549,7.25
1425626261536,37.490869,139.924744,3,-0.077,0.063,9.383,7.25
1425626261637,37.49087,139.924736,3,0.061,-0.012,9.573,7.25
1425626261737,37.490871,139.924728,3,0.176,-0.114,10.033,7.25
1425626261838,37.490872,139.924719,3,0.29,-0.168,9.917,7.25
1425626261939,37.490872,139.924711,3,0.243,-0.138,9.128,7.25
1425626262040,37.490873,139.924703,3,0.154,-0.194,9.178,7.25
1425626262140,37.490874,139.924695,5,0.13,-0.256,9.663,7.25
1425626262236,37.490876,139.924688,5,0.045,-0.338,9.945,7.25
1425626262337,37.490877,139.92468,5,-0.093,-0.29,9.66,7.25
1425626262437,37.490878,139.924673,5,-0.15,-0.239,9.371,7.25
1425626262538,37.49088,139.924665,5,-0.201,-0.357,9.586,7.25
1425626262639,37.490881,139.924658,5,-0.258,-0.348,9.645,7.25
1425626262740,37.490882,139.92465,5,-0.24,-0.261,9.42,7.25
1425626262840,37.490883,139.924643,5,-0.286,-0.201,9.288,7.25
1425626262936,37.490885,139.924636,5,-0.296,-0.264,9.315,7.25
1425626263037,37.490886,139.924628,5,-0.213,-0.277,9.395,7.25
1425626263137,37.490887,139.924621,5,-0.205,-0.281,9.369,7.25
1425626263238,37.490889,139.924613,5,-0.221,-0.298,9.522,7.25
1425626263339,37.49089,139.924605,5,-0.266,-0.358,9.538,7.25
1425626263439,37.490891,139.924598,5,-0.302,-0.307,9.409,7.25
1425626263540,37.490892,139.92459,5,-0.373,-0.343,9.375,7.25
1425626263636,37.490893,139.924583,5,-0.336,-0.392,9.521,7.25
1425626263736,37.490895,139.924575,5,-0.355,-0.6,9.808,7.25
1425626263837,37.490896,139.924567,5,-0.456,-0.577,8.931,7.25
1425626263938,37.490897,139.924559,5,-0.397,-0.717,9.056,7.25
1425626264039,37.490898,139.924551,5,-0.389,-0.915,9.794,7.25
1425626264139,37.490899,139.924544,5,-0.454,-1.053,10.029,7.227
1425626264240,37.4909,139.924537,5,-0.38,-1.065,9.864,7.148
1425626264336,37.490901,139.92453,5,-0.28,-0.974,9.558,7.073
1425626264436,37.490901,139.924523,5,-0.229,-0.954,9.396,6.997
1425626264537,37.490902,139.924516,5,-0.24,-0.994,9.403,6.92
1425626264638,37.490903,139.924509,5,-0.178,-0.995,9.472,6.844
1425626264738,37.490903,139.924502,5,-0.076,-0.95,9.44,6.769
1425626264839,37.490904,139.924495,5,0.022,-0.988,9.464,6.695
1425626264940,37.490905,139.924488,5,0.008,-0.977,9.474,6.622
1425626265036,37.490906,139.924482,5,-0.013,-0.97,9.554,6.553
1425626265136,37.490906,139.924475,5,-0.046,-0.96,9.46,6.479
1425626265237,37.490906,139.924468,5,-0.016,-0.888,9.662,6.4
1425626265338,37.490907,139.924461,5,-0.057,-0.786,9.583,6.321
1425626265438,37.490907,139.924455,5,-0.128,-0.658,9.53,6.244
1425626265539,37.490907,139.924448,5,-0.208,-0.581,9.393,6.167
1425626265640,37.490908,139.924442,5,-0.123,-0.468,9.441,6.091
1425626265736,37.490908,139.924435,5,-0.047,-0.402,9.535,6.02
1425626265836,37.490908,139.924429,5,-0.1,-0.317,9.442,5.946
1425626265937,37.490909,139.924423,5,-0.144,-0.222,9.016,5.873
1425626266038,37.490909,139.924416,5,-0.065,-0.319,9.704,5.801
1425626266138,37.490909,139.92441,6,-0.016,-0.279,10.029,5.743
1425626266239,37.490911,139.924404,6,-0.021,-0.108,9.856,5.717
1425626266340,37.490913,139.924398,6,0.021,0.145,9.409,5.692
1425626266440,37.490914,139.924392,6,0.142,0.168,9.184,5.666
1425626266536,37.490916,139.924386,6,0.224,0.286,8.827,5.642
1425626266637,37.490918,139.92438,6,0.296,0.302,9.22,5.617
1425626266738,37.490919,139.924374,6,0.364,0.146,10.03,5.592
1425626266838,37.490921,139.924368,6,0.377,0.191,10.246,5.567
1425626266939,37.490922,139.924362,6,0.271,0.33,9.934,5.542
1425626267040,37.490924,139.924356,6,0.196,0.534,9.248,5.517
1425626267140,37.490926,139.92435,6,-0.086,0.628,9.114,5.507
1425626267236,37.490927,139.924344,6,-0.358,0.666,9.332,5.531
1425626271335,37.490959,139.92401,5,-0.494,0.73,9.614,7.5
1425626271340,37.490959,139.92401,5,-0.497,0.734,9.635,7.5
1425626271436,37.490959,139.924001,5,-0.484,0.388,10.073,7.5
1425626271536,37.49096,139.923992,5,-0.487,0.111,10.209,7.5
1425626271637,37.49096,139.923983,5,-0.414,0.062,9.728,7.5
1425626271738,37.490961,139.923974,5,-0.435,0.069,9.392,7.5
1425626271838,37.490961,139.923965,5,-0.473,0.169,9.301,7.5
1425626271939,37.490961,139.923956,5,-0.427,0.149,9.334,7.5
1425626272040,37.490962,139.923947,5,-0.301,0.186,9.114,7.5
1425626272140,37.490963,139.923939,6,-0.137,0.177,9.054,7.5
1425626272236,37.490965,139.923931,6,-0.19,0.088,9.596,7.5
1425626272337,37.490968,139.923924,6,-0.249,0.032,10.013,7.5
1425626272438,37.49097,139.923916,6,-0.288,0.016,9.898,7.5
1425626272538,37.490973,139.923908,6,-0.333,0.059,9.565,7.5
1425626272639,37.490975,139.9239,6,-0.344,0.117,9.32,7.5
1425626272740,37.490978,139.923892,6,-0.387,0.093,9.36,7.5
1425626272840,37.49098,139.923885,6,-0.383,0.057,9.493,7.5
1425626272936,37.490983,139.923877,6,-0.327,0.015,9.717,7.5
1425626273037,37.490985,139.92387,6,-0.271,0.028,9.451,7.5
1425626273138,37.490987,139.923862,6,-0.157,0.111,9.275,7.5
1425626273238,37.490988,139.923853,6,-0.095,0.01,9.752,7.5
1425626273339,37.490989,139.923844,6,-0.173,0.038,9.544,7.5
1425626273440,37.49099,139.923835,6,-0.194,0.161,8.937,7.5
1425626273540,37.490991,139.923826,6,-0.363,0.109,9.256,7.5
1425626273636,37.490992,139.923817,6,-0.364,0.005,9.966,7.5
1425626273737,37.490993,139.923808,6,-0.261,-0.01,10.032,7.5
1425626273838,37.490994,139.923799,6,-0.256,0.081,9.343,7.5
1425626273938,37.490995,139.92379,6,-0.355,0.181,8.941,7.5
1425626274039,37.490996,139.923781,6,-0.348,0.149,9.226,7.5
1425626274140,37.490997,139.923772,5,-0.284,0.064,9.869,7.507
1425626274240,37.490997,139.923763,5,-0.208,0.032,9.834,7.532
1425626274336,37.490997,139.923754,5,-0.203,0.037,9.514,7.556
1425626274437,37.490997,139.923745,5,-0.18,-0.01,9.518,7.581
1425626274537,37.490997,139.923736,5,-0.325,-0.012,9.849,7.606
1425626274638,37.490998,139.923727,5,-0.513,0.034,9.851,7.631
1425626274739,37.490998,139.923717,5,-0.589,0.119,9.309,7.656
1425626274840,37.490998,139.923708,5,-0.554,0.188,8.83,7.682
1425626274940,37.490998,139.923699,5,-0.478,0.187,8.965,7.707
1425626275036,37.490998,139.92369,5,-0.457,0.11,9.487,7.731
1425626275137,37.490998,139.923681,5,-0.417,0.059,9.671,7.75
1425626275238,37.491,139.923672,5,-0.311,0.055,9.772,7.75
1425626275338,37.491001,139.923664,5,-0.385,0.039,9.682,7.75
1425626275439,37.491002,139.923655,5,-0.397,0.057,9.658,7.75
1425626275539,37.491004,139.923647,5,-0.318,0.003,9.876,7.75
1425626275640,37.491005,139.923638,5,-0.528,0.083,9.38,7.75
1425626275736,37.491006,139.92363,5,-0.623,0.071,9.4,7.75
1425626275837,37.491007,139.923621,5,-0.635,0.11,9.346,7.75
1425626275937,37.491009,139.923613,5,-0.638,0.099,9.325,7.75
1425626276038,37.49101,139.923604,5,-0.589,0.119,9.257,7.75
1425626276139,37.491011,139.923595,4,-0.565,0.057,9.402,7.757
1425626276239,37.491013,139.923585,4,-0.422,0.05,9.636,7.782
1425626276340,37.491014,139.923575,4,-0.205,0.035,9.632,7.807
1425626276436,37.491016,139.923565,4,-0.129,0.053,9.4,7.831
1425626276537,37.491017,139.923555,4,0.073,0.037,9.352,7.856
1425626276637,37.491019,139.923545,4,0.048,0.02,9.077,7.881
1425626276738,37.49102,139.923535,4,-0.123,-0.137,9.846,7.906
1425626276839,37.491022,139.923525,4,-0.069,-0.193,10.144,7.931
1425626276939,37.491023,139.923515,4,-0.214,-0.112,9.706,7.957
1425626277040,37.491025,139.923504,4,-0.277,-0.066,9.277,7.982
1425626277136,37.491026,139.923495,5,-0.304,-0.004,9.422,8.0
1425626277236,37.491028,139.923488,5,-0.373,-0.016,9.692,8.0
1425626277337,37.491029,139.92348,5,-0.402,-0.046,9.758,8.0
1425626277438,37.49103,139.923473,5,-0.439,-0.028,9.78,8.0
1425626277538,37.491031,139.923465,5,-0.47,0.176,8.903,8.0
1425626277639,37.491032,139.923458,5,-0.503,0.213,9.088,8.0
1425626277740,37.491034,139.92345,5,-0.55,0.086,9.682,8.0
1425626277836,37.491035,139.923443,5,-0.571,0.062,9.406,8.0
1425626277936,37.491036,139.923436,5,-0.502,0.072,9.136,8.0
1425626278037,37.491037,139.923428,5,-0.418,0.064,9.493,8.0
1425626278138,37.491038,139.923421,5,-0.466,-0.021,10.007,8.0
1425626278238,37.491039,139.923412,5,-0.474,-0.02,10.034,8.0
1425626278340,37.49104,139.923403,5,-0.522,0.069,9.325,8.0
1425626278440,37.491041,139.923394,5,-0.573,0.074,9.12,8.0
1425626278536,37.491041,139.923386,5,-0.506,0.116,9.152,8.0
1425626278636,37.491042,139.923377,5,-0.4,0.178,8.999,8.0
1425626278737,37.491043,139.923368,5,-0.169,0.086,9.206,8.0
1425626278838,37.491044,139.923359,5,0.139,-0.022,9.592,8.0
1425626278938,37.491045,139.92335,5,0.206,-0.097,9.979,8.0
1425626279039,37.491045,139.923341,5,0.276,-0.161,10.02,8.0
1425626279140,37.491046,139.923332,4,0.307,-0.188,10.331,8.0
1425626279236,37.491047,139.923323,4,0.157,-0.125,9.791,8.0
1425626279336,37.491048,139.923313,4,0.214,0.018,9.064,8.0
1425626279437,37.491049,139.923303,4,0.053,0.227,8.088,8.0
1425626279538,37.49105,139.923293,4,0.037,0.031,8.711,8.0
1425626279638,37.491051,139.923283,4,-0.005,-0.125,10.231,8.0
1425626279739,37.491052,139.923273,4,-0.135,-0.285,10.671,8.0
1425626279840,37.491053,139.923263,4,-0.029,-0.131,9.572,8.0
1425626279940,37.491054,139.923254,4,-0.297,-0.156,9.5,8.0
1425626280036,37.491055,139.923244,4,-0.12,-0.075,9.483,8.0
1425626280137,37.491056,139.923235,4,-0.027,-0.001,9.528,8.0
1425626280237,37.491057,139.923226,4,0.142,0.137,8.894,8.0
1425626280338,37.491059,139.923217,4,0.213,0.13,8.577,8.0
1425626280439,37.49106,139.923209,4,0.267,0.014,9.348,8.0
1425626280540,37.491061,139.9232,4,0.325,-0.14,10.35,8.0
1425626280640,37.491062,139.923191,4,0.175,-0.176,10.359,8.0
1425626280736,37.491063,139.923183,4,-0.002,-0.077,9.493,8.0
1425626280837,37.491064,139.923174,4,-0.149,-0.001,9.112,8.0
1425626280937,37.491065,139.923166,4,-0.308,0.01,9.3,8.0
1425626281038,37.491066,139.923157,4,-0.362,-0.018,9.465,8.0
1425626281139,37.491067,139.923149,4,-0.348,-0.061,9.589,8.0
1425626281240,37.491069,139.92314,4,-0.365,-0.068,9.635,8.0
1425626281340,37.49107,139.923131,4,-0.375,-0.027,9.581,8.0
1425626281436,37.491071,139.923123,4,-0.357,0.026,9.306,8.0
1425626281537,37.491073,139.923114,4,-0.329,0.069,9.124,8.0
1425626281637,37.491074,139.923106,4,-0.326,0.006,9.441,8.0
1425626281738,37.491075,139.923097,4,-0.361,-0.086,9.727,8.0
1425626281839,37.491076,139.923088,4,-0.336,-0.056,9.5,8.0
1425626281940,37.491078,139.92308,4,-0.203,-0.001,9.289,8.0
1425626282040,37.491079,139.923071,4,-0.081,-0.023,9.498,8.0
1425626282136,37.49108,139.923063,4,0.092,-0.072,9.581,8.0
1425626282237,37.491082,139.923054,4,0.282,-0.122,9.67,8.0
1425626282337,37.491084,139.923045,4,0.249,-0.116,9.333,8.0
1425626282438,37.491086,139.923036,4,0.322,-0.146,9.718,8.0
1425626282539,37.491087,139.923027,4,0.388,-0.22,10.149,8.0
1425626282639,37.491089,139.923018,4,0.273,-0.124,9.63,8.0
1425626282740,37.491091,139.92301,4,0.156,-0.058,9.035,8.0
1425626282841,37.491092,139.923001,4,0.021,-0.086,9.253,8.0
1425626282936,37.491094,139.922992,4,-0.112,-0.15,9.696,8.0
1425626283036,37.491096,139.922984,4,-0.133,-0.228,9.713,8.0
1425626283138,37.491097,139.922974,4,-0.033,-0.176,9.358,7.993
1425626283237,37.491099,139.922966,4,-0.076,-0.193,9.576,7.968
1425626283339,37.4911,139.922956,4,-0.096,-0.166,9.68,7.942
1425626283438,37.491101,139.922947,4,-0.178,-0.137,9.489,7.917
1425626283536,37.491102,139.922939,4,-0.251,-0.101,9.257,7.893
1425626283636,37.491103,139.92293,4,-0.194,-0.074,9.251,7.868
1425626283737,37.491105,139.922921,4,-0.174,-0.08,9.132,7.842
1425626283838,37.491106,139.922912,4,-0.062,-0.089,9.386,7.817
1425626283939,37.491107,139.922903,4,0.069,-0.171,9.795,7.792
1425626284039,37.491108,139.922894,4,0.045,-0.16,9.785,7.767
1425626284140,37.491109,139.922886,5,0.017,-0.114,9.672,7.757
1425626284236,37.491111,139.922878,5,0.037,-0.029,9.506,7.781
1425626284336,37.491112,139.922869,5,-0.081,-0.051,9.595,7.806
1425626284437,37.491113,139.922861,5,-0.088,-0.029,9.588,7.831
1425626284538,37.491115,139.922853,5,-0.094,-0.031,9.414,7.856
1425626284638,37.491116,139.922844,5,-0.143,-0.063,9.569,7.881
1425626284739,37.491117,139.922836,5,-0.295,-0.071,9.546,7.906
1425626284840,37.491118,139.922828,5,-0.387,-0.052,9.478,7.932
1425626284936,37.49112,139.92282,5,-0.347,-0.223,9.664,7.956
1425626285036,37.491121,139.922811,5,-0.254,-0.143,9.38,7.981
1425626285137,37.491122,139.922803,5,-0.178,-0.124,9.328,7.993
1425626285238,37.491122,139.922794,5,-0.145,-0.159,9.477,7.968
1425626285338,37.491122,139.922786,5,-0.115,-0.171,9.382,7.942
1425626285439,37.491123,139.922777,5,-0.127,-0.218,9.365,7.917
1425626285540,37.491123,139.922769,5,-0.076,-0.226,9.588,7.892
1425626285641,37.491123,139.92276,5,-0.04,-0.255,9.733,7.866
1425626285736,37.491123,139.922752,5,-0.027,-0.214,9.574,7.843
1425626285837,37.491123,139.922744,5,0.017,-0.175,9.399,7.817
1425626285938,37.491124,139.922735,5,0.082,-0.184,9.476,7.792
1425626286038,37.491124,139.922727,5,0.103,-0.197,9.692,7.768
1425626286139,37.491124,139.922718,5,0.127,-0.151,9.503,7.743
1425626286240,37.491125,139.922709,5,0.129,-0.14,9.289,7.717
1425626286340,37.491125,139.9227,5,0.074,-0.167,9.471,7.692
1425626286436,37.491126,139.922691,5,0.078,-0.15,9.588,7.668
1425626286537,37.491126,139.922682,5,0.105,-0.171,9.611,7.642
1425626286638,37.491127,139.922673,5,0.144,-0.161,9.529,7.617
1425626286738,37.491127,139.922664,5,0.206,-0.126,9.38,7.592
1425626286839,37.491128,139.922655,5,0.3,-0.085,9.36,7.567
1425626286940,37.491128,139.922646,5,0.347,-0.118,9.499,7.542
1425626287040,37.491129,139.922637,5,0.404,-0.152,9.679,7.517
1425626287136,37.491129,139.922629,5,0.413,-0.165,9.584,7.5
1425626287237,37.491131,139.92262,5,0.351,-0.168,9.532,7.5
1425626287337,37.491132,139.922612,5,0.304,-0.213,9.768,7.5
1425626287438,37.491133,139.922603,5,0.34,-0.18,9.709,7.5
1425626287539,37.491135,139.922595,5,0.375,-0.117,9.379,7.5
1425626287640,37.491136,139.922586,5,0.343,-0.062,9.237,7.5
1425626287740,37.491137,139.922578,5,0.242,-0.097,9.458,7.5
1425626287836,37.491138,139.92257,5,0.306,-0.057,9.109,7.5
1425626287937,37.49114,139.922562,5,0.411,-0.045,9.109,7.5
1425626288037,37.491141,139.922553,5,0.439,-0.176,9.634,7.5
1425626288138,37.491142,139.922545,5,0.507,-0.277,10.079,7.5
1425626288239,37.491143,139.922537,5,0.463,-0.269,10.022,7.5
1425626288339,37.491145,139.922529,5,0.362,-0.206,9.283,7.5
1425626288440,37.491146,139.922521,5,0.242,-0.135,9.233,7.5
1425626288536,37.491147,139.922514,5,0.159,-0.136,9.893,7.5
1425626288637,37.491148,139.922506,5,0.095,-0.071,9.964,7.5
1425626288737,37.491149,139.922498,5,-0.011,-0.028,9.633,7.5
1425626288838,37.49115,139.92249,5,-0.153,-0.032,9.562,7.5
1425626288939,37.491151,139.922482,5,-0.283,0.011,9.67,7.5
1425626289039,37.491152,139.922475,5,-0.293,0.058,9.738,7.5
1425626289140,37.491154,139.922466,6,-0.326,0.136,9.706,7.5
1425626289236,37.491157,139.922458,6,-0.234,0.171,9.589,7.5
1425626289336,37.491159,139.92245,6,-0.15,0.139,9.677,7.5
1425626289437,37.491162,139.922441,6,-0.1,0.254,9.139,7.5
1425626289538,37.491165,139.922432,6,-0.302,0.248,9.358,7.5
1425626289639,37.491168,139.922424,6,-0.198,0.365,9.183,7.5
1425626289739,37.491171,139.922415,6,-0.039,0.376,9.159,7.5
1425626289841,37.491173,139.922406,6,0.032,0.285,9.711,7.5
1425626289936,37.491176,139.922398,6,-0.081,0.234,9.935,7.5
1425626290036,37.491179,139.922389,6,-0.266,0.216,9.975,7.5
1425626290137,37.491181,139.922381,6,-0.554,0.252,9.658,7.507
1425626290238,37.491183,139.922372,6,-0.73,0.31,9.241,7.532
1425626290338,37.491184,139.922364,6,-0.617,0.47,8.647,7.556
1425626290439,37.491185,139.922355,6,-0.57,0.402,8.664,7.581
1425626290540,37.491186,139.922346,6,-0.555,0.245,8.983,7.606
1425626290636,37.491187,139.922338,6,-0.505,0.095,9.432,7.63
1425626290736,37.491188,139.922329,6,-0.447,0.02,9.671,7.656
1425626290837,37.49119,139.922321,6,-0.262,-0.024,9.962,7.681
1425626290938,37.491191,139.922312,6,-0.179,-0.043,10.016,7.706
1425626291038,37.491192,139.922303,6,-0.206,0.001,9.717,7.732
1425626291139,37.491193,139.922294,5,-0.36,0.048,9.412,7.75
1425626291240,37.491195,139.922285,5,-0.495,0.047,9.36,7.75
1425626291336,37.491197,139.922277,5,-0.598,0.07,9.427,7.75
1425626291436,37.491198,139.922268,5,-0.597,0.062,9.528,7.75
1425626291537,37.4912,139.922259,5,-0.528,0.026,9.643,7.75
1425626291638,37.491201,139.92225,5,-0.407,0.003,9.624,7.75
1425626291738,37.491203,139.922241,5,-0.339,0.028,9.401,7.75
1425626291839,37.491205,139.922232,5,-0.344,0.02,9.271,7.75
1425626291940,37.491206,139.922223,5,-0.365,0.004,9.409,7.75
1425626292040,37.491208,139.922214,5,-0.401,-0.079,9.608,7.75
1425626292136,37.491209,139.922206,4,-0.353,-0.107,9.604,7.75
1425626292237,37.49121,139.922197,4,-0.305,-0.157,9.719,7.75
1425626292338,37.49121,139.922188,4,-0.251,-0.187,10.018,7.75
1425626292438,37.491211,139.922179,4,-0.228,-0.164,9.883,7.75
1425626292539,37.491212,139.92217,4,-0.287,-0.084,9.367,7.75
1425626292640,37.491212,139.922161,4,-0.287,0.021,8.805,7.75
1425626292741,37.491213,139.922152,4,-0.256,0.063,8.813,7.75
1425626292837,37.491213,139.922144,4,-0.267,-0.003,9.232,7.75
1425626292937,37.491214,139.922135,4,-0.226,-0.12,9.72,7.75
1425626293037,37.491215,139.922126,4,-0.126,-0.163,9.807,7.75
1425626293138,37.491215,139.922117,5,-0.073,-0.124,9.632,7.75
1425626293239,37.491215,139.922108,5,-0.141,-0.144,9.773,7.75
1425626293340,37.491215,139.922099,5,-0.125,-0.102,9.642,7.75
1425626293440,37.491216,139.92209,5,-0.151,-0.095,9.479,7.75
1425626293536,37.491216,139.922081,5,-0.096,-0.059,9.293,7.75
1425626293637,37.491216,139.922072,5,0.051,-0.07,9.397,7.75
1425626293737,37.491216,139.922063,5,0.136,-0.062,9.549,7.75
1425626293838,37.491216,139.922054,5,0.17,-0.053,9.444,7.75
1425626293939,37.491217,139.922045,5,0.18,-0.021,9.321,7.75
1425626294040,37.491217,139.922035,5,0.198,-0.046,9.505,7.75
1425626294140,37.491217,139.922026,5,0.201,-0.062,9.618,7.75
1425626294236,37.491218,139.922018,5,0.181,-0.098,9.734,7.75
1425626294337,37.491219,139.922009,5,0.196,-0.081,9.629,7.75
1425626294437,37.49122,139.922,5,0.182,-0.079,9.501,7.75
1425626294538,37.49122,139.921991,5,0.174,-0.048,9.473,7.75
1425626294639,37.491221,139.921982,5,0.118,-0.03,9.449,7.75
1425626294739,37.491222,139.921973,5,0.033,-0.096,9.737,7.75
1425626294840,37.491223,139.921964,5,-0.066,-0.143,9.929,7.75
1425626294936,37.491224,139.921955,5,-0.112,-0.103,9.637,7.75
1425626295036,37.491224,139.921947,5,-0.07,-0.043,9.359,7.75
1425626295137,37.491225,139.921938,5,-0.03,-0.014,9.239,7.75
1425626295238,37.491227,139.921929,5,-0.005,-0.025,9.432,7.75
1425626295339,37.491228,139.92192,5,0.028,-0.024,9.408,7.75
1425626295439,37.49123,139.921912,5,0.062,-0.025,9.25,7.75
1425626295540,37.491231,139.921903,5,0.097,-0.07,9.534,7.75
1425626295636,37.491233,139.921895,5,0.084,-0.116,9.605,7.75
1425626295736,37.491234,139.921886,5,0.125,-0.173,9.337,7.75
1425626295837,37.491236,139.921877,5,0.166,-0.137,9.087,7.75
1425626295938,37.491237,139.921869,5,0.167,-0.192,9.393,7.75
1425626296039,37.491239,139.92186,5,0.109,-0.356,9.816,7.75
1425626296139,37.49124,139.921852,7,0.092,-0.338,9.799,7.743
1425626296240,37.491242,139.921844,7,0.095,-0.295,9.474,7.717
1425626296336,37.491243,139.921836,7,0.054,-0.257,9.42,7.693
1425626296436,37.491244,139.921828,7,0.017,-0.255,9.542,7.668
1425626296537,37.491245,139.92182,7,-0.0,-0.245,9.428,7.642
1425626296638,37.491246,139.921812,7,-0.016,-0.266,9.455,7.617
1425626296738,37.491248,139.921804,7,-0.028,-0.315,9.756,7.592
1425626296839,37.491249,139.921796,7,0.011,-0.338,9.929,7.567
1425626296940,37.49125,139.921788,7,0.075,-0.245,9.481,7.542
1425626297036,37.491251,139.921781,7,0.062,-0.158,9.01,7.518
1425626297141,37.491252,139.921772,7,0.083,-0.155,9.211,7.508
1425626297237,37.491252,139.921765,7,0.132,-0.319,10.103,7.531
1425626297336,37.491252,139.921756,7,0.049,-0.366,10.34,7.556
1425626297438,37.491252,139.921748,7,0.026,-0.303,9.765,7.581
1425626297537,37.491252,139.92174,7,0.058,-0.225,9.289,7.606
1425626297640,37.491251,139.921731,7,0.061,-0.141,9.42,7.631
1425626297739,37.491251,139.921723,7,0.06,-0.114,9.562,7.656
1425626297836,37.491251,139.921715,7,0.032,-0.02,9.571,7.681
1425626297937,37.491251,139.921707,7,-0.007,0.049,9.155,7.706
1425626298038,37.491251,139.921698,7,-0.058,0.078,8.914,7.732
1425626298138,37.491251,139.92169,7,-0.18,0.106,9.184,7.743
1425626298239,37.491252,139.92168,7,-0.224,0.098,9.735,7.717
1425626298340,37.491253,139.921672,7,-0.242,0.099,9.594,7.692
1425626298440,37.491253,139.921663,7,-0.361,0.112,9.403,7.667
1425626298536,37.491254,139.921654,7,-0.31,0.018,9.759,7.642
1425626298637,37.491255,139.921645,7,-0.254,0.011,10.194,7.617
1425626298737,37.491255,139.921636,7,-0.14,0.03,10.143,7.592
1425626298838,37.491256,139.921628,7,-0.058,0.126,9.473,7.567
1425626298939,37.491257,139.921619,7,0.024,0.183,8.922,7.542
1425626299040,37.491258,139.92161,7,0.073,0.197,9.073,7.517
1425626299140,37.491258,139.921601,7,0.065,0.215,9.094,7.5
1425626299236,37.491258,139.921593,7,-0.03,0.271,8.759,7.5
1425626299337,37.491258,139.921585,7,-0.055,0.203,8.944,7.5
1425626299437,37.491258,139.921576,7,0.142,0.038,10.312,7.5
1425626299538,37.491258,139.921568,7,0.214,-0.016,10.605,7.5
1425626299639,37.491259,139.921559,7,0.145,0.039,9.959,7.5
1425626299740,37.491259,139.92155,7,-0.094,0.02,9.715,7.5
1425626299840,37.491259,139.921542,7,-0.235,0.184,9.396,7.5
1425626299936,37.491259,139.921534,7,-0.421,0.278,9.161,7.5
1425626300037,37.491259,139.921525,7,-0.271,0.405,8.383,7.5
1425626300137,37.491259,139.921517,6,-0.231,0.433,9.034,7.5
1425626300238,37.491259,139.921508,6,-0.276,0.187,9.493,7.5
1425626300339,37.491259,139.9215,6,-0.286,0.17,9.49,7.5
1425626300440,37.491259,139.921491,6,-0.409,0.136,9.24,7.5
1425626300540,37.491259,139.921482,6,-0.541,0.181,9.023,7.5
1425626300636,37.491259,139.921474,6,-0.465,0.08,9.605,7.5
1425626300737,37.491259,139.921466,6,-0.442,0.141,9.636,7.5
1425626300837,37.491259,139.921457,6,-0.268,0.097,9.507,7.5
1425626300938,37.491259,139.921449,6,-0.14,-0.107,10.087,7.5
1425626301039,37.491259,139.92144,6,-0.016,-0.107,10.323,7.5
1425626301139,37.491259,139.921431,7,-0.027,-0.103,10.094,7.5
1425626301240,37.491259,139.921422,7,-0.038,0.014,9.495,7.5
1425626301336,37.491259,139.921414,7,-0.075,0.059,9.251,7.5
1425626301437,37.491259,139.921405,7,-0.133,0.164,8.971,7.5
1425626301537,37.491259,139.921396,7,-0.098,0.133,8.864,7.5
1425626301638,37.491258,139.921386,7,-0.031,0.058,8.991,7.5
1425626301739,37.491258,139.921377,7,-0.069,-0.128,9.86,7.5
1425626301839,37.491258,139.921368,7,-0.003,-0.236,10.298,7.5
1425626301940,37.491258,139.921359,7,0.055,-0.196,9.875,7.5
1425626302036,37.491258,139.921351,7,0.098,-0.045,9.477,7.5
1425626302136,37.491258,139.921342,8,0.152,0.05,9.18,7.5
1425626302237,37.491257,139.921333,8,0.196,0.097,9.036,7.5
1425626302338,37.491256,139.921324,8,0.363,0.108,9.093,7.5
1425626302439,37.491255,139.921315,8,0.394,-0.017,9.553,7.5
1425626302539,37.491255,139.921306,8,0.367,-0.047,9.673,7.5
1425626302640,37.491254,139.921297,8,0.299,0.018,9.136,7.5
1425626302736,37.491253,139.921288,8,0.064,0.014,9.083,7.5
1425626302836,37.491252,139.921279,8,0.054,0.015,9.243,7.5
1425626302937,37.491251,139.92127,8,0.104,-0.063,9.59,7.5
1425626303038,37.491251,139.921261,8,0.058,-0.179,9.785,7.5
1425626303139,37.49125,139.921253,8,0.061,-0.166,9.612,7.507
1425626303239,37.491251,139.921244,8,0.019,-0.218,9.94,7.532
1425626303340,37.491251,139.921235,8,-0.066,-0.257,10.442,7.557
1425626303436,37.491252,139.921227,8,-0.269,-0.206,10.121,7.581
1425626303536,37.491253,139.921218,8,-0.354,-0.028,9.121,7.605
1425626303637,37.491253,139.92121,8,-0.449,0.06,8.482,7.631
1425626303738,37.491254,139.921201,8,-0.338,0.053,8.797,7.656
1425626303838,37.491254,139.921192,8,-0.155,-0.138,9.675,7.681
1425626303939,37.491255,139.921183,8,0.007,-0.327,10.415,7.707
1425626304040,37.491256,139.921174,8,0.099,-0.366,10.208,7.732
1425626304141,37.491256,139.921165,6,0.163,-0.283,9.464,7.75
1425626304236,37.491257,139.921158,6,0.162,-0.286,9.652,7.75
1425626304337,37.491258,139.921149,6,0.169,-0.263,9.688,7.75
1425626304438,37.491259,139.921141,6,0.188,-0.165,9.277,7.75
1425626304538,37.491259,139.921133,6,0.291,-0.111,8.822,7.75
1425626304639,37.49126,139.921125,6,0.213,-0.209,9.051,7.75
1425626304740,37.491261,139.921116,6,0.154,-0.311,9.786,7.75
1425626304840,37.491262,139.921108,6,-0.042,-0.278,9.877,7.75
1425626304936,37.491263,139.9211,6,-0.21,-0.298,9.656,7.75
1425626305037,37.491263,139.921092,6,-0.192,-0.183,8.94,7.75
1425626305137,37.491264,139.921084,6,-0.045,-0.114,8.768,7.743
1425626305238,37.491264,139.921075,6,-0.058,-0.201,9.54,7.718
1425626305339,37.491265,139.921067,6,-0.189,-0.352,10.196,7.692
1425626305440,37.491265,139.921058,6,-0.262,-0.418,10.085,7.667
1425626305540,37.491265,139.92105,6,-0.297,-0.262,9.406,7.641
1425626305636,37.491266,139.921042,6,-0.298,-0.208,9.045,7.617
1425626305737,37.491266,139.921034,6,-0.281,-0.203,9.47,7.592
1425626305837,37.491266,139.921025,6,-0.223,-0.132,9.497,7.567
1425626305938,37.491266,139.921017,6,-0.424,-0.157,9.459,7.542
1425626306039,37.491267,139.921009,6,-0.87,-0.111,8.957,7.517
1425626306140,37.491267,139.921001,6,-1.107,-0.227,9.449,7.492
1425626306240,37.491269,139.920993,6,-1.043,-0.301,10.215,7.467
1425626306336,37.49127,139.920986,6,-0.964,-0.275,10.016,7.443
1425626306437,37.491271,139.920979,6,-0.757,-0.113,9.087,7.417
1425626306537,37.491273,139.920972,6,-0.665,-0.076,8.81,7.392
1425626306638,37.491274,139.920964,6,-0.663,-0.201,9.335,7.367
1425626306739,37.491275,139.920957,6,-0.637,-0.212,9.563,7.342
1425626306839,37.491277,139.92095,6,-0.681,-0.312,9.864,7.317
1425626306940,37.491278,139.920942,6,-0.626,-0.361,9.762,7.292
1425626307036,37.491279,139.920935,6,-0.57,-0.299,9.59,7.268
1425626307137,37.49128,139.920928,6,-0.535,-0.223,9.371,7.25
1425626307237,37.49128,139.92092,6,-0.457,-0.197,9.271,7.25
1425626307339,37.49128,139.920912,6,-0.302,-0.207,9.392,7.25
1425626307439,37.49128,139.920904,6,-0.23,-0.241,9.487,7.25
1425626307539,37.49128,139.920896,6,-0.247,-0.262,9.536,7.25
1425626307640,37.491281,139.920888,6,-0.31,-0.298,9.633,7.25
1425626307736,37.491281,139.92088,6,-0.356,-0.269,9.583,7.25
1425626307837,37.491281,139.920872,6,-0.39,-0.233,9.368,7.25
1425626307937,37.491281,139.920864,6,-0.355,-0.239,9.287,7.25
1425626308038,37.491281,139.920856,6,-0.278,-0.312,9.522,7.25
1425626308139,37.491281,139.920848,5,-0.231,-0.38,9.646,7.243
1425626308239,37.491281,139.92084,5,-0.167,-0.445,9.501,7.217
1425626308340,37.491281,139.920832,5,-0.209,-0.493,9.24,7.192
1425626308436,37.491281,139.920824,5,-0.113,-0.639,9.522,7.168
1425626308536,37.491281,139.920816,5,-0.106,-0.727,9.731,7.142
1425626308637,37.491282,139.920808,5,-0.04,-0.797,9.736,7.117
1425626308738,37.491282,139.9208,5,0.079,-0.856,9.624,7.092
1425626308839,37.491282,139.920792,5,0.136,-0.864,9.446,7.067
1425626308939,37.491282,139.920784,5,0.018,-0.881,9.375,7.042
1425626309040,37.491282,139.920776,5,0.049,-0.842,9.307,7.017
1425626309136,37.491282,139.920769,6,0.024,-1.022,9.739,6.964
1425626309236,37.491283,139.920763,6,0.038,-1.101,9.944,6.829
1425626309337,37.491283,139.920757,6,0.01,-1.078,9.849,6.695
1425626309438,37.491283,139.920751,6,0.028,-1.025,9.49,6.563
1425626309539,37.491284,139.920746,6,-0.035,-0.988,9.158,6.434
1425626309639,37.491284,139.92074,6,-0.084,-0.941,9.187,6.308
1425626309740,37.491285,139.920734,6,-0.145,-1.03,9.451,6.184
1425626309836,37.491285,139.920729,6,-0.208,-1.019,9.499,6.068
1425626309936,37.491285,139.920724,6,-0.255,-1.002,9.308,5.95
1425626310037,37.491286,139.920719,6,-0.215,-1.005,9.471,5.833
1425626310138,37.491286,139.920713,6,-0.13,-1.044,9.827,5.728
1425626310238,37.491286,139.920708,6,-0.191,-1.003,9.717,5.648
1425626310339,37.491287,139.920702,6,-0.283,-0.89,9.397,5.569
1425626310440,37.491287,139.920696,6,-0.284,-0.849,9.292,5.491
1425626310541,37.491287,139.92069,6,-0.229,-0.872,9.591,5.414
1425626310636,37.491288,139.920685,6,-0.308,-0.918,9.865,5.342
1425626310737,37.491288,139.92068,6,-0.391,-0.873,9.566,5.268
1425626310838,37.491288,139.920674,6,-0.399,-0.793,9.225,5.194
1425626310938,37.491289,139.920669,6,-0.465,-0.731,9.23,5.122
1425626311039,37.491289,139.920664,6,-0.385,-0.732,9.403,5.05
1425626311140,37.491289,139.920659,6,-0.351,-0.775,9.826,4.976
1425626311240,37.49129,139.920654,6,-0.317,-0.689,9.979,4.896
1425626311336,37.49129,139.92065,6,-0.283,-0.567,9.721,4.82
1425626311442,37.49129,139.920645,6,-0.271,-0.428,9.345,4.738
1425626311538,37.491291,139.920641,6,-0.276,-0.328,9.264,4.664
1425626311637,37.491291,139.920637,6,-0.329,-0.267,9.423,4.59
1425626311739,37.491292,139.920633,6,-0.457,-0.259,9.731,4.514
1425626311838,37.491292,139.920629,6,-0.627,-0.166,9.64,4.442
1425626311940,37.491292,139.920625,6,-0.729,-0.09,9.201,4.369
1425626312036,37.491293,139.920621,6,-0.761,-0.104,9.053,4.301
1425626312137,37.491293,139.920617,7,-0.636,-0.069,9.139,4.243
1425626312237,37.491292,139.920612,7,-0.483,-0.187,9.55,4.217
1425626312338,37.491291,139.920607,7,-0.31,-0.251,9.893,4.192
1425626312439,37.49129,139.920603,7,-0.209,-0.153,9.649,4.166
1425626312540,37.491289,139.920598,7,-0.138,-0.059,9.342,4.141
1425626312640,37.491288,139.920593,7,-0.142,-0.057,9.353,4.116
1425626312736,37.491287,139.920589,7,-0.171,-0.121,9.752,4.092
1425626312837,37.491286,139.920584,7,-0.231,0.142,10.247,4.067
1425626312937,37.491285,139.92058,7,-0.255,0.38,9.957,4.042
1425626313038,37.491284,139.920575,7,-0.348,0.352,9.7,4.017
1425626313139,37.491283,139.920571,7,-0.293,0.483,9.65,4.007
1425626313240,37.491283,139.920566,7,-0.211,0.699,8.947,4.032
1425626316331,37.491306,139.920406,5,-0.174,0.647,8.719,5.25
1425626316336,37.491306,139.920406,5,-0.176,0.625,8.743,5.25
1425626316437,37.491308,139.9204,5,-0.202,0.118,9.203,5.25
1425626316538,37.49131,139.920395,5,-0.3,-0.102,9.317,5.25
1425626316638,37.491312,139.920389,5,-0.42,-0.169,9.425,5.25
1425626316739,37.491314,139.920383,5,-0.477,-0.229,9.401,5.25
1425626316840,37.491316,139.920377,5,-0.507,-0.263,9.459,5.25
1425626316936,37.491318,139.920372,5,-0.555,-0.262,9.452,5.25
1425626317036,37.49132,139.920366,5,-0.639,-0.309,9.564,5.25
1425626317137,37.491321,139.92036,6,-0.654,-0.353,9.698,5.243
1425626317238,37.491323,139.920355,6,-0.681,-0.254,9.338,5.217
1425626317338,37.491325,139.920349,6,-0.677,-0.215,8.96,5.192
1425626317439,37.491326,139.920343,6,-0.482,-0.36,9.317,5.166
1425626317540,37.491328,139.920338,6,-0.448,-0.515,9.559,5.141
1425626317641,37.49133,139.920332,6,-0.407,-0.678,9.831,5.116
1425626317736,37.491331,139.920327,6,-0.376,-0.758,9.768,5.092
1425626317837,37.491333,139.920321,6,-0.43,-0.712,9.381,5.067
1425626317938,37.491334,139.920315,6,-0.458,-0.563,8.954,5.042
1425626318038,37.491336,139.92031,6,-0.369,-0.581,9.349,5.018
1425626318139,37.491337,139.920304,6,-0.337,-0.61,9.826,5.0
1425626318240,37.491338,139.920299,6,-0.346,-0.567,9.747,5.0
1425626318340,37.491339,139.920293,6,-0.322,-0.508,9.894,5.0
1425626318436,37.49134,139.920288,6,-0.265,-0.414,9.534,5.0
1425626318537,37.49134,139.920283,6,-0.164,-0.374,9.226,5.0
1425626318637,37.491341,139.920277,6,-0.148,-0.333,9.231,5.0
1425626318738,37.491342,139.920271,6,-0.245,-0.344,9.36,5.0
1425626318839,37.491343,139.920266,6,-0.386,-0.347,9.488,5.0
1425626318940,37.491344,139.92026,6,-0.465,-0.359,9.686,5.0
1425626319040,37.491344,139.920255,6,-0.451,-0.324,9.563,5.0
1425626319136,37.491345,139.920251,7,-0.385,-0.302,9.216,4.963
1425626319237,37.491346,139.920249,7,-0.271,-0.374,9.421,4.821
1425626319337,37.491346,139.920247,7,-0.069,-0.341,9.522,4.685
1425626319438,37.491346,139.920245,7,0.001,-0.367,9.584,4.551
1425626319539,37.491347,139.920244,7,-0.013,-0.376,9.665,4.42
1425626319640,37.491347,139.920242,7,-0.084,-0.352,9.637,4.293
1425626319740,37.491348,139.92024,7,-0.176,-0.323,9.503,4.171
1425626319836,37.491348,139.920239,7,-0.223,-0.334,9.457,4.057
1425626319937,37.491348,139.920237,7,-0.215,-0.304,9.439,3.941
1425626320037,37.491349,139.920236,7,-0.192,-0.283,9.445,3.829
1425626320138,37.491349,139.920234,7,-0.11,-0.244,9.439,3.75
1425626320239,37.491349,139.92023,7,-0.094,-0.321,9.749,3.75
1425626320339,37.49135,139.920225,7,-0.078,-0.278,9.806,3.75
1425626320440,37.49135,139.920221,7,-0.09,-0.176,9.431,3.75
1425626320536,37.49135,139.920217,7,-0.106,-0.074,9.238,3.75
1425626320637,37.491351,139.920213,7,-0.182,-0.069,9.392,3.75
1425626320737,37.491351,139.920209,7,-0.227,-0.135,9.546,3.75
1425626320838,37.491351,139.920204,7,-0.22,-0.174,9.618,3.75
1425626320939,37.491351,139.9202,7,-0.216,-0.2,9.674,3.75
1425626321039,37.491352,139.920196,7,-0.128,-0.192,9.748,3.75
1425626321140,37.491352,139.920191,5,-0.11,-0.149,9.625,3.742
1425626321236,37.491353,139.920187,5,-0.11,-0.138,9.362,3.718
1425626321337,37.491353,139.920182,5,-0.044,-0.069,9.139,3.692
1425626321437,37.491353,139.920177,5,-0.019,-0.035,9.152,3.666
1425626321538,37.491354,139.920172,5,0.009,-0.1,9.588,3.641
1425626321639,37.491354,139.920167,5,0.008,-0.079,9.44,3.616
1425626321739,37.491355,139.920162,5,-0.063,-0.077,9.441,3.591
1425626321840,37.491355,139.920157,5,-0.153,-0.101,9.647,3.566
1425626321936,37.491355,139.920152,5,-0.213,-0.152,9.698,3.542
1425626322036,37.491356,139.920148,5,-0.161,-0.219,9.669,3.518
1425626322137,37.491356,139.920143,4,-0.062,-0.273,9.427,3.493
1425626322238,37.491356,139.92014,4,-0.016,-0.328,9.22,3.467
1425626322339,37.491356,139.920136,4,-0.12,-0.439,9.368,3.441
1425626322439,37.491357,139.920133,4,-0.232,-0.527,9.724,3.416
1425626322540,37.491357,139.920129,4,-0.371,-0.577,9.735,3.39
1425626322636,37.491357,139.920126,4,-0.441,-0.568,9.479,3.366
1425626322736,37.491357,139.920122,4,-0.421,-0.528,9.251,3.341
1425626322837,37.491357,139.920119,4,-0.325,-0.582,9.561,3.316
1425626322938,37.491358,139.920116,4,-0.212,-0.649,9.739,3.292
1425626323038,37.491358,139.920112,4,-0.209,-0.609,9.402,3.267
1425626323139,37.491358,139.920109,5,-0.283,-0.612,9.189,3.225
1425626323240,37.491359,139.920105,5,-0.377,-0.648,9.382,3.141
1425626323336,37.49136,139.920102,5,-0.378,-0.69,9.619,3.063
1425626323436,37.49136,139.920099,5,-0.322,-0.636,9.641,2.984
1425626323537,37.491361,139.920095,5,-0.194,-0.463,9.569,2.906
1425626323638,37.491362,139.920092,5,-0.129,-0.332,9.419,2.83
1425626323738,37.491363,139.920089,5,-0.068,-0.249,9.356,2.756
1425626323839,37.491363,139.920086,5,-0.05,-0.277,9.457,2.684
1425626323940,37.491364,139.920083,5,-0.033,-0.312,9.658,2.614
1425626324040,37.491365,139.92008,5,-0.052,-0.299,9.613,2.546
1425626324136,37.491365,139.920077,5,-0.074,-0.233,9.479,2.5
1425626324237,37.491365,139.920075,5,-0.134,-0.228,9.39,2.5
1425626324338,37.491366,139.920072,5,-0.235,-0.225,9.381,2.5
1425626324438,37.491366,139.920069,5,-0.274,-0.236,9.383,2.5
1425626324539,37.491366,139.920066,5,-0.192,-0.285,9.671,2.5
1425626324640,37.491367,139.920064,5,-0.063,-0.284,9.809,2.5
1425626324740,37.491367,139.920061,5,-0.05,-0.265,9.572,2.5
1425626324836,37.491367,139.920058,5,-0.03,-0.275,9.496,2.5
1425626324937,37.491367,139.920056,5,-0.01,-0.355,9.657,2.5
1425626325037,37.491368,139.920053,5,0.001,-0.362,9.788,2.5
1425626325138,37.491368,139.92005,6,-0.112,-0.3,9.585,2.493
1425626325239,37.491369,139.920048,6,-0.273,-0.199,9.268,2.466
1425626325340,37.49137,139.920046,6,-0.427,-0.149,9.06,2.44
1425626325440,37.49137,139.920044,6,-0.411,-0.211,9.39,2.415
1425626325541,37.491371,139.920042,6,-0.279,-0.32,9.871,2.389
1425626325637,37.491372,139.92004,6,-0.189,-0.309,9.849,2.365
1425626325736,37.491372,139.920038,6,-0.092,-0.231,9.551,2.34
1425626325838,37.491373,139.920035,6,-0.084,-0.176,9.347,2.315
1425626325937,37.491374,139.920033,6,-0.081,-0.139,9.431,2.291
1425626326040,37.491375,139.920031,6,-0.158,-0.116,9.482,2.267
1425626326139,37.491375,139.920029,6,-0.275,-0.128,9.705,2.242
1425626326236,37.491376,139.920027,6,-0.329,-0.112,9.644,2.217
1425626326337,37.491377,139.920024,6,-0.33,-0.029,9.321,2.191
1425626326437,37.491378,139.920021,6,-0.304,0.013,9.203,2.165
1425626326538,37.491379,139.920019,6,-0.28,-0.048,9.535,2.139
1425626326639,37.491379,139.920016,6,-0.26,-0.131,9.75,2.114
1425626326739,37.49138,139.920014,6,-0.244,-0.021,9.624,2.089
1425626326840,37.491381,139.920011,6,-0.205,0.206,9.395,2.065
1425626326936,37.491382,139.920009,6,-0.211,0.392,9.548,2.041
1425626327037,37.491382,139.920007,6,-0.275,0.592,9.646,2.017
1425626327137,37.491383,139.920004,6,-0.383,0.754,9.47,2.012
1425626327238,37.491383,139.920002,6,-0.402,0.891,9.311,2.058
1425626337334,37.491444,139.919483,14,-0.32,0.861,9.18,6.885
1425626337339,37.491444,139.919482,14,-0.313,0.847,9.188,6.882
1425626337440,37.491447,139.919473,14,-0.182,0.3,9.258,6.831
1425626337540,37.49145,139.919463,14,-0.14,0.011,9.186,6.78
1425626337636,37.491453,139.919454,14,-0.206,-0.116,9.248,6.732
1425626337737,37.491456,139.919445,14,-0.283,-0.194,9.315,6.682
1425626337837,37.491459,139.919436,14,-0.322,-0.265,9.249,6.633
1425626337938,37.491462,139.919427,14,-0.293,-0.276,9.174,6.583
1425626338039,37.491465,139.919417,14,-0.232,-0.341,9.545,6.534
1425626338140,37.491468,139.919409,8,-0.273,-0.426,9.927,6.484
1425626338240,37.49147,139.919402,8,-0.346,-0.483,9.995,6.433
1425626338336,37.491472,139.919396,8,-0.424,-0.452,9.697,6.384
1425626338437,37.491474,139.919389,8,-0.481,-0.324,9.202,6.332
1425626338537,37.491477,139.919383,8,-0.563,-0.253,9.19,6.282
1425626338638,37.491479,139.919376,8,-0.544,-0.239,9.418,6.231
1425626338739,37.491481,139.91937,8,-0.558,-0.346,9.83,6.181
1425626338839,37.491483,139.919363,8,-0.655,-0.365,9.781,6.132
1425626338940,37.491485,139.919357,8,-0.692,-0.281,9.059,6.082
1425626339036,37.491487,139.919351,8,-0.662,-0.256,9.021,6.036
1425626339137,37.491489,139.919344,7,-0.647,-0.269,9.345,6.0
1425626339237,37.49149,139.919338,7,-0.639,-0.327,9.677,6.0
1425626339338,37.491491,139.919331,7,-0.649,-0.352,9.583,6.0
1425626339439,37.491492,139.919324,7,-0.575,-0.289,9.145,6.0
1425626339539,37.491493,139.919318,7,-0.517,-0.266,9.081,6.0
1425626339640,37.491494,139.919311,7,-0.478,-0.33,9.505,6.0
1425626339736,37.491495,139.919305,7,-0.432,-0.422,9.881,6.0
1425626339842,37.491496,139.919298,7,-0.356,-0.456,9.726,6.0
1425626339937,37.491496,139.919291,7,-0.349,-0.393,9.457,6.0
1425626340036,37.491497,139.919285,7,-0.376,-0.339,9.387,6.0
1425626340139,37.491498,139.919278,6,-0.395,-0.322,9.482,5.985
1425626340238,37.491497,139.919271,6,-0.388,-0.31,9.409,5.934
1425626340340,37.491496,139.919265,6,-0.353,-0.318,9.344,5.881
1425626340436,37.491496,139.919258,6,-0.322,-0.359,9.535,5.832
1425626340536,37.491495,139.919252,6,-0.287,-0.401,9.724,5.782
1425626340637,37.491494,139.919245,6,-0.258,-0.412,9.8,5.731
1425626340738,37.491494,139.919239,6,-0.175,-0.339,9.408,5.681
1425626340839,37.491493,139.919232,6,-0.153,-0.266,9.111,5.631
1425626340939,37.491492,139.919226,6,-0.15,-0.253,9.192,5.582
1425626341040,37.491491,139.919219,6,-0.132,-0.303,9.371,5.534
1425626341136,37.491491,139.919213,6,-0.128,-0.362,9.762,5.493
1425626341236,37.491492,139.919207,6,-0.072,-0.301,10.018,5.468
1425626341337,37.491492,139.9192,6,-0.241,-0.144,9.213,5.442
1425626341438,37.491492,139.919194,6,-0.23,-0.13,9.171,5.417
1425626341538,37.491493,139.919187,6,-0.186,-0.16,9.73,5.392
1425626341639,37.491493,139.919181,6,-0.186,-0.156,9.756,5.366
1425626341740,37.491494,139.919174,6,-0.095,-0.147,9.707,5.341
1425626341836,37.491494,139.919168,6,-0.031,-0.137,9.667,5.317
1425626341936,37.491494,139.919162,6,-0.008,-0.147,9.612,5.293
1425626342037,37.491495,139.919156,6,-0.006,-0.086,9.375,5.268
1425626342138,37.491495,139.919149,6,-0.081,-0.015,9.129,5.25
1425626342238,37.491496,139.919143,6,-0.182,-0.032,9.265,5.25
1425626342339,37.491496,139.919137,6,-0.208,-0.048,9.348,5.25
1425626342440,37.491496,139.919132,6,-0.182,-0.166,9.742,5.25
1425626342540,37.491497,139.919126,6,-0.193,-0.222,9.995,5.25
1425626342636,37.491497,139.91912,6,-0.142,-0.233,9.8,5.25
1425626342737,37.491498,139.919114,6,-0.113,-0.128,9.087,5.25
1425626342838,37.491498,139.919108,6,-0.001,-0.162,9.307,5.25
1425626342938,37.491498,139.919102,6,-0.089,-0.222,9.66,5.25
1425626343039,37.491499,139.919096,6,-0.192,-0.265,9.688,5.25
1425626343140,37.491499,139.91909,6,-0.138,-0.278,9.477,5.25
1425626343240,37.4915,139.919084,6,-0.02,-0.236,9.074,5.25
1425626343336,37.4915,139.919079,6,-0.137,-0.286,9.05,5.25
1425626343437,37.491501,139.919073,6,-0.248,-0.357,9.305,5.25
1425626343538,37.491501,139.919067,6,-0.214,-0.468,9.845,5.25
1425626343638,37.491502,139.919061,6,-0.124,-0.535,9.984,5.25
1425626343739,37.491502,139.919056,6,-0.049,-0.522,9.629,5.25
1425626343840,37.491503,139.91905,6,0.06,-0.472,9.333,5.25
1425626343940,37.491503,139.919044,6,0.086,-0.465,9.293,5.25
1425626344036,37.491504,139.919038,6,0.085,-0.533,9.657,5.25
1425626344137,37.491505,139.919033,12,0.128,-0.48,9.821,5.228
1425626344237,37.491507,139.91903,12,0.108,-0.462,9.757,5.148
1425626344338,37.491509,139.919026,12,0.006,-0.369,9.434,5.069
1425626344439,37.491511,139.919023,12,-0.067,-0.326,9.218,4.991
1425626344540,37.491513,139.91902,12,-0.005,-0.284,9.399,4.913
1425626344640,37.491515,139.919016,12,-0.006,-0.267,9.502,4.838
1425626344736,37.491517,139.919013,12,0.017,-0.294,9.532,4.767
1425626344837,37.491519,139.91901,12,0.093,-0.285,9.62,4.693
1425626344937,37.491521,139.919007,12,-0.011,-0.254,9.52,4.621
1425626345038,37.491523,139.919004,12,-0.131,-0.25,9.473,4.55
1425626345139,37.491524,139.919001,12,-0.176,-0.25,9.42,4.5
1425626345239,37.491526,139.918996,12,-0.115,-0.26,9.471,4.5
1425626345340,37.491527,139.918992,12,-0.089,-0.257,9.665,4.5
1425626345436,37.491529,139.918988,12,-0.077,-0.277,9.69,4.5
1425626345536,37.49153,139.918983,12,-0.032,-0.302,9.62,4.5
1425626345637,37.491531,139.918979,12,-0.067,-0.216,9.431,4.5
1425626345738,37.491533,139.918974,12,-0.061,-0.174,9.277,4.5
1425626345839,37.491534,139.91897,12,-0.024,-0.162,9.345,4.5
1425626345939,37.491536,139.918966,12,-0.062,-0.164,9.542,4.5
1425626346040,37.491537,139.918961,12,-0.177,-0.163,9.502,4.5
1425626346136,37.491538,139.918957,12,-0.281,-0.173,9.503,4.5
1425626346236,37.49154,139.918952,12,-0.301,-0.124,9.495,4.5
1425626346337,37.491541,139.918948,12,-0.279,-0.108,9.429,4.5
1425626346438,37.491543,139.918944,12,-0.265,-0.148,9.485,4.5
1425626346539,37.491544,139.918939,12,-0.211,-0.104,9.601,4.5
1425626346639,37.491545,139.918935,12,-0.222,-0.041,9.25,4.5
1425626346740,37.491547,139.91893,12,-0.276,-0.054,9.348,4.5
1425626346836,37.491548,139.918926,12,-0.233,-0.091,9.704,4.5
1425626346936,37.49155,139.918922,12,-0.206,-0.101,9.733,4.5
1425626347037,37.491551,139.918917,12,-0.22,-0.113,9.569,4.5
1425626347138,37.491553,139.918913,12,-0.224,-0.119,9.485,4.493
1425626347239,37.491557,139.918908,12,-0.227,-0.083,9.382,4.467
1425626347339,37.491561,139.918903,12,-0.287,-0.11,9.485,4.441
1425626347440,37.491565,139.918898,12,-0.347,-0.139,9.581,4.416
1425626347536,37.491569,139.918893,12,-0.361,-0.091,9.497,4.392
1425626347636,37.491573,139.918888,12,-0.28,-0.084,9.524,4.367
1425626347737,37.491577,139.918884,12,-0.22,-0.061,9.799,4.342
1425626347838,37.491581,139.918879,12,-0.227,-0.009,9.554,4.317
1425626347939,37.491584,139.918874,12,-0.213,0.012,9.219,4.292
1425626348039,37.491588,139.918869,12,-0.042,-0.068,9.477,4.267
1425626348140,37.491591,139.918865,12,-0.047,-0.033,9.491,4.242
1425626348236,37.491592,139.918861,12,-0.203,-0.008,9.409,4.218
1425626348336,37.491593,139.918857,12,-0.313,0.016,9.369,4.192
1425626348437,37.491594,139.918852,12,-0.492,-0.036,9.222,4.167
1425626348538,37.491595,139.918848,12,-0.534,-0.182,9.641,4.141
1425626348638,37.491596,139.918844,12,-0.52,-0.626,10.245,4.116
1425626348739,37.491597,139.91884,12,-0.534,-0.772,10.135,4.091
1425626348840,37.491598,139.918836,12,-0.487,-0.398,9.338,4.066
1425626348940,37.491599,139.918832,12,-0.355,0.265,8.604,4.041
1425626349036,37.491599,139.918828,12,-0.257,0.553,9.047,4.018
1425626349137,37.4916,139.918824,7,-0.227,0.471,9.912,4.007
1425626349238,37.491599,139.918818,7,-0.144,0.401,9.803,4.031
1425626349338,37.491597,139.918813,7,-0.074,0.399,9.777,4.056
1425626349439,37.491596,139.918807,7,-0.016,0.421,10.066,4.081
1425626349540,37.491595,139.918802,7,-0.194,0.399,9.81,4.106
1425626349640,37.491594,139.918796,7,-0.395,0.558,8.926,4.131
1425626349736,37.491593,139.918791,7,-0.443,0.651,8.503,4.155
1425626349837,37.491591,139.918785,7,-0.369,0.595,8.895,4.18
1425626349938,37.49159,139.91878,7,-0.367,0.351,9.982,4.206
1425626350038,37.491589,139.918774,7,-0.464,0.376,10.059,4.231
1425626350139,37.491588,139.918768,7,-0.621,0.408,9.34,4.25
1425626350240,37.491588,139.918761,7,-0.58,0.457,8.946,4.25
1425626350340,37.491588,139.918754,7,-0.443,0.406,9.085,4.25
1425626350436,37.491587,139.918748,7,-0.216,0.318,9.462,4.25
1425626350537,37.491587,139.918741,7,-0.111,0.146,9.772,4.25
1425626350637,37.491587,139.918734,7,-0.062,-0.052,9.958,4.25
1425626350738,37.491587,139.918727,7,-0.245,-0.137,10.021,4.25
1425626350839,37.491587,139.91872,7,-0.379,-0.106,9.669,4.25
1425626350940,37.491586,139.918714,7,-0.526,-0.04,9.196,4.25
1425626351040,37.491586,139.918707,7,-0.728,-0.06,9.223,4.25
1425626351136,37.491586,139.918701,6,-0.717,-0.121,9.727,4.25
1425626351237,37.491587,139.918696,6,-0.474,-0.117,9.774,4.25
1425626351337,37.491588,139.918691,6,-0.183,-0.013,9.239,4.25
1425626351438,37.491589,139.918687,6,0.09,-0.079,9.475,4.25
1425626351539,37.491589,139.918682,6,0.242,-0.137,10.01,4.25
1425626351639,37.49159,139.918677,6,0.202,-0.178,10.054,4.25
1425626351740,37.491591,139.918672,6,0.119,-0.072,9.465,4.25
1425626351836,37.491592,139.918668,6,-0.005,0.004,9.058,4.25
1425626351937,37.491593,139.918663,6,-0.155,0.041,9.066,4.25
1425626352037,37.491593,139.918658,6,-0.218,0.043,9.151,4.25
1425626352138,37.491594,139.918653,7,-0.169,0.029,9.298,4.243
1425626352239,37.491592,139.918647,7,-0.01,-0.03,9.607,4.217
1425626352339,37.49159,139.91864,7,0.142,-0.069,9.744,4.191
1425626352440,37.491589,139.918634,7,0.274,-0.074,9.391,4.166
1425626352536,37.491587,139.918628,7,0.376,-0.102,9.063,4.142
1425626352636,37.491585,139.918621,7,0.443,-0.215,9.241,4.117
1425626352737,37.491584,139.918615,7,0.506,-0.348,9.708,4.091
1425626352838,37.491582,139.918609,7,0.602,-0.411,9.897,4.066
1425626352939,37.491581,139.918602,7,0.617,-0.518,9.55,4.042
1425626353039,37.491579,139.918596,7,0.543,-0.604,9.411,4.017
1425626353140,37.491578,139.918591,7,0.489,-0.435,9.733,4.0
1425626353236,37.491576,139.918587,7,0.405,-0.098,9.887,4.0
1425626353336,37.491575,139.918584,7,0.27,0.23,9.588,4.0
1425626353437,37.491573,139.91858,7,0.189,0.301,9.255,4.0
1425626353538,37.491572,139.918577,7,0.139,0.3,9.045,4.0
1425626353639,37.49157,139.918573,7,0.148,0.213,9.491,4.0
1425626353739,37.491569,139.918569,7,0.115,0.127,9.878,4.0
1425626353840,37.491567,139.918566,7,0.172,0.079,9.928,4.0
1425626353941,37.491566,139.918562,7,0.186,0.073,9.592,4.0
1425626354036,37.491564,139.918559,7,0.177,0.076,9.263,4.0
1425626354142,37.491563,139.918554,6,0.143,0.03,9.267,4.008
1425626354238,37.491563,139.91855,6,0.139,-0.048,9.557,4.031
1425626354337,37.491563,139.918545,6,0.038,-0.103,9.705,4.055
1425626354439,37.491563,139.91854,6,-0.091,-0.084,9.648,4.081
1425626354538,37.491563,139.918535,6,-0.139,-0.055,9.401,4.105
1425626354636,37.491563,139.91853,6,-0.148,-0.043,9.3,4.13
1425626354736,37.491563,139.918524,6,-0.181,-0.059,9.393,4.155
1425626354837,37.491563,139.918519,6,-0.18,-0.104,9.548,4.18
1425626354938,37.491563,139.918514,6,-0.203,-0.132,9.606,4.206
1425626355038,37.491563,139.918509,6,-0.193,-0.151,9.757,4.231
1425626355139,37.491563,139.918504,4,-0.217,-0.136,9.564,4.243
1425626355240,37.491564,139.918499,4,-0.161,-0.12,9.449,4.217
1425626355341,37.491566,139.918494,4,-0.097,-0.18,9.838,4.191
1425626355436,37.491567,139.91849,4,-0.122,-0.158,9.729,4.167
1425626355537,37.491568,139.918485,4,-0.211,-0.13,9.411,4.141
1425626355638,37.491569,139.918481,4,-0.207,-0.093,9.091,4.116
1425626355738,37.49157,139.918476,4,-0.087,-0.099,9.131,4.091
1425626355839,37.491571,139.918472,4,-0.038,-0.234,9.328,4.066
1425626355940,37.491572,139.918467,4,-0.114,-0.41,9.598,4.041
1425626356040,37.491573,139.918463,4,-0.179,-0.608,9.769,4.017
1425626356136,37.491574,139.918459,4,-0.169,-0.717,9.71,3.979
1425626356237,37.491575,139.918455,4,-0.174,-0.747,9.441,3.896
1425626356338,37.491575,139.918451,4,-0.177,-0.779,9.302,3.815
1425626356438,37.491575,139.918448,4,-0.107,-0.782,9.4,3.737
1425626356539,37.491576,139.918444,4,-0.141,-0.83,9.62,3.659
1425626356640,37.491576,139.918441,4,-0.207,-0.902,9.926,3.583
1425626356740,37.491577,139.918437,4,-0.239,-0.831,9.889,3.509
1425626356836,37.491577,139.918434,4,-0.135,-0.675,9.386,3.44
1425626356937,37.491577,139.918431,4,0.025,-0.524,9.03,3.369
1425626357037,37.491578,139.918427,4,0.175,-0.475,9.103,3.299
1425626357138,37.491578,139.918424,5,0.223,-0.515,9.437,3.25
1425626357239,37.491578,139.91842,5,0.256,-0.503,9.48,3.25
1425626357340,37.491578,139.918416,5,0.343,-0.484,9.429,3.25
1425626357440,37.491579,139.918413,5,0.517,-0.491,9.378,3.25
1425626357536,37.491579,139.918409,5,0.675,-0.482,9.359,3.25
1425626357637,37.491579,139.918406,5,0.851,-0.491,9.446,3.25
1425626357737,37.491579,139.918402,5,1.057,-0.575,9.663,3.25
1425626357838,37.491579,139.918398,5,1.188,-0.661,9.723,3.25
1425626357939,37.49158,139.918394,5,1.297,-0.692,9.489,3.25
1425626358039,37.49158,139.918391,5,1.454,-0.783,9.69,3.25
1425626358140,37.49158,139.918387,6,1.559,-0.813,9.917,3.242
1425626358236,37.491582,139.918385,6,1.617,-0.844,10.005,3.217
1425626358337,37.491584,139.918383,6,1.478,-0.745,9.612,3.191
1425626358437,37.491585,139.918381,6,1.262,-0.653,9.355,3.166
1425626358538,37.491587,139.918379,6,1.016,-0.585,9.517,3.141
1425626358639,37.491589,139.918377,6,0.863,-0.482,9.324,3.115
1425626358739,37.49159,139.918375,6,0.796,-0.374,9.083,3.09
1425626358840,37.491592,139.918373,6,0.869,-0.322,9.172,3.066
1425626358936,37.491593,139.918371,6,1.017,-0.313,9.221,3.042
1425626359037,37.491595,139.918369,6,1.241,-0.372,9.226,3.018
1425626359137,37.491596,139.918367,6,1.436,-0.41,9.224,2.993
1425626359238,37.491598,139.918366,6,1.595,-0.464,9.368,2.967
1425626359339,37.491599,139.918364,6,1.652,-0.54,9.659,2.941
1425626359439,37.491601,139.918362,6,1.608,-0.641,9.623,2.915
1425626359540,37.491602,139.91836,6,1.404,-0.678,9.596,2.89
1425626359636,37.491604,139.918358,6,1.306,-0.676,9.478,2.866
1425626359736,37.491605,139.918357,6,1.285,-0.688,9.397,2.841
1425626359837,37.491606,139.918355,6,1.303,-0.735,9.437,2.816
1425626359938,37.491608,139.918353,6,1.265,-0.779,9.499,2.791
1425626360038,37.491609,139.918351,6,1.196,-0.846,9.7,2.767
1425626360139,37.49161,139.918349,5,0.901,-0.783,9.678,2.75
1425626360240,37.491612,139.918347,5,0.547,-0.697,9.561,2.75
1425626360336,37.491613,139.918344,5,0.35,-0.712,9.595,2.75
1425626360436,37.491614,139.918342,5,0.328,-0.68,9.535,2.75
1425626360537,37.491616,139.918339,5,0.293,-0.656,9.415,2.75
1425626360638,37.491617,139.918337,5,0.309,-0.665,9.518,2.75
1425626360738,37.491618,139.918334,5,0.332,-0.643,9.666,2.75
1425626360839,37.491619,139.918332,5,0.464,-0.541,9.451,2.75
1425626360940,37.491621,139.918329,5,0.544,-0.445,9.201,2.75
1425626361036,37.491622,139.918327,5,0.522,-0.42,9.257,2.75
1425626361136,37.491624,139.918325,7,0.39,-0.442,9.551,2.743
1425626361237,37.491627,139.918327,7,0.364,-0.459,9.57,2.717
1425626361338,37.49163,139.918329,7,0.388,-0.446,9.46,2.691
1425626361438,37.491633,139.918331,7,0.434,-0.44,9.492,2.665
1425626361539,37.491637,139.918333,7,0.492,-0.464,9.528,2.64
1425626361640,37.49164,139.918335,7,0.474,-0.476,9.547,2.615
1425626361741,37.491643,139.918337,7,0.47,-0.426,9.48,2.589
1425626361836,37.491646,139.918338,7,0.383,-0.375,9.403,2.566
1425626361937,37.491649,139.91834,7,0.247,-0.366,9.434,2.542
1425626362038,37.491652,139.918342,7,0.143,-0.318,9.53,2.517
1425626362138,37.491655,139.918343,7,0.133,-0.161,9.635,2.5
1425626362239,37.491657,139.918343,7,0.226,-0.027,9.638,2.5
1425626362340,37.49166,139.918344,7,0.315,0.081,9.519,2.5
1425626362440,37.491662,139.918344,7,0.325,0.175,9.383,2.5
1425626362536,37.491665,139.918344,7,0.271,0.346,9.309,2.5
1425626362637,37.491667,139.918345,7,0.201,0.552,9.58,2.5
1425626362738,37.49167,139.918345,7,0.205,0.586,9.646,2.5
1425626362838,37.491672,139.918345,7,0.214,0.48,9.399,2.5
1425626362939,37.491675,139.918345,7,0.174,0.399,9.339,2.5
1425626363040,37.491677,139.918346,7,0.169,0.459,9.714,2.5
1425626363140,37.49168,139.918346,5,0.167,0.493,9.834,2.5
1425626363236,37.491682,139.918346,5,0.181,0.458,9.472,2.5
1425626363337,37.491684,139.918346,5,0.217,0.233,9.177,2.5
1425626363437,37.491687,139.918345,5,0.233,0.027,9.416,2.5
1425626363538,37.491689,139.918345,5,0.204,-0.066,9.561,2.5
1425626363639,37.491691,139.918345,5,0.107,-0.134,9.561,2.5
1425626363740,37.491693,139.918345,5,-0.062,-0.162,9.617,2.5
1425626363840,37.491696,139.918345,5,-0.132,-0.147,9.638,2.5
1425626363936,37.491698,139.918344,5,-0.104,-0.119,9.49,2.5
1425626364037,37.4917,139.918344,5,-0.099,-0.076,9.243,2.5
1425626364137,37.491703,139.918344,7,-0.115,-0.099,9.242,2.5
1425626364238,37.491705,139.918344,7,-0.03,-0.18,9.592,2.5
1425626364339,37.491707,139.918344,7,0.168,-0.216,9.765,2.5
1425626364439,37.49171,139.918343,7,0.324,-0.186,9.676,2.5
1425626364540,37.491712,139.918343,7,0.411,-0.174,9.512,2.5
1425626364636,37.491715,139.918343,7,0.46,-0.138,9.439,2.5
1425626364737,37.491717,139.918343,7,0.504,-0.132,9.456,2.5
1425626364837,37.491719,139.918343,7,0.562,-0.153,9.518,2.5
1425626364938,37.491722,139.918342,7,0.582,-0.177,9.749,2.5
1425626365039,37.491724,139.918342,7,0.534,-0.185,9.708,2.5
1425626365139,37.491727,139.918342,7,0.424,-0.19,9.574,2.492
1425626365240,37.491729,139.918342,7,0.342,-0.186,9.474,2.466
1425626365336,37.491731,139.918343,7,0.291,-0.197,9.439,2.441
1425626365436,37.491733,139.918343,7,0.305,-0.237,9.334,2.416
1425626365537,37.491735,139.918343,7,0.351,-0.277,9.349,2.39
1425626365638,37.491737,139.918344,7,0.337,-0.396,9.484,2.365
1425626365739,37.491739,139.918344,7,0.267,-0.525,9.579,2.34
1425626365839,37.491741,139.918344,7,0.123,-0.582,9.713,2.315
1425626365940,37.491743,139.918345,7,0.005,-0.563,9.557,2.291
1425626366036,37.491745,139.918345,7,-0.035,-0.552,9.401,2.268
1425626366136,37.491747,139.918345,6,0.007,-0.543,9.442,2.25
1425626366237,37.491749,139.918345,6,0.103,-0.578,9.505,2.25
1425626366338,37.491751,139.918346,6,0.191,-0.579,9.52,2.25
1425626366439,37.491753,139.918346,6,0.198,-0.527,9.331,2.25
1425626366539,37.491755,139.918346,6,0.141,-0.528,9.314,2.25
1425626366640,37.491757,139.918347,6,0.065,-0.593,9.459,2.25
1425626366736,37.491759,139.918347,6,0.081,-0.634,9.497,2.25
1425626366836,37.491761,139.918347,6,0.155,-0.664,9.488,2.25
1425626366937,37.491763,139.918347,6,0.287,-0.706,9.624,2.25
1425626367038,37.491765,139.918348,6,0.438,-0.65,9.65,2.25
1425626367138,37.491768,139.918348,5,0.535,-0.554,9.519,2.25
1425626367239,37.49177,139.918349,5,0.555,-0.498,9.406,2.25
1425626367340,37.491772,139.918349,5,0.517,-0.479,9.41,2.25
1425626367436,37.491774,139.918349,5,0.435,-0.56,9.573,2.25
1425626367536,37.491776,139.91835,5,0.333,-0.594,9.635,2.25
1425626367637,37.491778,139.91835,5,0.202,-0.59,9.455,2.25
1425626367738,37.49178,139.918351,5,0.118,-0.564,9.383,2.25
1425626367838,37.491782,139.918351,5,0.11,-0.562,9.486,2.25
1425626367939,37.491784,139.918351,5,0.152,-0.584,9.544,2.25
1425626368040,37.491786,139.918352,5,0.239,-0.543,9.536,2.25
1425626368140,37.491788,139.918352,5,0.27,-0.545,9.512,2.242
1425626368241,37.491789,139.918353,5,0.234,-0.584,9.463,2.216
1425626368337,37.491791,139.918353,5,0.163,-0.62,9.455,2.191
1425626368436,37.491793,139.918354,5,0.092,-0.674,9.549,2.165
1425626368538,37.491795,139.918354,5,0.064,-0.742,9.592,2.139
1425626368637,37.491796,139.918355,5,0.124,-0.714,9.528,2.115
1425626368740,37.491798,139.918355,5,0.184,-0.688,9.431,2.089
1425626368836,37.4918,139.918356,5,0.235,-0.704,9.393,2.066
1425626368937,37.491801,139.918356,5,0.236,-0.738,9.493,2.041
1425626369037,37.491803,139.918357,5,0.17,-0.787,9.58,2.017
1425626369137,37.491804,139.918357,5,0.143,-0.786,9.543,1.946
1425626369238,37.491804,139.918359,5,0.122,-0.773,9.429,1.752
1425626369339,37.491804,139.91836,5,0.134,-0.778,9.431,1.568
1425626369440,37.491804,139.918361,5,0.175,-0.822,9.532,1.394
1425626369540,37.491804,139.918362,5,0.188,-0.848,9.557,1.232
1425626369636,37.491804,139.918363,5,0.184,-0.87,9.486,1.086
1425626369737,37.491803,139.918364,5,0.153,-0.871,9.436,0.943
1425626369837,37.491803,139.918365,5,0.126,-0.898,9.455,0.81
1425626369938,37.491803,139.918366,5,0.131,-0.918,9.541,0.687
1425626370039,37.491803,139.918367,5,0.136,-0.926,9.548,0.574
1425626370140,37.491803,139.918368,5,0.167,-0.916,9.493,0.47
1425626370240,37.491803,139.918368,5,0.182,-0.817,9.525,0.378
1425626370336,37.491803,139.918369,5,0.206,-0.5,9.664,0.3
1425626370437,37.491803,139.918369,5,0.218,-0.181,9.648,0.226
1425626370537,37.491803,139.91837,5,0.189,-0.049,9.419,0.164
1425626370638,37.491803,139.91837,5,0.198,0.032,9.254,0.111
1425626370739,37.491803,139.918371,5,0.221,0.029,9.383,0.069
1425626370839,37.491803,139.918371,5,0.224,-0.081,9.576,0.037
1425626370940,37.491803,139.918371,5,0.22,-0.173,9.606,0.014
1425626371036,37.491803,139.918371,5,0.192,-0.156,9.531,0.003
1425626394335,37.492105,139.918488,5,0.229,0.226,9.535,4.555
1425626394340,37.492105,139.918488,5,0.231,0.225,9.538,4.556
1425626394440,37.492109,139.918491,5,0.271,0.133,9.647,4.581
1425626394536,37.492113,139.918493,5,0.332,0.107,9.655,4.605
1425626394637,37.492118,139.918495,5,0.356,0.096,9.481,4.63
1425626394737,37.492122,139.918498,5,0.359,0.134,9.412,4.655
1425626394838,37.492127,139.9185,5,0.359,0.114,9.395,4.681
1425626394939,37.492131,139.918503,5,0.323,0.101,9.35,4.706
1425626395040,37.492136,139.918505,5,0.303,0.08,9.558,4.732
1425626395140,37.492141,139.918508,7,0.266,0.055,9.744,4.764
1425626395236,37.492147,139.918513,7,0.248,0.039,9.565,4.81
1425626395337,37.492154,139.918517,7,0.284,0.076,9.389,4.859
1425626395437,37.49216,139.918522,7,0.33,0.092,9.373,4.908
1425626395538,37.492167,139.918527,7,0.416,0.073,9.436,4.958
1425626395639,37.492174,139.918531,7,0.469,-0.017,9.799,5.008
1425626395739,37.492181,139.918536,7,0.383,-0.019,9.755,5.059
1425626395840,37.492188,139.918541,7,0.346,-0.002,9.492,5.11
1425626395936,37.492195,139.918545,7,0.319,0.062,9.202,5.159
1425626396037,37.492202,139.91855,7,0.297,0.049,9.331,5.212
1425626396137,37.492208,139.918555,7,0.288,-0.024,9.767,5.25
1425626396238,37.492213,139.918558,7,0.249,-0.066,9.808,5.25
1425626396339,37.492217,139.918561,7,0.228,-0.057,9.548,5.25
1425626396439,37.492221,139.918565,7,0.235,-0.023,9.404,5.25
1425626396540,37.492225,139.918568,7,0.262,-0.021,9.493,5.25
1425626396641,37.49223,139.918571,7,0.252,-0.014,9.493,5.25
1425626396737,37.492234,139.918574,7,0.233,0.027,9.391,5.25
1425626396836,37.492238,139.918577,7,0.304,0.071,9.427,5.25
1425626396938,37.492243,139.91858,7,0.369,0.102,9.414,5.25
1425626397037,37.492247,139.918584,7,0.372,0.138,9.382,5.25
1425626397139,37.492251,139.918587,4,0.338,0.107,9.525,5.257
1425626397238,37.492256,139.91859,4,0.242,0.084,9.646,5.281
1425626397336,37.49226,139.918594,4,0.171,0.04,9.778,5.305
1425626397436,37.492264,139.918597,4,0.087,0.066,9.543,5.33
1425626397537,37.492269,139.9186,4,0.03,0.103,9.382,5.355
1425626397638,37.492273,139.918604,4,-0.06,0.14,9.304,5.381
1425626397739,37.492277,139.918607,4,-0.092,0.104,9.498,5.406
1425626397839,37.492282,139.918611,4,-0.078,0.055,9.643,5.431
1425626397940,37.492286,139.918614,4,-0.062,0.076,9.522,5.457
1425626398036,37.492291,139.918617,4,-0.018,0.131,9.439,5.481
1425626398136,37.492295,139.918621,4,-0.005,0.146,9.319,5.493
1425626398237,37.492299,139.918625,4,0.016,0.102,9.549,5.468
1425626398338,37.492304,139.918628,4,0.006,0.071,9.726,5.442
1425626398439,37.492308,139.918632,4,0.022,0.141,9.504,5.416
1425626398539,37.492312,139.918636,4,0.042,0.249,9.355,5.391
1425626398640,37.492316,139.918639,4,0.037,0.266,9.551,5.366
1425626398736,37.49232,139.918643,4,0.006,0.206,9.732,5.342
1425626398836,37.492324,139.918646,4,-0.034,0.188,9.627,5.317
1425626398937,37.492328,139.91865,4,-0.05,0.196,9.503,5.292
1425626399038,37.492332,139.918653,4,-0.012,0.187,9.698,5.268
1425626399138,37.492336,139.918657,4,0.011,0.169,9.613,5.257
1425626399239,37.49234,139.91866,4,0.044,0.202,9.362,5.282
1425626399340,37.492344,139.918663,4,0.12,0.241,9.207,5.306
1425626399441,37.492348,139.918666,4,0.2,0.266,9.3,5.331
1425626399536,37.492352,139.918669,4,0.276,0.219,9.521,5.355
1425626399637,37.492356,139.918672,4,0.286,0.152,9.592,5.38
1425626399738,37.49236,139.918675,4,0.322,0.134,9.463,5.406
1425626399838,37.492364,139.918678,4,0.349,0.181,9.306,5.431
1425626399939,37.492368,139.918682,4,0.385,0.148,9.432,5.456
1425626400040,37.492372,139.918685,4,0.41,0.035,9.935,5.482
1425626400140,37.492376,139.918688,4,0.362,0.06,9.723,5.514
1425626400236,37.49238,139.91869,4,0.342,0.148,9.373,5.561
1425626400337,37.492384,139.918693,4,0.251,0.25,9.293,5.61
1425626400438,37.492388,139.918695,4,0.112,0.224,9.672,5.659
1425626400538,37.492392,139.918698,4,0.01,0.211,9.556,5.709
1425626400639,37.492396,139.9187,4,-0.028,0.177,9.447,5.759
1425626400740,37.4924,139.918703,4,0.045,0.237,9.476,5.81
1425626400840,37.492405,139.918706,4,0.006,0.234,9.507,5.861
1425626400936,37.492409,139.918708,4,0.024,0.225,9.475,5.91
1425626401037,37.492413,139.918711,4,0.017,0.242,9.467,5.962
1425626401137,37.492417,139.918714,5,0.057,0.263,9.375,6.0
1425626401238,37.492422,139.918717,5,0.085,0.229,9.485,6.0
1425626403333,37.492525,139.918792,4,0.112,0.149,9.788,6.305
1425626403338,37.492526,139.918792,4,0.118,0.149,9.79,6.306
1425626403439,37.492531,139.918796,4,0.101,0.113,9.709,6.331
1425626403539,37.492537,139.9188,4,0.09,0.092,9.701,6.356
1425626403640,37.492542,139.918803,4,0.096,0.057,9.641,6.381
1425626403736,37.492548,139.918807,4,0.101,0.046,9.472,6.405
1425626403836,37.492553,139.918811,4,0.091,0.042,9.362,6.431
1425626403937,37.492559,139.918815,4,0.088,-0.002,9.556,6.456
1425626404038,37.492565,139.918819,4,0.068,-0.053,9.64,6.482
1425626404139,37.492571,139.918823,4,0.079,-0.02,9.388,6.5
1425626404239,37.492576,139.918828,4,0.05,0.002,9.237,6.5
1425626404340,37.492582,139.918832,4,0.034,-0.044,9.663,6.5
1425626404436,37.492588,139.918837,4,0.01,-0.061,9.831,6.5
1425626404536,37.492594,139.918841,4,0.059,0.032,9.486,6.5
1425626404637,37.4926,139.918846,4,0.011,0.081,9.357,6.5
1425626404738,37.492605,139.91885,4,0.043,0.067,9.596,6.5
1425626404838,37.492611,139.918855,4,0.102,0.027,9.77,6.5
1425626404939,37.492617,139.918859,4,0.183,0.079,9.49,6.5
1425626405040,37.492623,139.918864,4,0.094,0.147,9.074,6.5
1425626405136,37.492628,139.918868,4,0.199,0.177,9.099,6.5
1425626405236,37.492634,139.918872,4,0.216,0.095,9.69,6.5
1425626405337,37.492639,139.918876,4,0.123,0.011,9.992,6.5
1425626405438,37.492644,139.91888,4,-0.043,-0.033,9.697,6.5
1425626405538,37.492649,139.918885,4,-0.134,0.05,9.271,6.5
1425626405639,37.492655,139.918889,4,-0.017,0.117,9.104,6.5
1425626405740,37.49266,139.918893,4,-0.031,0.132,9.333,6.5
1425626405836,37.492665,139.918897,4,0.057,0.063,9.783,6.5
1425626405936,37.49267,139.918901,4,0.131,-0.043,10.053,6.5
1425626406037,37.492675,139.918905,4,0.151,-0.1,10.056,6.5
1425626406138,37.492681,139.918909,4,0.024,-0.056,9.672,6.5
1425626406238,37.492686,139.918913,4,0.014,-0.03,9.597,6.5
1425626406339,37.492691,139.918917,4,0.097,0.031,9.702,6.5
1425626406440,37.492697,139.918921,4,0.298,0.129,9.293,6.5
1425626406540,37.492702,139.918924,4,0.389,0.198,8.895,6.5
1425626406636,37.492707,139.918928,4,0.397,0.205,8.988,6.5
1425626406737,37.492713,139.918932,4,0.383,0.12,9.288,6.5
1425626406838,37.492718,139.918936,4,0.407,0.013,9.806,6.5
1425626406938,37.492724,139.918939,4,0.334,-0.059,9.954,6.5
1425626407039,37.492729,139.918943,4,0.159,-0.05,9.698,6.5
1425626407140,37.492735,139.918947,4,-0.041,0.007,9.569,6.5
1425626407240,37.49274,139.91895,4,-0.169,0.065,9.355,6.5
1425626407336,37.492745,139.918953,4,-0.191,0.111,9.199,6.5
1425626407437,37.492751,139.918956,4,-0.18,0.126,9.2,6.5
1425626407537,37.492756,139.91896,4,-0.131,0.114,9.319,6.5
1425626407638,37.492762,139.918963,4,-0.004,0.067,9.528,6.5
1425626407739,37.492767,139.918966,4,0.174,0.051,9.572,6.5
1425626407840,37.492772,139.918969,4,0.234,0.027,9.954,6.5
1425626407940,37.492778,139.918973,4,0.261,0.03,9.758,6.5
1425626408036,37.492783,139.918976,4,0.277,0.131,9.259,6.5
1425626408137,37.492788,139.918979,4,0.259,0.125,9.342,6.507
1425626408237,37.492793,139.918983,4,0.159,0.156,9.254,6.531
1425626408338,37.492798,139.918987,4,0.13,0.09,9.574,6.556
1425626408439,37.492804,139.918991,4,0.058,-0.045,10.17,6.581
1425626408540,37.492809,139.918995,4,0.105,0.021,9.707,6.606
1425626408640,37.492814,139.918999,4,0.133,0.05,9.466,6.631
1425626408736,37.492819,139.919003,4,0.086,0.136,9.349,6.655
1425626408837,37.492824,139.919007,4,0.037,0.107,9.641,6.681
1425626408937,37.492829,139.919011,4,0.012,0.198,9.256,6.706
1425626409038,37.492834,139.919015,4,0.017,0.222,9.037,6.732
1425626409139,37.49284,139.919019,5,0.002,0.124,9.316,6.757
1425626409239,37.492845,139.919022,5,-0.104,0.019,9.936,6.782
1425626409340,37.49285,139.919026,5,-0.071,-0.037,9.961,6.807
1425626409436,37.492855,139.919029,5,-0.019,0.056,9.504,6.831
1425626409537,37.492861,139.919032,5,0.032,0.102,9.382,6.856
1425626409637,37.492866,139.919036,5,0.082,0.094,9.56,6.881
1425626409738,37.492872,139.919039,5,0.125,0.137,9.471,6.906
1425626409839,37.492877,139.919043,5,0.174,0.157,9.293,6.931
1425626409939,37.492883,139.919046,5,0.096,0.102,9.391,6.957
1425626410040,37.492888,139.91905,5,0.092,0.08,9.561,6.982
1425626410136,37.492894,139.919053,5,0.11,0.074,9.549,7.0
1425626410236,37.4929,139.919059,5,0.14,0.046,9.541,7.0
1425626410337,37.492906,139.919064,5,0.125,0.027,9.61,7.0
1425626410438,37.492912,139.91907,5,0.081,0.022,9.625,7.0
1425626410539,37.492918,139.919075,5,0.022,0.051,9.433,7.0
1425626410639,37.492924,139.919081,5,0.022,0.034,9.477,7.0
1425626410740,37.49293,139.919086,5,0.007,0.048,9.583,7.0
1425626410836,37.492936,139.919091,5,-0.039,0.03,9.503,7.0
1425626410941,37.492942,139.919097,5,-0.088,0.046,9.423,7.0
1425626411037,37.492948,139.919102,5,-0.136,0.023,9.621,7.0
1425626411136,37.492954,139.919107,5,-0.158,0.008,9.666,7.013
1425626411238,37.49296,139.91911,5,-0.133,0.02,9.585,7.062
1425626411338,37.492966,139.919114,5,-0.053,0.034,9.56,7.111
1425626411440,37.492973,139.919118,5,-0.013,0.074,9.513,7.161
1425626411536,37.492979,139.919121,5,-0.029,0.126,9.414,7.209
1425626411636,37.492986,139.919125,5,-0.071,0.137,9.387,7.259
1425626411737,37.492992,139.919128,5,-0.071,0.133,9.578,7.309
1425626411838,37.492999,139.919132,5,0.006,0.125,9.694,7.361
1425626411938,37.493006,139.919136,5,0.048,0.119,9.622,7.412
1425626412039,37.493012,139.919139,5,0.084,0.16,9.446,7.463
1425626412140,37.493019,139.919143,4,0.078,0.203,9.291,7.5
1425626412240,37.493025,139.919147,4,0.025,0.217,9.377,7.5
1425626412336,37.493031,139.919151,4,-0.019,0.191,9.488,7.5
1425626412437,37.493038,139.919154,4,-0.016,0.175,9.393,7.5
1425626412538,37.493044,139.919158,4,-0.008,0.184,9.325,7.5
1425626412638,37.493051,139.919162,4,0.017,0.17,9.443,7.5
1425626412739,37.493057,139.919166,4,0.027,0.138,9.576,7.5
1425626412840,37.493064,139.91917,4,0.038,0.127,9.556,7.5
1425626412941,37.49307,139.919174,4,0.048,0.092,9.58,7.5
1425626413036,37.493076,139.919177,4,0.088,0.106,9.55,7.5
1425626413137,37.493083,139.919181,4,0.132,0.109,9.574,7.507
1425626413238,37.493088,139.919184,4,0.178,0.115,9.529,7.532
1425626413338,37.493094,139.919188,4,0.182,0.127,9.366,7.556
1425626413439,37.4931,139.919191,4,0.233,0.1,9.601,7.581
1425626413540,37.493105,139.919195,4,0.202,0.066,9.757,7.606
1425626413640,37.493111,139.919198,4,0.122,0.054,9.676,7.631
1425626413736,37.493116,139.919202,4,0.051,0.034,9.642,7.656
1425626413837,37.493122,139.919205,4,0.038,0.055,9.595,7.681
1425626413937,37.493128,139.919209,4,0.023,0.07,9.696,7.706
1425626414038,37.493134,139.919212,4,-0.009,0.156,9.306,7.732
1425626414139,37.49314,139.919216,4,-0.024,0.216,8.976,7.75
1425626414240,37.493146,139.919221,4,-0.049,0.189,9.159,7.75
1425626414340,37.493152,139.919226,4,-0.017,0.085,9.668,7.75
1425626414436,37.493157,139.91923,4,0.042,0.009,9.938,7.75
1425626414537,37.493163,139.919235,4,0.074,-0.009,9.707,7.75
1425626414637,37.493169,139.91924,4,0.093,0.031,9.427,7.75
1425626414738,37.493175,139.919245,4,0.104,0.068,9.386,7.75
1425626414839,37.493181,139.919249,4,0.1,0.017,9.78,7.75
1425626414939,37.493187,139.919254,4,0.159,0.032,9.568,7.75
1425626415040,37.493193,139.919259,4,0.201,0.054,9.298,7.75
1425626415136,37.493199,139.919263,4,0.124,0.037,9.413,7.743
1425626415237,37.493204,139.919268,4,0.104,0.011,9.569,7.718
1425626415337,37.49321,139.919273,4,0.072,-0.006,9.578,7.693
1425626415438,37.493216,139.919277,4,0.072,0.014,9.347,7.667
1425626415539,37.493222,139.919282,4,0.069,-0.031,9.548,7.642
1425626415639,37.493227,139.919287,4,0.129,-0.069,9.65,7.617
1425626415740,37.493233,139.919291,4,0.235,0.005,9.14,7.592
1425626415836,37.493239,139.919296,4,0.26,0.063,8.703,7.568
1425626415936,37.493244,139.9193,4,0.215,-0.118,9.64,7.543
1425626416037,37.49325,139.919305,4,0.273,-0.251,10.133,7.518
1425626416138,37.493256,139.919309,4,0.252,-0.383,9.693,7.493
1425626416239,37.493261,139.919313,4,0.136,-0.446,9.393,7.467
1425626416339,37.493267,139.919317,4,0.102,-0.378,9.694,7.442
1425626416440,37.493273,139.919321,4,0.094,-0.339,9.981,7.417
1425626416536,37.493278,139.919325,4,0.063,-0.194,9.574,7.392
1425626416636,37.493284,139.919329,4,0.05,-0.255,9.324,7.367
1425626416737,37.493289,139.919333,4,0.066,-0.217,9.2,7.342
1425626416838,37.493295,139.919337,4,0.19,-0.164,9.299,7.317
1425626416939,37.493301,139.91934,4,0.154,-0.193,9.819,7.292
1425626417039,37.493306,139.919344,4,0.088,-0.155,9.837,7.267
1425626417140,37.493312,139.919349,5,0.07,-0.065,9.091,7.25
1425626417236,37.493317,139.919353,5,0.019,-0.037,8.912,7.25
1425626417336,37.493323,139.919358,5,0.011,-0.081,9.186,7.25
1425626417437,37.493329,139.919363,5,0.179,-0.172,10.033,7.25
1425626417538,37.493335,139.919368,5,0.261,-0.166,10.056,7.25
1425626417638,37.493341,139.919373,5,0.188,-0.123,9.491,7.25
1425626417739,37.493346,139.919378,5,0.061,-0.099,9.375,7.25
1425626417840,37.493352,139.919384,5,-0.003,-0.063,9.374,7.25
1425626417936,37.493358,139.919388,5,-0.059,-0.071,9.417,7.25
1425626418036,37.493364,139.919393,5,-0.075,-0.088,9.481,7.25
1425626418137,37.493369,139.919398,5,0.028,-0.058,9.655,7.243
1425626418238,37.493374,139.919402,5,0.007,-0.24,10.365,7.218
1425626418338,37.493379,139.919406,5,-0.161,-0.122,9.826,7.192
1425626418439,37.493384,139.91941,5,-0.229,0.001,8.974,7.167
1425626418540,37.493389,139.919414,5,-0.267,0.086,8.723,7.141
1425626418636,37.493393,139.919418,5,-0.304,0.132,8.746,7.117
1425626418736,37.493398,139.919422,5,-0.184,0.176,8.979,7.092
1425626418837,37.493403,139.919426,5,-0.072,0.124,9.215,7.067
1425626418938,37.493408,139.91943,5,0.054,-0.142,9.966,7.042
1425626419038,37.493413,139.919434,5,0.065,-0.353,10.999,7.018
1425626419139,37.493418,139.919438,5,0.01,-0.356,10.722,7.0
1425626419240,37.493423,139.919442,5,0.018,-0.098,9.269,7.0
1425626419340,37.493429,139.919446,5,0.04,0.043,8.784,7.0
1425626419436,37.493435,139.91945,5,0.067,0.049,9.143,7.0
1425626419537,37.49344,139.919454,5,0.115,0.04,9.531,7.0
1425626419638,37.493446,139.919458,5,0.09,0.083,9.424,7.0
1425626419738,37.493452,139.919462,5,0.059,0.095,8.982,7.0
1425626419839,37.493458,139.919466,5,0.082,-0.026,9.459,7.0
1425626419940,37.493463,139.91947,5,0.013,-0.164,10.282,7.0
1425626420040,37.493469,139.919474,5,-0.016,-0.134,10.185,7.0
1425626420136,37.493475,139.919478,4,-0.023,-0.016,9.578,7.0
1425626420237,37.49348,139.919482,4,-0.064,0.112,8.847,7.0
1425626420337,37.493486,139.919486,4,-0.143,0.136,8.876,7.0
1425626420438,37.493492,139.919489,4,-0.118,0.094,9.448,7.0
1425626420539,37.493498,139.919493,4,-0.046,0.049,9.687,7.0
1425626420640,37.493504,139.919497,4,0.028,0.027,9.431,7.0
1425626420740,37.49351,139.919501,4,0.145,0.027,9.424,7.0
1425626420836,37.493515,139.919505,4,0.171,-0.037,9.787,7.0
1425626420937,37.493521,139.919508,4,0.131,-0.067,9.934,7.0
1425626421037,37.493527,139.919512,4,0.012,-0.035,9.633,7.0
1425626421138,37.493533,139.919516,4,-0.028,0.053,9.273,7.014
1425626421239,37.493538,139.91952,4,-0.079,0.072,9.251,7.063
1425626421339,37.493544,139.919524,4,-0.048,0.098,9.16,7.111
1425626421440,37.49355,139.919528,4,-0.037,0.054,9.341,7.161
1425626421536,37.493555,139.919531,4,-0.036,0.009,9.528,7.209
1425626421637,37.493561,139.919535,4,-0.028,-0.094,9.904,7.259
1425626421737,37.493567,139.919539,4,0.008,-0.118,9.837,7.309
1425626421838,37.493573,139.919543,4,0.032,-0.095,9.644,7.361
1425626421939,37.493579,139.919547,4,-0.002,-0.043,9.464,7.412
1425626422039,37.493585,139.919551,4,-0.028,0.001,9.341,7.463
1425626422140,37.493591,139.919555,4,0.001,-0.016,9.451,7.484
1425626422236,37.493597,139.919559,4,0.04,-0.066,9.559,7.435
1425626422336,37.493603,139.919563,4,0.077,-0.132,9.592,7.384
1425626422437,37.493609,139.919566,4,0.073,-0.191,9.586,7.333
1425626422538,37.493615,139.91957,4,0.044,-0.189,9.48,7.282
1425626422639,37.493621,139.919574,4,0.001,-0.176,9.495,7.231
1425626422739,37.493627,139.919578,4,-0.004,-0.175,9.321,7.181
1425626422840,37.493632,139.919581,4,0.098,-0.242,9.347,7.132
1425626422936,37.493638,139.919585,4,0.185,-0.341,9.556,7.085
1425626423036,37.493644,139.919588,4,0.215,-0.452,9.719,7.036
1425626423137,37.49365,139.919592,4,0.177,-0.468,9.658,7.0
1425626423238,37.493655,139.919596,4,0.05,-0.382,9.36,7.0
1425626423338,37.493661,139.919599,4,0.06,-0.384,9.434,7.0
1425626423439,37.493666,139.919603,4,0.081,-0.38,9.53,7.0
1425626423540,37.493672,139.919606,4,0.146,-0.414,9.485,7.0
1425626423636,37.493677,139.91961,4,0.195,-0.422,9.538,7.0
1425626423736,37.493683,139.919614,4,0.198,-0.427,9.532,7.0
1425626423837,37.493689,139.919617,4,0.087,-0.436,9.637,7.0
1425626423938,37.493694,139.919621,4,-0.013,-0.411,9.596,7.0
1425626424039,37.4937,139.919624,4,-0.062,-0.44,9.641,7.0
1425626424139,37.493706,139.919627,8,-0.006,-0.281,9.535,6.977
1425626424240,37.493712,139.919628,8,0.016,-0.149,9.459,6.898
1425626424336,37.493718,139.919628,8,0.019,-0.123,9.458,6.823
1425626424436,37.493725,139.919629,8,0.003,-0.083,9.432,6.746
1425626424537,37.493731,139.919629,8,-0.027,-0.103,9.54,6.669
1425626424638,37.493737,139.91963,8,-0.068,-0.11,9.562,6.593
1425626424738,37.493743,139.91963,8,-0.033,-0.114,9.558,6.519
1425626424839,37.493749,139.919631,8,-0.005,-0.126,9.479,6.445
1425626424940,37.493755,139.919631,8,0.055,-0.13,9.431,6.372
1425626425041,37.493761,139.919632,8,0.112,-0.187,9.276,6.299
1425626425136,37.493766,139.919633,8,0.104,-0.343,9.369,6.243
1425626425242,37.493771,139.919635,8,0.063,-0.49,9.61,6.216
1425626425338,37.493776,139.919638,8,0.064,-0.638,9.787,6.192
1425626425437,37.49378,139.91964,8,0.173,-0.671,9.561,6.167
1425626425539,37.493785,139.919643,8,0.264,-0.693,9.419,6.142
1425626425638,37.49379,139.919645,8,0.297,-0.733,9.454,6.117
1425626425740,37.493794,139.919648,8,0.299,-0.758,9.474,6.091
1425626425836,37.493799,139.91965,8,0.258,-0.769,9.548,6.067
1425626425937,37.493803,139.919653,8,0.222,-0.839,9.392,6.043
1425626426037,37.493808,139.919655,8,0.19,-0.875,9.316,6.018
1425626426138,37.493812,139.919657,6,0.169,-0.965,9.451,5.978
1425626426239,37.493818,139.919658,6,0.073,-1.079,9.683,5.898
1425626426340,37.493823,139.91966,6,-0.066,-1.219,9.829,5.819
1425626426440,37.493828,139.919661,6,-0.102,-1.248,9.637,5.741
1425626426536,37.493833,139.919662,6,-0.072,-1.234,9.406,5.668
1425626426637,37.493838,139.919663,6,-0.106,-1.228,9.277,5.592
1425626426737,37.493843,139.919664,6,-0.122,-1.299,9.448,5.518
1425626426838,37.493848,139.919665,6,-0.129,-1.286,9.531,5.444
1425626426939,37.493853,139.919666,6,-0.149,-1.339,9.606,5.371
1425626427040,37.493858,139.919667,6,-0.235,-1.316,9.496,5.299
1425626427140,37.493862,139.919669,6,-0.339,-1.33,9.282,5.198
1425626427236,37.493865,139.919671,6,-0.397,-1.358,9.342,5.033
1425626427337,37.493869,139.919673,6,-0.419,-1.427,9.74,4.866
1425626427437,37.493872,139.919675,6,-0.421,-1.491,9.806,4.704
1425626427538,37.493875,139.919676,6,-0.49,-1.459,9.502,4.547
1425626427639,37.493878,139.919678,6,-0.589,-1.403,9.291,4.394
1425626427739,37.493881,139.91968,6,-0.608,-1.392,9.228,4.248
1425626427840,37.493884,139.919682,6,-0.496,-1.44,9.512,4.106
1425626427936,37.493887,139.919683,6,-0.356,-1.399,9.645,3.975
1425626428037,37.493889,139.919685,6,-0.274,-1.347,9.513,3.843
1425626428137,37.493892,139.919686,6,-0.229,-1.324,9.42,3.728
1425626428238,37.493894,139.919686,6,-0.179,-1.296,9.413,3.645
1425626428339,37.493895,139.919686,6,-0.071,-1.282,9.497,3.564
1425626428439,37.493897,139.919686,6,0.115,-1.281,9.492,3.485
1425626428536,37.493899,139.919686,6,0.271,-1.283,9.58,3.41
1425626428636,37.493901,139.919686,6,0.317,-1.301,9.642,3.335
1425626428736,37.493903,139.919686,6,0.323,-1.309,9.602,3.261
1425626428837,37.493904,139.919686,6,0.249,-1.298,9.457,3.188
1425626428938,37.493906,139.919686,6,0.215,-1.292,9.417,3.117
1425626429039,37.493908,139.919686,6,0.293,-1.25,9.395,3.048
1425626429139,37.493909,139.919686,6,0.466,-1.227,9.469,2.954
1425626429240,37.49391,139.919686,6,0.561,-1.172,9.678,2.8
1425626429336,37.49391,139.919687,6,0.495,-1.139,9.602,2.66
1425626429436,37.493911,139.919687,6,0.318,-1.061,9.372,2.52
1425626429537,37.493911,139.919687,6,0.088,-1.035,9.293,2.386
1425626429638,37.493911,139.919688,6,-0.066,-1.049,9.501,2.258
1425626429739,37.493912,139.919688,6,-0.13,-1.062,9.693,2.137
1425626429839,37.493912,139.919688,6,-0.085,-1.028,9.585,2.024
1425626429940,37.493912,139.919689,6,-0.014,-0.966,9.373,1.916
1425626430036,37.493913,139.919689,6,0.033,-0.961,9.341,1.82
1425626430136,37.493913,139.919689,5,0.018,-0.99,9.522,1.683
1425626430237,37.493914,139.919689,5,-0.04,-1.02,9.646,1.435
1425626430338,37.493915,139.919689,5,-0.103,-1.011,9.568,1.21
1425626430438,37.493915,139.919689,5,-0.072,-0.957,9.424,1.01
1425626430539,37.493916,139.91969,5,0.002,-0.921,9.394,0.831
1425626430640,37.493917,139.91969,5,0.087,-0.905,9.525,0.675
1425626430736,37.493917,139.91969,5,0.106,-0.9,9.623,0.548
1425626430836,37.493917,139.91969,5,0.065,-0.88,9.564,0.437
1425626430937,37.493918,139.91969,5,-0.001,-0.83,9.467,0.349
1425626431038,37.493918,139.91969,5,-0.01,-0.605,9.594,0.283
1425626431138,37.493918,139.919689,4,0.037,-0.3,9.717,0.236
1425626431239,37.493917,139.919687,4,0.126,-0.022,9.565,0.19
1425626431340,37.493917,139.919685,4,0.153,0.14,9.32,0.148
1425626431440,37.493916,139.919683,4,0.154,0.214,9.288,0.112
1425626431537,37.493916,139.919682,4,0.118,0.136,9.398,0.082
1425626431637,37.493916,139.919681,4,0.115,0.023,9.584,0.056
1425626431738,37.493915,139.91968,4,0.126,-0.059,9.651,0.035
1425626431838,37.493915,139.919679,4,0.128,-0.036,9.604,0.018
1425626431939,37.493915,139.919678,4,0.114,0.014,9.448,0.007
1425626432040,37.493915,139.919678,4,0.082,0.02,9.44,0.001
1425626572331,37.494699,139.920261,5,0.111,0.012,9.531,9.5
1425626572336,37.494699,139.920261,5,0.11,0.02,9.533,9.5
1425626572437,37.494706,139.920266,5,-0.143,0.074,9.557,9.5
1425626572537,37.494713,139.92027,5,-0.319,0.112,9.486,9.5
1425626572638,37.494719,139.920274,5,-0.391,0.125,9.397,9.5
1425626572739,37.494726,139.920278,5,-0.418,0.094,9.568,9.5
1425626572840,37.494733,139.920283,5,-0.528,0.028,9.747,9.5
1425626572940,37.49474,139.920287,5,-0.493,0.054,9.504,9.5
1425626573036,37.494746,139.920291,5,-0.489,0.04,9.368,9.5
1425626573137,37.494753,139.920295,5,-0.445,0.101,9.481,9.507
1425626573237,37.494761,139.920299,5,-0.448,0.037,9.716,9.531
1425626573338,37.494769,139.920302,5,-0.592,0.044,9.515,9.556
1425626573439,37.494777,139.920306,5,-0.648,0.029,9.698,9.582
1425626573540,37.494785,139.920309,5,-0.744,-0.027,9.983,9.607
1425626573640,37.494793,139.920313,5,-0.71,0.083,9.704,9.632
1425626573736,37.494801,139.920316,5,-0.711,0.166,8.854,9.656
1425626573837,37.494809,139.92032,5,-0.661,0.294,8.324,9.681
1425626573937,37.494817,139.920324,5,-0.569,0.237,8.076,9.706
1425626574038,37.494825,139.920327,5,-0.458,-0.127,8.532,9.732
1425626574139,37.494834,139.920331,5,-0.213,-0.321,9.577,9.743
1425626574239,37.494843,139.920336,5,0.143,-0.483,10.359,9.717
1425626574340,37.494852,139.92034,5,0.404,-0.599,10.69,9.692
1425626574436,37.494861,139.920345,5,0.479,-0.493,10.269,9.668
1425626574537,37.49487,139.920349,5,0.46,-0.382,9.613,9.642
1425626574637,37.494879,139.920354,5,0.337,-0.354,9.531,9.617
1425626574738,37.494888,139.920358,5,0.178,-0.334,9.705,9.592
1425626574839,37.494897,139.920363,5,0.038,-0.271,9.342,9.567
1425626574939,37.494906,139.920367,5,-0.282,-0.321,9.441,9.542
1425626575040,37.494915,139.920372,5,-0.496,-0.288,10.033,9.517
1425626575136,37.494923,139.920376,6,-0.639,-0.251,9.608,9.487
1425626575236,37.494933,139.92038,6,-0.709,-0.265,8.96,9.436
1425626575337,37.494942,139.920384,6,-0.709,-0.453,9.206,9.384
1425626575438,37.494951,139.920388,6,-0.614,-0.517,9.349,9.333
1425626575539,37.494961,139.920392,6,-0.592,-0.682,9.201,9.282
1425626575639,37.49497,139.920396,6,-0.476,-0.852,9.37,9.232
1425626575740,37.494979,139.9204,6,-0.508,-0.99,9.592,9.182
1425626575836,37.494988,139.920404,6,-0.606,-1.082,9.816,9.134
1425626575936,37.494997,139.920408,6,-0.552,-1.103,9.958,9.085
1425626576037,37.495006,139.920412,6,-0.444,-0.965,9.608,9.036
1425626576138,37.495014,139.920416,6,-0.368,-0.884,9.355,9.0
1425626576239,37.495022,139.920418,6,-0.344,-0.815,9.236,9.0
1425626576339,37.49503,139.92042,6,-0.372,-0.81,9.412,9.0
1425626576440,37.495038,139.920423,6,-0.452,-0.937,9.702,9.0
1425626576536,37.495045,139.920425,6,-0.472,-0.945,9.901,9.0
1425626576636,37.495053,139.920427,6,-0.389,-0.877,9.843,9.0
1425626576737,37.495061,139.920429,6,-0.334,-0.837,9.532,9.0
1425626576838,37.495069,139.920432,6,-0.377,-0.792,9.358,9.0
1425626576938,37.495077,139.920434,6,-0.38,-0.772,9.365,9.0
1425626577039,37.495084,139.920436,6,-0.458,-0.853,9.29,9.0
1425626577140,37.495092,139.920437,9,-0.464,-0.832,9.225,8.923
1425626577241,37.495097,139.920434,9,-0.45,-0.864,9.253,8.669
1425626577336,37.495101,139.92043,9,-0.444,-0.945,9.286,8.435
1425626577437,37.495106,139.920427,9,-0.405,-1.04,9.571,8.194
1425626577538,37.495111,139.920424,9,-0.406,-1.122,9.772,7.958
1425626577638,37.495115,139.920421,9,-0.463,-1.182,9.889,7.732
1425626577739,37.49512,139.920418,9,-0.444,-1.168,9.748,7.51
1425626577840,37.495124,139.920415,9,-0.345,-1.131,9.531,7.294
1425626577940,37.495128,139.920412,9,-0.232,-1.145,9.422,7.087
1425626578036,37.495132,139.92041,9,-0.162,-1.128,9.506,6.894
1425626578137,37.495137,139.920409,9,-0.123,-1.184,9.55,6.736
1425626578238,37.495142,139.920411,9,-0.245,-1.181,9.581,6.684
1425626578338,37.495148,139.920413,9,-0.376,-1.193,9.581,6.633
1425626578439,37.495153,139.920415,9,-0.321,-1.136,9.454,6.581
1425626578540,37.495159,139.920418,9,-0.358,-1.047,9.036,6.53
1425626578640,37.495164,139.92042,9,-0.374,-1.035,9.067,6.48
1425626578736,37.495169,139.920422,9,-0.394,-1.163,9.478,6.432
1425626578837,37.495175,139.920424,9,-0.409,-1.253,9.952,6.383
1425626578937,37.49518,139.920426,9,-0.445,-1.31,10.079,6.334
1425626579038,37.495185,139.920428,9,-0.4,-1.198,9.643,6.285
1425626579139,37.49519,139.92043,6,-0.317,-1.054,8.992,6.201
1425626579240,37.495194,139.92043,6,-0.323,-1.028,9.225,6.032
1425626579340,37.495198,139.92043,6,-0.261,-0.988,9.676,5.869
1425626579436,37.495201,139.92043,6,-0.161,-0.911,9.759,5.716
1425626579537,37.495205,139.92043,6,-0.073,-0.724,9.616,5.559
1425626579637,37.495208,139.920429,6,-0.059,-0.573,9.586,5.409
1425626579738,37.495211,139.920429,6,-0.041,-0.491,9.549,5.26
1425626579839,37.495215,139.920429,6,-0.035,-0.433,9.724,5.116
1425626579939,37.495218,139.920429,6,-0.03,-0.401,9.86,4.978
1425626580040,37.495221,139.920429,6,-0.068,-0.355,9.661,4.842
1425626580136,37.495224,139.920429,6,-0.322,-0.268,9.129,4.743
1425626580237,37.495227,139.92043,6,-0.479,-0.245,9.082,4.718
1425626580337,37.49523,139.920431,6,-0.485,-0.298,9.386,4.692
1425626580438,37.495233,139.920431,6,-0.503,-0.332,9.415,4.667
1425626580539,37.495236,139.920432,6,-0.478,-0.363,9.566,4.641
1425626580639,37.495239,139.920433,6,-0.405,-0.464,9.812,4.616
1425626580740,37.495241,139.920433,6,-0.282,-0.488,9.804,4.591
1425626580836,37.495244,139.920434,6,-0.211,-0.47,9.605,4.567
1425626580937,37.495247,139.920435,6,-0.207,-0.454,9.405,4.542
1425626581037,37.49525,139.920435,6,-0.283,-0.408,9.434,4.518
1425626581138,37.495253,139.920437,6,-0.344,-0.375,9.457,4.5
1425626581239,37.495259,139.920438,6,-0.32,-0.39,9.464,4.5
1425626581339,37.495264,139.92044,6,-0.304,-0.395,9.444,4.5
1425626581440,37.495269,139.920442,6,-0.26,-0.422,9.352,4.5
1425626581541,37.495274,139.920444,6,-0.192,-0.411,9.586,4.5
1425626581636,37.495279,139.920446,6,-0.155,-0.35,9.526,4.5
1425626581736,37.495284,139.920448,6,-0.197,-0.285,9.443,4.5
1425626581838,37.495289,139.92045,6,-0.276,-0.234,9.468,4.5
1425626581937,37.495294,139.920452,6,-0.334,-0.183,9.462,4.5
1425626582039,37.495299,139.920454,6,-0.363,-0.163,9.285,4.5
1425626582138,37.495304,139.920455,6,-0.359,-0.173,9.294,4.5
1425626582236,37.495309,139.920456,6,-0.274,-0.212,9.518,4.5
1425626582336,37.495313,139.920456,6,-0.212,-0.276,9.678,4.5
1425626582437,37.495317,139.920457,6,-0.161,-0.318,9.655,4.5
1425626582538,37.495322,139.920457,6,-0.134,-0.352,9.737,4.5
1425626582638,37.495326,139.920458,6,-0.195,-0.409,9.768,4.5
1425626582739,37.495331,139.920458,6,-0.299,-0.393,9.568,4.5
1425626582840,37.495335,139.920459,6,-0.376,-0.343,9.366,4.5
1425626582936,37.495339,139.920459,6,-0.408,-0.316,9.362,4.5
1425626583036,37.495344,139.92046,6,-0.378,-0.358,9.564,4.5
1425626583137,37.495348,139.92046,5,-0.272,-0.363,9.685,4.486
1425626583238,37.495353,139.920461,5,-0.157,-0.333,9.547,4.433
1425626583338,37.495357,139.920462,5,-0.117,-0.32,9.562,4.381
1425626583439,37.495361,139.920463,5,-0.12,-0.344,9.555,4.329
1425626583540,37.495366,139.920464,5,-0.145,-0.356,9.462,4.278
1425626583641,37.49537,139.920465,5,-0.239,-0.335,9.385,4.227
1425626583736,37.495374,139.920466,5,-0.313,-0.356,9.506,4.18
1425626583837,37.495378,139.920467,5,-0.368,-0.371,9.634,4.131
1425626583938,37.495382,139.920468,5,-0.476,-0.384,9.62,4.082
1425626584038,37.495386,139.920468,5,-0.476,-0.398,9.596,4.034
1425626584139,37.49539,139.920469,5,-0.44,-0.343,9.312,4.0
1425626584240,37.495394,139.920471,5,-0.388,-0.315,9.155,4.0
1425626584340,37.495399,139.920472,5,-0.329,-0.372,9.186,4.0
1425626584436,37.495403,139.920473,5,-0.307,-0.502,9.57,4.0
1425626584537,37.495407,139.920475,5,-0.285,-0.595,9.929,4.0
1425626584637,37.495411,139.920476,5,-0.275,-0.612,9.874,4.0
1425626584738,37.495415,139.920477,5,-0.246,-0.59,9.556,4.0
1425626584839,37.49542,139.920478,5,-0.198,-0.497,9.229,4.0
1425626584940,37.495424,139.92048,5,-0.19,-0.511,9.338,4.0
1425626585040,37.495428,139.920481,5,-0.265,-0.54,9.623,4.0
1425626585136,37.495432,139.920482,6,-0.356,-0.561,9.768,3.979
1425626585237,37.495436,139.920482,6,-0.392,-0.516,9.62,3.896
1425626585337,37.49544,139.920482,6,-0.346,-0.455,9.5,3.816
1425626585438,37.495444,139.920483,6,-0.258,-0.419,9.32,3.737
1425626585539,37.495448,139.920483,6,-0.193,-0.436,9.292,3.659
1425626585640,37.495452,139.920483,6,-0.112,-0.469,9.587,3.583
1425626585740,37.495455,139.920483,6,-0.093,-0.479,9.809,3.509
1425626585836,37.495459,139.920483,6,-0.109,-0.485,9.739,3.44
1425626585937,37.495462,139.920484,6,-0.142,-0.435,9.473,3.369
1425626586037,37.495466,139.920484,6,-0.199,-0.371,9.29,3.299
1425626586138,37.495469,139.920484,6,-0.251,-0.395,9.385,3.243
1425626586239,37.495473,139.920484,6,-0.214,-0.48,9.813,3.217
1425626586339,37.495476,139.920485,6,-0.142,-0.491,9.988,3.191
1425626586440,37.49548,139.920485,6,-0.16,-0.378,9.574,3.165
1425626586536,37.495483,139.920485,6,-0.236,-0.307,9.181,3.141
1425626586637,37.495487,139.920486,6,-0.253,-0.267,9.205,3.116
1425626586737,37.49549,139.920486,6,-0.236,-0.294,9.414,3.091
1425626586838,37.495494,139.920486,6,-0.228,-0.339,9.632,3.066
1425626586939,37.495497,139.920487,6,-0.283,-0.317,9.571,3.041
1425626587039,37.495501,139.920487,6,-0.273,-0.284,9.44,3.017
1425626587140,37.495504,139.920487,5,-0.233,-0.273,9.443,2.992
1425626587236,37.495507,139.920488,5,-0.165,-0.275,9.569,2.967
1425626587336,37.495509,139.920488,5,-0.149,-0.295,9.63,2.942
1425626587437,37.495512,139.920489,5,-0.152,-0.3,9.465,2.916
1425626587538,37.495515,139.920489,5,-0.116,-0.295,9.361,2.89
1425626587639,37.495518,139.92049,5,-0.037,-0.302,9.448,2.865
1425626587739,37.49552,139.92049,5,0.02,-0.222,9.696,2.84
1425626587840,37.495523,139.920491,5,-0.065,-0.162,9.764,2.815
1425626587936,37.495525,139.920491,5,-0.155,-0.117,9.549,2.792
1425626588036,37.495528,139.920492,5,-0.178,-0.095,9.374,2.768
1425626588137,37.495531,139.920492,6,-0.097,-0.084,9.375,2.743
1425626588238,37.495534,139.920494,6,-0.033,-0.111,9.607,2.717
1425626588339,37.495537,139.920496,6,-0.04,-0.131,9.764,2.691
1425626588439,37.49554,139.920498,6,-0.052,-0.097,9.558,2.665
1425626588540,37.495543,139.9205,6,-0.006,-0.079,9.366,2.64
1425626588636,37.495546,139.920501,6,0.036,-0.088,9.48,2.616
1425626588736,37.495549,139.920503,6,0.07,-0.116,9.598,2.591
1425626588837,37.495552,139.920505,6,0.123,-0.122,9.653,2.566
1425626588938,37.495555,139.920506,6,0.145,-0.09,9.593,2.541
1425626589039,37.495558,139.920508,6,0.162,-0.085,9.449,2.517
1425626589139,37.495561,139.920509,6,0.198,-0.084,9.391,2.5
1425626589240,37.495563,139.92051,6,0.181,-0.09,9.577,2.5
1425626589336,37.495566,139.92051,6,0.133,-0.042,9.772,2.5
1425626589436,37.495568,139.920511,6,0.11,0.327,9.742,2.5
1425626589537,37.495571,139.920512,6,0.072,0.655,9.546,2.5
1425626589638,37.495574,139.920512,6,0.019,0.704,9.235,2.5
1425626589738,37.495576,139.920513,6,-0.019,0.606,9.119,2.5
1425626589839,37.495579,139.920513,6,-0.103,0.589,9.285,2.5
1425626589940,37.495582,139.920514,6,-0.075,0.533,9.722,2.5
1425626590040,37.495584,139.920515,6,0.038,0.473,9.894,2.5
1425626590136,37.495587,139.920515,6,0.127,0.461,9.681,2.5
1425626590237,37.495589,139.920515,6,0.141,0.523,9.248,2.5
1425626604331,37.496456,139.920782,8,0.179,0.547,9.153,8.805
1425626604336,37.496457,139.920782,8,0.175,0.543,9.166,8.806
1425626604437,37.496465,139.920786,8,-0.036,0.237,9.655,8.831
1425626604537,37.496473,139.92079,8,-0.077,0.075,9.838,8.856
1425626604638,37.496482,139.920794,8,-0.087,0.06,9.641,8.881
1425626604739,37.49649,139.920798,8,-0.113,0.053,9.558,8.906
1425626604840,37.496498,139.920802,8,-0.14,0.054,9.515,8.932
1425626604940,37.496507,139.920805,8,-0.17,0.067,9.359,8.957
1425626605036,37.496515,139.920809,8,-0.225,0.038,9.503,8.981
1425626605137,37.496523,139.920813,8,-0.242,0.013,9.639,8.993
1425626605237,37.496531,139.920816,8,-0.198,0.031,9.561,8.968
1425626605338,37.496538,139.920818,8,-0.2,0.035,9.528,8.942
1425626605439,37.496546,139.920821,8,-0.114,-0.003,9.804,8.917
1425626605539,37.496553,139.920824,8,-0.136,-0.002,9.718,8.892
1425626605640,37.496561,139.920827,8,-0.204,-0.006,9.612,8.867
1425626605736,37.496568,139.92083,8,-0.238,0.04,9.199,8.843
1425626605836,37.496576,139.920832,8,-0.235,0.065,9.233,8.818
1425626605937,37.496583,139.920835,8,-0.224,0.027,9.414,8.793
1425626606038,37.496591,139.920838,8,-0.247,-0.026,9.541,8.768
1425626606139,37.496598,139.920841,7,-0.287,-0.106,9.771,8.75
1425626606239,37.496605,139.920842,7,-0.4,-0.204,9.657,8.75
1425626606340,37.496612,139.920844,7,-0.337,-0.109,9.469,8.75
1425626606436,37.496618,139.920846,7,-0.176,-0.072,9.503,8.75
1425626606536,37.496625,139.920848,7,-0.235,-0.042,9.056,8.75
1425626606637,37.496632,139.92085,7,-0.106,-0.155,9.43,8.75
1425626606738,37.496639,139.920852,7,-0.047,-0.437,10.226,8.75
1425626606839,37.496646,139.920854,7,-0.057,-0.319,9.533,8.75
1425626606939,37.496652,139.920856,7,-0.032,-0.054,8.374,8.75
1425626607040,37.496659,139.920858,7,-0.115,-0.104,8.798,8.75
1425626607136,37.496666,139.92086,6,-0.179,-0.129,9.546,8.743
1425626607236,37.496674,139.920862,6,-0.183,-0.327,9.923,8.718
1425626607337,37.496682,139.920864,6,-0.068,-0.239,9.545,8.693
1425626607438,37.49669,139.920867,6,-0.066,-0.345,10.021,8.667
1425626607539,37.496697,139.920869,6,-0.086,-0.386,10.43,8.642
1425626607639,37.496705,139.920871,6,-0.157,-0.246,10.243,8.617
1425626607740,37.496713,139.920874,6,-0.158,-0.094,9.399,8.592
1425626607836,37.49672,139.920876,6,-0.187,-0.021,8.701,8.568
1425626607936,37.496728,139.920878,6,-0.191,0.048,8.274,8.543
1425626608037,37.496735,139.92088,6,-0.114,-0.059,9.234,8.518
1425626608138,37.496743,139.920883,6,-0.169,-0.302,10.382,8.5
1425626608238,37.496751,139.920886,6,-0.155,-0.236,10.228,8.5
1425626608339,37.496758,139.920888,6,-0.282,-0.199,9.497,8.5
1425626608440,37.496766,139.920891,6,-0.272,-0.141,9.254,8.5
1425626608536,37.496773,139.920894,6,-0.294,-0.022,9.474,8.5
1425626608636,37.496781,139.920897,6,-0.238,0.031,9.634,8.5
1425626608737,37.496789,139.9209,6,-0.121,-0.047,9.727,8.5
1425626608838,37.496796,139.920902,6,-0.073,-0.113,9.779,8.5
1425626608938,37.496804,139.920905,6,-0.085,-0.06,9.361,8.5
1425626609039,37.496812,139.920908,6,-0.141,-0.011,9.349,8.5
1425626609140,37.49682,139.920911,6,-0.137,0.046,9.518,8.5
1425626609241,37.496828,139.920912,6,-0.112,0.067,9.398,8.5
1425626609336,37.496836,139.920914,6,-0.147,0.024,9.24,8.5
1425626609437,37.496845,139.920916,6,-0.125,-0.06,9.416,8.5
1425626609538,37.496853,139.920917,6,-0.105,-0.101,9.716,8.5
1425626609638,37.496862,139.920919,6,-0.116,-0.072,9.606,8.5
1425626609739,37.49687,139.920921,6,-0.151,-0.053,9.274,8.5
1425626609840,37.496879,139.920922,6,-0.204,-0.136,9.953,8.5
1425626609940,37.496888,139.920924,6,-0.302,-0.095,9.501,8.5
1425626610036,37.496896,139.920926,6,-0.404,-0.122,9.309,8.5
1425626610142,37.496904,139.920928,6,-0.458,-0.104,9.831,8.492
1425626610237,37.496911,139.92093,6,-0.264,-0.166,10.213,8.468
1425626610337,37.496919,139.920933,6,-0.297,-0.207,9.41,8.443
1425626610439,37.496926,139.920935,6,-0.227,0.092,8.266,8.417
1425626610538,37.496934,139.920937,6,-0.165,0.069,8.745,8.392
1425626610640,37.496941,139.92094,6,-0.094,-0.067,9.79,8.367
1425626610736,37.496948,139.920942,6,-0.067,-0.205,10.35,8.343
1425626610837,37.496955,139.920945,6,-0.018,-0.16,10.051,8.318
1425626610938,37.496963,139.920947,6,-0.086,-0.16,9.926,8.292
1425626611038,37.49697,139.920949,6,-0.057,-0.086,9.887,8.268
1425626611139,37.496977,139.920952,7,-0.01,0.142,8.956,8.25
1425626611240,37.496982,139.920954,7,0.039,0.153,8.894,8.25
1425626611340,37.496987,139.920957,7,-0.111,0.121,9.074,8.25
1425626611436,37.496993,139.920959,7,-0.198,0.095,9.356,8.25
1425626611537,37.496998,139.920962,7,-0.206,0.014,9.444,8.25
1425626611637,37.497003,139.920964,7,-0.181,-0.086,10.144,8.25
1425626611738,37.497009,139.920967,7,-0.096,-0.143,10.33,8.25
1425626611839,37.497014,139.920969,7,-0.034,-0.065,9.817,8.25
1425626611940,37.49702,139.920972,7,-0.001,0.057,9.344,8.25
1425626612040,37.497025,139.920974,7,0.025,0.068,9.172,8.25
1425626612136,37.497031,139.920977,7,0.038,0.088,9.257,8.23
1425626612237,37.497039,139.920979,7,0.001,0.055,9.366,8.151
1425626612337,37.497047,139.920981,7,-0.037,0.011,9.634,8.073
1425626612438,37.497054,139.920983,7,-0.068,-0.014,9.669,7.996
1425626612539,37.497062,139.920986,7,-0.09,0.034,9.472,7.92
1425626612639,37.49707,139.920988,7,-0.053,0.039,9.339,7.844
1425626612740,37.497077,139.92099,7,0.016,0.009,9.412,7.769
1425626612836,37.497084,139.920992,7,0.073,0.02,9.592,7.698
1425626612936,37.497091,139.920994,7,0.105,-0.019,9.676,7.625
1425626613037,37.497099,139.920996,7,0.07,-0.04,9.657,7.552
1425626613138,37.497106,139.920999,6,0.019,-0.035,9.621,7.514
1425626613239,37.497112,139.921001,6,-0.03,-0.009,9.572,7.563
1425626613339,37.497119,139.921004,6,-0.068,0.021,9.415,7.612
1425626613440,37.497125,139.921007,6,-0.093,0.022,9.381,7.661
1425626613536,37.497131,139.921009,6,-0.08,0.032,9.44,7.709
1425626613636,37.497138,139.921012,6,-0.072,0.028,9.53,7.759
1425626613737,37.497144,139.921015,6,-0.045,0.059,9.561,7.81
1425626613838,37.497151,139.921017,6,-0.061,0.055,9.553,7.861
1425626613938,37.497158,139.92102,6,-0.085,0.104,9.435,7.912
1425626614039,37.497164,139.921023,6,-0.068,0.053,9.722,7.963
1425626614140,37.497171,139.921026,5,-0.028,0.034,9.794,8.022
1425626614236,37.497178,139.921028,5,-0.034,0.077,9.536,8.091
1425626614336,37.497186,139.92103,5,-0.06,0.133,9.393,8.164
1425626614437,37.497193,139.921032,5,-0.121,0.158,9.37,8.238
1425626614538,37.497201,139.921035,5,-0.144,0.139,9.832,8.313
1425626614638,37.497209,139.921037,5,-0.163,0.101,9.778,8.388
1425626614739,37.497217,139.921039,5,-0.24,0.187,8.95,8.464
1425626614840,37.497225,139.921042,5,-0.204,0.188,9.303,8.541
1425626614940,37.497232,139.921044,5,-0.191,0.133,9.766,8.618
1425626615036,37.49724,139.921046,5,-0.184,0.054,9.856,8.692
1425626615137,37.497248,139.921049,6,-0.154,0.062,9.555,8.75
1425626615238,37.497255,139.921051,6,-0.147,0.056,9.669,8.75
1425626615338,37.497263,139.921054,6,-0.148,0.075,9.74,8.75
1425626615439,37.49727,139.921056,6,-0.121,0.145,9.397,8.75
1425626615540,37.497277,139.921059,6,-0.111,0.193,9.066,8.75
1425626615640,37.497285,139.921061,6,-0.047,0.154,9.217,8.75
1425626615736,37.497292,139.921064,6,0.018,0.048,9.762,8.75
1425626615837,37.497299,139.921066,6,0.09,-0.017,9.999,8.75
1425626615938,37.497306,139.921069,6,0.087,0.031,9.805,8.75
1425626616038,37.497314,139.921071,6,0.056,0.094,9.526,8.75
1425626616139,37.497321,139.921074,6,-0.015,0.126,9.283,8.757
1425626616240,37.497328,139.921076,6,-0.092,0.11,9.329,8.782
1425626616340,37.497335,139.921078,6,-0.1,0.077,9.576,8.807
1425626616436,37.497341,139.92108,6,-0.069,0.092,9.555,8.831
1425626616537,37.497348,139.921082,6,-0.056,0.087,9.603,8.856
1425626616638,37.497355,139.921085,6,0.052,0.067,9.546,8.881
1425626616738,37.497362,139.921087,6,0.033,-0.02,9.728,8.906
1425626616839,37.497369,139.921089,6,-0.031,0.091,8.995,8.932
1425626616940,37.497376,139.921091,6,-0.15,0.145,9.042,8.957
1425626617040,37.497383,139.921093,6,-0.064,-0.053,9.181,8.982
1425626617136,37.49739,139.921096,6,0.021,-0.08,9.637,9.0
1425626617237,37.497398,139.921099,6,0.062,-0.055,9.711,9.0
1425626617337,37.497405,139.921103,6,0.034,-0.219,9.746,9.0
1425626617438,37.497413,139.921106,6,0.085,-0.06,9.89,9.0
1425626617539,37.497421,139.92111,6,-0.033,-0.132,10.126,9.0
1425626617640,37.497428,139.921113,6,-0.084,0.005,9.599,9.0
1425626617740,37.497436,139.921116,6,-0.079,0.085,9.054,9.0
1425626617836,37.497443,139.92112,6,-0.125,0.066,9.165,9.0
1425626617937,37.497451,139.921123,6,-0.175,-0.016,9.497,9.0
1425626618037,37.497458,139.921127,6,-0.199,-0.081,9.743,9.0
1425626618138,37.497467,139.92113,6,-0.197,-0.092,9.671,9.0
1425626618239,37.497476,139.921132,6,-0.168,-0.035,9.385,9.0
1425626618339,37.497486,139.921135,6,-0.164,-0.03,9.387,9.0
1425626618440,37.497495,139.921138,6,-0.194,-0.061,9.404,9.0
1425626618536,37.497504,139.921141,6,-0.158,-0.111,9.312,9.0
1425626618637,37.497514,139.921143,6,-0.166,-0.199,9.364,9.0
1425626618737,37.497524,139.921146,6,-0.179,-0.243,9.864,9.0
1425626618838,37.497533,139.921149,6,-0.174,-0.272,9.996,9.0
1425626618939,37.497543,139.921151,6,-0.122,-0.182,9.408,9.0
1425626619039,37.497552,139.921154,6,-0.237,-0.189,9.332,9.0
1425626619140,37.497561,139.921157,6,-0.305,-0.164,9.611,8.992
1425626619236,37.497569,139.921159,6,-0.259,-0.173,9.529,8.968
1425626619336,37.497577,139.921161,6,-0.219,-0.198,9.362,8.943
1425626619437,37.497585,139.921163,6,-0.171,-0.196,9.475,8.917
1425626619539,37.497593,139.921166,6,-0.039,-0.245,9.855,8.892
1425626619639,37.497601,139.921168,6,-0.006,-0.252,9.702,8.867
1425626619739,37.497608,139.92117,6,-0.145,-0.165,9.212,8.842
1425626619840,37.497616,139.921172,6,-0.245,-0.262,9.275,8.817
1425626619936,37.497624,139.921174,6,-0.351,-0.282,9.496,8.793
1425626620036,37.497631,139.921176,6,-0.418,-0.238,9.423,8.768
1425626620137,37.497639,139.921179,6,-0.36,-0.267,9.412,8.75
1425626620238,37.497647,139.921181,6,-0.372,-0.345,9.505,8.75
1425626620338,37.497656,139.921183,6,-0.244,-0.35,9.708,8.75
1425626620439,37.497664,139.921186,6,-0.218,-0.348,9.649,8.75
1425626620540,37.497672,139.921188,6,-0.099,-0.382,9.733,8.75
1425626620636,37.49768,139.921191,6,-0.12,-0.36,9.662,8.75
1425626620736,37.497688,139.921193,6,-0.164,-0.215,9.317,8.75
1425626620837,37.497697,139.921195,6,-0.215,-0.152,8.952,8.75
1425626620938,37.497705,139.921198,6,-0.247,-0.219,9.267,8.75
1425626621038,37.497713,139.9212,6,-0.211,-0.268,9.525,8.75
1425626621139,37.497721,139.921203,6,-0.189,-0.272,9.455,8.727
1425626621240,37.497728,139.921205,6,-0.233,-0.351,9.931,8.649
1425626621341,37.497735,139.921207,6,-0.287,-0.347,10.037,8.571
1425626621436,37.497741,139.921209,6,-0.317,-0.222,9.505,8.498
1425626621537,37.497748,139.921211,6,-0.415,-0.169,9.203,8.422
1425626621638,37.497755,139.921213,6,-0.407,-0.188,9.409,8.346
1425626621738,37.497762,139.921215,6,-0.356,-0.204,9.709,8.271
1425626621839,37.497768,139.921217,6,-0.284,-0.153,9.595,8.197
1425626621940,37.497775,139.92122,6,-0.146,-0.161,9.641,8.123
1425626622040,37.497782,139.921222,6,-0.082,-0.133,9.528,8.05
1425626622136,37.497788,139.921223,6,-0.069,-0.111,9.618,8.0
1425626622237,37.497795,139.921225,6,-0.162,0.072,9.17,8.0
1425626622338,37.497801,139.921226,6,-0.3,0.07,9.351,8.0
1425626622438,37.497808,139.921228,6,-0.402,0.015,9.592,8.0
1425626622539,37.497815,139.921229,6,-0.346,-0.006,9.709,8.0
1425626622640,37.497822,139.92123,6,-0.268,0.005,9.654,8.0
1425626622740,37.497828,139.921232,6,-0.248,0.092,9.359,8.0
1425626622836,37.497835,139.921233,6,-0.251,0.122,9.276,8.0
1425626622937,37.497841,139.921235,6,-0.293,0.056,9.561,8.0
1425626623037,37.497848,139.921236,6,-0.38,0.03,9.652,8.0
1425626623138,37.497855,139.921237,6,-0.264,0.012,9.545,7.993
1425626623239,37.497862,139.921238,6,-0.12,0.064,9.388,7.967
1425626623340,37.497869,139.921239,6,-0.058,0.018,9.636,7.942
1425626623440,37.497876,139.92124,6,0.03,-0.031,10.046,7.917
1425626623536,37.497883,139.92124,6,0.079,0.012,9.405,7.893
1425626623637,37.49789,139.921241,6,0.002,0.151,8.628,7.867
1425626623737,37.497897,139.921242,6,0.008,0.1,9.285,7.842
1425626623838,37.497904,139.921243,6,-0.046,-0.026,9.978,7.817
1425626623939,37.497911,139.921244,6,-0.108,-0.032,9.828,7.792
1425626624040,37.497918,139.921244,6,-0.139,0.0,9.408,7.767
1425626624140,37.497926,139.921246,11,-0.168,-0.027,9.496,7.75
1425626624241,37.497938,139.921247,11,-0.139,-0.053,9.903,7.75
1425626624337,37.497949,139.921249,11,-0.118,-0.004,9.65,7.75
1425626624436,37.49796,139.921251,11,-0.072,0.067,9.231,7.75
1425626624538,37.497972,139.921253,11,-0.017,0.037,9.247,7.75
1425626624637,37.497983,139.921255,11,0.033,-0.02,9.641,7.75
1425626624739,37.497995,139.921257,11,0.044,-0.063,9.839,7.75
1425626624839,37.498006,139.921259,11,0.046,0.011,9.474,7.75
1425626624936,37.498017,139.921261,11,0.028,0.036,9.146,7.75
1425626625037,37.498029,139.921263,11,-0.016,0.012,9.188,7.75
1425626625137,37.498039,139.921264,11,-0.037,-0.114,9.486,7.75
1425626625238,37.498048,139.921266,11,-0.048,-0.361,9.354,7.75
1425626625339,37.498056,139.921268,11,-0.091,-0.41,9.632,7.75
1425626625439,37.498065,139.921269,11,-0.133,-0.391,10.082,7.75
1425626625541,37.498073,139.921271,11,-0.069,-0.33,9.664,7.75
1425626625636,37.498081,139.921272,11,-0.11,-0.228,8.872,7.75
1425626625736,37.49809,139.921274,11,-0.039,-0.157,8.928,7.75
1425626625837,37.498098,139.921276,11,-0.005,-0.263,9.695,7.75
1425626625938,37.498107,139.921277,11,-0.039,-0.444,10.085,7.75
1425626626039,37.498115,139.921279,11,-0.084,-0.456,9.889,7.75
1425626626139,37.498123,139.92128,6,-0.141,-0.428,9.794,7.75
1425626626240,37.498131,139.921281,6,-0.089,-0.429,9.871,7.75
1425626626336,37.498138,139.921282,6,-0.035,-0.356,9.704,7.75
1425626626436,37.498146,139.921284,6,0.021,-0.202,9.333,7.75
1425626626537,37.498154,139.921285,6,0.115,-0.151,8.905,7.75
1425626626638,37.498162,139.921286,6,0.223,-0.25,9.043,7.75
1425626626738,37.498169,139.921287,6,0.411,-0.461,9.502,7.75
1425626626839,37.498177,139.921288,6,0.524,-0.737,9.845,7.75
1425626626940,37.498185,139.921289,6,0.509,-0.898,9.739,7.75
1425626627036,37.498192,139.92129,6,0.425,-1.022,9.701,7.75
1425626627136,37.4982,139.921291,6,0.277,-1.026,9.399,7.743
1425626627237,37.498207,139.921293,6,0.087,-1.055,9.415,7.718
1425626627338,37.498213,139.921295,6,-0.047,-1.074,9.499,7.692
1425626627438,37.49822,139.921296,6,0.009,-0.931,9.662,7.667
1425626627539,37.498227,139.921298,6,0.068,-0.691,9.65,7.642
1425626627640,37.498234,139.9213,6,0.143,-0.521,9.59,7.616
1425626627741,37.498241,139.921301,6,0.156,-0.402,9.528,7.591
1425626627836,37.498247,139.921303,6,0.126,-0.31,9.423,7.568
1425626627937,37.498254,139.921304,6,-0.049,-0.284,9.357,7.543
1425626628038,37.49826,139.921306,6,-0.126,-0.269,9.288,7.518
1425626628138,37.498267,139.921307,6,-0.155,-0.228,8.955,7.493
1425626628239,37.498274,139.921308,6,-0.199,-0.292,9.464,7.467
1425626628340,37.498281,139.921308,6,-0.164,-0.385,9.961,7.442
1425626628440,37.498287,139.921309,6,-0.129,-0.416,9.823,7.417
1425626628536,37.498294,139.921309,6,-0.057,-0.356,9.584,7.392
1425626628637,37.498301,139.92131,6,-0.028,-0.305,9.47,7.367
1425626628738,37.498307,139.92131,6,-0.048,-0.262,9.332,7.342
1425626628838,37.498314,139.921311,6,-0.118,-0.222,9.308,7.317
1425626628939,37.498321,139.921311,6,-0.169,-0.189,9.284,7.292
1425626629040,37.498327,139.921312,6,-0.216,-0.208,9.158,7.267
1425626629140,37.498334,139.921312,6,-0.243,-0.325,9.569,7.25
1425626629236,37.49834,139.921314,6,-0.215,-0.395,9.898,7.25
1425626629337,37.498346,139.921315,6,-0.094,-0.48,10.375,7.25
1425626629437,37.498352,139.921317,6,-0.037,-0.43,10.225,7.25
1425626629538,37.498359,139.921318,6,-0.024,-0.317,9.624,7.25
1425626629639,37.498365,139.92132,6,-0.013,-0.204,9.188,7.25
1425626629740,37.498371,139.921321,6,-0.057,-0.103,8.87,7.25
1425626629840,37.498377,139.921323,6,-0.183,-0.174,9.127,7.25
1425626629936,37.498383,139.921324,6,-0.346,-0.274,9.579,7.25
1425626630037,37.498389,139.921326,6,-0.383,-0.315,9.775,7.25
1425626630137,37.498395,139.921327,10,-0.419,-0.38,9.708,7.221
1425626630238,37.498398,139.921329,10,-0.412,-0.317,9.517,7.114
1425626630339,37.498401,139.921331,10,-0.412,-0.287,9.451,7.008
1425626630440,37.498405,139.921333,10,-0.381,-0.199,9.438,6.904
1425626630540,37.498408,139.921335,10,-0.33,-0.226,9.593,6.802
1425626630636,37.498411,139.921336,10,-0.299,-0.258,9.576,6.706
1425626630737,37.498414,139.921338,10,-0.301,-0.26,9.409,6.606
1425626630837,37.498417,139.92134,10,-0.381,-0.272,9.495,6.508
1425626630938,37.49842,139.921341,10,-0.394,-0.243,9.617,6.411
1425626631039,37.498423,139.921343,10,-0.284,-0.231,9.522,6.316
1425626631139,37.498427,139.921344,10,-0.108,-0.235,9.535,6.243
1425626631240,37.498433,139.921346,10,-0.071,-0.225,9.504,6.217
1425626631336,37.498438,139.921347,10,0.01,-0.194,9.311,6.193
1425626631437,37.498444,139.921348,10,0.07,-0.207,9.355,6.167
1425626631537,37.49845,139.92135,10,-0.005,-0.238,9.506,6.142
1425626631638,37.498455,139.921351,10,-0.185,-0.302,9.663,6.117
1425626631739,37.498461,139.921352,10,-0.335,-0.329,9.722,6.092
1425626631839,37.498467,139.921354,10,-0.49,-0.291,9.596,6.067
1425626631940,37.498472,139.921355,10,-0.645,-0.273,9.291,6.042
1425626632036,37.498478,139.921356,10,-0.646,-0.179,9.365,6.018
1425626632136,37.498484,139.921357,7,-0.625,-0.168,9.654,6.006
1425626632237,37.49849,139.921357,7,-0.545,-0.178,9.862,6.031
1425626632338,37.498497,139.921357,7,-0.426,-0.153,9.71,6.056
1425626632439,37.498503,139.921357,7,-0.348,-0.065,9.301,6.081
1425626632539,37.49851,139.921357,7,-0.289,-0.042,9.211,6.106
1425626632640,37.498517,139.921358,7,-0.283,-0.12,9.301,6.131
1425626632736,37.498523,139.921358,7,-0.353,-0.222,9.459,6.155
1425626632836,37.49853,139.921358,7,-0.306,-0.392,9.68,6.18
1425626632937,37.498536,139.921358,7,-0.324,-0.506,9.616,6.206
1425626633038,37.498543,139.921358,7,-0.344,-0.629,9.624,6.232
1425626633138,37.498549,139.921359,7,-0.427,-0.691,9.452,6.228
1425626633239,37.498555,139.92136,7,-0.481,-0.756,9.372,6.148
1425626633340,37.49856,139.921362,7,-0.463,-0.805,9.452,6.069
1425626633436,37.498565,139.921364,7,-0.434,-0.885,9.537,5.995
1425626633536,37.49857,139.921366,7,-0.404,-0.924,9.564,5.919
1425626633637,37.498575,139.921367,7,-0.336,-0.911,9.493,5.843
1425626633738,37.498579,139.921369,7,-0.323,-0.952,9.516,5.768
1425626633838,37.498584,139.921371,7,-0.304,-0.963,9.438,5.695
1425626633939,37.498589,139.921372,7,-0.306,-0.966,9.575,5.621
1425626634040,37.498594,139.921374,7,-0.324,-0.963,9.637,5.549
1425626634136,37.498598,139.921375,6,-0.337,-0.965,9.449,5.446
1425626634236,37.4986,139.921376,6,-0.223,-0.931,9.425,5.243
1425626634337,37.498602,139.921377,6,-0.125,-0.906,9.51,5.045
1425626634438,37.498604,139.921378,6,-0.078,-0.911,9.431,4.853
1425626634538,37.498606,139.921378,6,-0.027,-0.908,9.445,4.67
1425626634639,37.498607,139.921379,6,0.085,-0.891,9.539,4.492
1425626634740,37.498609,139.92138,6,0.154,-0.888,9.639,4.32
1425626634840,37.498611,139.92138,6,0.066,-0.896,9.538,4.157
1425626634936,37.498612,139.921381,6,0.053,-0.872,9.487,4.007
1425626635037,37.498614,139.921382,6,0.066,-0.83,9.359,3.855
1425626635138,37.498616,139.921382,6,0.065,-0.923,9.678,3.727
1425626635238,37.498618,139.921383,6,0.266,-0.897,9.756,3.645
1425626635339,37.498619,139.921384,6,0.375,-0.863,9.462,3.564
1425626635440,37.498621,139.921386,6,0.428,-0.814,9.339,3.484
1425626635540,37.498623,139.921387,6,0.389,-0.873,9.529,3.407
1425626635636,37.498625,139.921388,6,0.34,-0.884,9.619,3.335
1425626635737,37.498627,139.921389,6,0.405,-0.889,9.634,3.26
1425626635838,37.498629,139.92139,6,0.545,-0.893,9.685,3.187
1425626635938,37.49863,139.92139,6,0.715,-0.866,9.64,3.117
1425626636039,37.498632,139.921391,6,0.811,-0.797,9.482,3.048
1425626636140,37.498633,139.921393,5,0.832,-0.735,9.615,3.0
1425626636240,37.498635,139.921395,5,0.823,-0.641,9.548,3.0
1425626636336,37.498637,139.921397,5,0.82,-0.516,9.155,3.0
1425626636437,37.498638,139.921399,5,0.81,-0.414,8.813,3.0
1425626636537,37.49864,139.921401,5,0.82,-0.454,9.269,3.0
1425626636638,37.498641,139.921404,5,0.916,-0.592,9.966,3.0
1425626636739,37.498643,139.921406,5,0.998,-0.635,10.026,3.0
1425626636839,37.498645,139.921408,5,1.02,-0.596,9.647,3.0
1425626636940,37.498646,139.92141,5,1.052,-0.499,9.376,3.0
1425626637036,37.498648,139.921412,5,1.039,-0.48,9.188,3.0
1425626637137,37.498649,139.921415,5,0.975,-0.495,9.335,2.993
1425626637237,37.49865,139.921417,5,0.938,-0.604,9.712,2.967
1425626637338,37.498651,139.921419,5,0.899,-0.702,9.765,2.941
1425626637439,37.498651,139.921421,5,0.82,-0.676,9.576,2.915
1425626637539,37.498652,139.921424,5,0.783,-0.583,9.51,2.89
1425626637640,37.498653,139.921426,5,0.924,-0.396,9.595,2.865
1425626637736,37.498653,139.921428,5,1.103,-0.441,9.643,2.841
1425626637837,37.498654,139.92143,5,1.152,-0.538,9.692,2.816
1425626637937,37.498655,139.921432,5,1.158,-0.601,9.565,2.792
1425626638038,37.498656,139.921434,5,1.254,-0.493,9.411,2.767
1425626638139,37.498656,139.921437,5,1.144,-0.47,9.308,2.757
1425626638239,37.498656,139.92144,5,0.952,-0.624,9.941,2.781
1425626638340,37.498656,139.921443,5,0.917,-0.696,10.154,2.806
1425626638436,37.498656,139.921446,5,0.965,-0.6,9.522,2.829
1425626638541,37.498656,139.92145,5,0.97,-0.438,8.878,2.855
1425626638637,37.498657,139.921453,5,0.801,-0.338,8.897,2.879
1425626638736,37.498657,139.921456,5,0.709,-0.338,9.457,2.904
1425626638839,37.498657,139.92146,5,0.838,-0.262,9.963,2.93
1425626638938,37.498657,139.921463,5,1.18,-0.084,10.122,2.955
1425626639040,37.498657,139.921467,5,1.518,0.009,10.013,2.982
1425626639136,37.498657,139.92147,4,1.747,0.141,9.47,3.012
1425626639236,37.498657,139.921473,4,1.649,0.215,9.226,3.059
1425626639337,37.498656,139.921477,4,1.623,0.4,9.303,3.107
1425626639438,37.498656,139.92148,4,1.613,0.482,9.385,3.156
1425626639538,37.498655,139.921484,4,1.66,0.246,9.914,3.205
1425626639639,37.498655,139.921487,4,1.702,0.144,10.116,3.255
1425626639740,37.498655,139.921491,4,1.549,0.252,9.863,3.306
1425626639836,37.498654,139.921495,4,1.31,0.495,9.296,3.355
1425626639936,37.498654,139.921498,4,0.98,0.72,8.744,3.407
1425626640037,37.498653,139.921502,4,0.777,0.736,8.71,3.461
1425626640138,37.498652,139.921506,6,0.873,0.749,8.975,3.525
1425626640238,37.498651,139.921511,6,1.003,0.61,9.314,3.614
1425626644332,37.498578,139.921751,4,1.139,0.571,9.642,5.304
1425626650334,37.49847,139.922162,4,1.132,0.572,9.66,7.0
1425626650339,37.49847,139.922162,4,1.119,0.567,9.685,7.0
1425626650440,37.498467,139.92217,4,0.66,0.314,10.101,7.0
1425626650536,37.498464,139.922177,4,0.412,0.151,10.077,7.0
1425626650637,37.498462,139.922184,4,0.275,0.082,9.842,7.0
1425626650737,37.498459,139.922191,4,0.119,0.051,9.754,7.0
1425626650838,37.498456,139.922198,4,0.06,0.101,9.742,7.0
1425626650939,37.498454,139.922206,4,0.137,0.179,9.549,7.0
1425626651039,37.498451,139.922213,4,0.15,0.223,9.174,7.0
1425626651140,37.498448,139.92222,4,0.12,0.222,9.008,7.0
1425626651236,37.498446,139.922227,4,0.09,0.188,9.311,7.0
1425626651336,37.498444,139.922235,4,0.114,0.11,9.705,7.0
1425626651437,37.498442,139.922242,4,0.164,0.08,9.827,7.0
1425626651538,37.49844,139.922249,4,0.214,0.09,9.678,7.0
1425626651639,37.498438,139.922257,4,0.261,0.13,9.478,7.0
1425626651739,37.498436,139.922264,4,0.309,0.094,9.584,7.0
1425626651840,37.498434,139.922271,4,0.276,0.078,9.692,7.0
1425626651936,37.498432,139.922278,4,0.214,0.07,9.7,7.0
1425626652036,37.49843,139.922286,4,0.185,0.119,9.428,7.0
1425626652137,37.498428,139.922293,4,0.167,0.109,9.325,7.0
1425626652238,37.498426,139.9223,4,0.155,0.109,9.45,7.0
1425626652338,37.498423,139.922308,4,0.148,0.106,9.586,7.0
1425626652439,37.498421,139.922315,4,0.145,0.068,9.679,7.0
1425626652540,37.498418,139.922323,4,0.052,0.076,9.681,7.0
1425626652641,37.498416,139.92233,4,-0.09,0.107,9.609,7.0
1425626652736,37.498413,139.922337,4,-0.2,0.153,9.403,7.0
1425626652842,37.498411,139.922345,4,-0.256,0.194,9.271,7.0
1425626652938,37.498408,139.922352,4,-0.251,0.21,9.297,7.0
1425626653037,37.498406,139.92236,4,-0.197,0.19,9.379,7.0
1425626653139,37.498403,139.922367,4,-0.174,0.132,9.726,7.0
1425626653238,37.498401,139.922374,4,-0.158,0.09,9.788,7.0
1425626653341,37.498399,139.922382,4,-0.239,0.135,9.47,7.0
1425626653436,37.498397,139.922388,4,-0.296,0.173,9.4,7.0
1425626653537,37.498395,139.922396,4,-0.329,0.104,9.712,7.0
1425626653638,37.498393,139.922403,4,-0.336,0.115,9.747,7.0
1425626653738,37.498391,139.92241,4,-0.335,0.14,9.445,7.0
1425626653839,37.498389,139.922417,4,-0.432,0.163,9.343,7.0
1425626653940,37.498387,139.922425,4,-0.554,0.131,9.656,7.0
1425626654040,37.498384,139.922432,4,-0.569,0.158,9.639,7.0
1425626654136,37.498383,139.922439,4,-0.511,0.286,8.994,7.0
1425626654237,37.498381,139.922446,4,-0.422,0.241,9.133,7.0
1425626654338,37.498379,139.922454,4,-0.327,0.154,9.683,7.0
1425626654438,37.498377,139.922461,4,-0.28,0.083,9.976,7.0
1425626654539,37.498376,139.922468,4,-0.313,0.087,9.754,7.0
1425626654640,37.498374,139.922476,4,-0.386,0.122,9.318,7.0
1425626654740,37.498372,139.922483,4,-0.375,0.137,9.333,7.0
1425626654836,37.498371,139.92249,4,-0.389,0.079,9.63,7.0
1425626654937,37.498369,139.922497,4,-0.345,0.096,9.614,7.0
1425626655037,37.498367,139.922505,4,-0.317,0.091,9.471,7.0
1425626655138,37.498365,139.922512,4,-0.3,0.093,9.405,6.993
1425626655239,37.498363,139.92252,4,-0.344,0.058,9.707,6.967
1425626655339,37.498361,139.922527,4,-0.354,0.058,9.685,6.942
1425626655440,37.498358,139.922534,4,-0.334,0.103,9.559,6.916
1425626655536,37.498356,139.922541,4,-0.271,0.151,9.299,6.892
1425626655637,37.498354,139.922549,4,-0.153,0.168,9.228,6.867
1425626655737,37.498351,139.922556,4,-0.101,0.143,9.495,6.842
1425626655838,37.498349,139.922563,4,-0.043,0.122,9.616,6.817
1425626655939,37.498347,139.922571,4,-0.033,0.103,9.634,6.792
1425626656039,37.498345,139.922578,4,-0.025,0.101,9.427,6.767
1425626656140,37.498342,139.922585,5,-0.017,0.177,9.193,6.75
1425626656236,37.49834,139.922591,5,0.079,0.149,9.448,6.75
1425626656337,37.498338,139.922598,5,0.209,0.043,9.857,6.75
1425626656437,37.498335,139.922604,5,0.234,0.046,9.834,6.75
1425626656538,37.498333,139.922611,5,0.195,0.049,9.706,6.75
1425626656639,37.498331,139.922617,5,0.155,0.095,9.637,6.75
1425626656739,37.498329,139.922624,5,0.109,0.106,9.518,6.75
1425626656840,37.498326,139.92263,5,0.147,0.122,9.514,6.75
1425626656936,37.498324,139.922637,5,0.191,0.198,9.293,6.75
1425626657036,37.498322,139.922643,5,0.214,0.201,9.236,6.75
1425626657137,37.498319,139.92265,5,0.273,0.133,9.552,6.75
1425626657238,37.498317,139.922655,5,0.24,0.131,9.615,6.75
1425626657339,37.498315,139.922661,5,0.159,0.162,9.39,6.75
1425626657439,37.498313,139.922666,5,0.107,0.179,9.421,6.75
1425626657540,37.498311,139.922672,5,0.091,0.119,9.682,6.75
1425626657636,37.498309,139.922677,5,0.13,0.111,9.733,6.75
1425626657736,37.498307,139.922683,5,0.105,0.133,9.539,6.75
1425626657837,37.498305,139.922689,5,0.13,0.172,9.405,6.75
1425626657938,37.498303,139.922694,5,0.127,0.176,9.359,6.75
1425626658039,37.4983,139.9227,5,0.1,0.171,9.375,6.75
1425626658139,37.498299,139.922706,5,0.133,0.105,9.772,6.757
1425626658240,37.498297,139.922714,5,0.082,0.084,9.876,6.782
1425626658336,37.498295,139.922722,5,0.053,0.137,9.524,6.806
1425626658436,37.498294,139.92273,5,0.012,0.18,9.334,6.831
1425626658537,37.498292,139.922738,5,-0.019,0.24,9.179,6.856
1425626658638,37.49829,139.922746,5,0.004,0.208,9.227,6.881
1425626658738,37.498288,139.922755,5,0.118,0.13,9.718,6.906
1425626658839,37.498287,139.922763,5,0.064,0.014,10.033,6.931
1425626658940,37.498285,139.922771,5,0.042,0.026,9.775,6.957
1425626659036,37.498283,139.922779,5,0.114,0.047,9.507,6.981
1425626659136,37.498281,139.922787,4,0.179,0.103,9.42,7.0
1425626659237,37.498279,139.922795,4,0.239,0.142,9.342,7.0
1425626659338,37.498277,139.922803,4,0.249,0.204,9.134,7.0
1425626659438,37.498275,139.92281,4,0.217,0.155,9.291,7.0
1425626659539,37.498273,139.922818,4,0.179,0.088,9.656,7.0
1425626659640,37.49827,139.922826,4,0.08,0.023,9.859,7.0
1425626659736,37.498268,139.922833,4,0.085,0.032,9.795,7.0
1425626659836,37.498266,139.922841,4,0.122,0.029,9.634,7.0
1425626659937,37.498264,139.922849,4,0.132,0.073,9.5,7.0
1425626660038,37.498262,139.922856,4,0.179,0.108,9.344,7.0
1425626660138,37.498259,139.922864,5,0.201,0.071,9.523,7.0
1425626660239,37.498257,139.922873,5,0.051,0.005,9.818,7.0
1425626660340,37.498254,139.922882,5,-0.024,-0.009,9.84,7.0
1425626660440,37.498252,139.922891,5,-0.126,0.04,9.574,7.0
1425626660536,37.49825,139.922899,5,-0.138,0.098,9.202,7.0
1425626660637,37.498247,139.922908,5,-0.04,0.065,9.362,7.0
1425626660737,37.498245,139.922917,5,-0.018,0.082,9.59,7.0
1425626660838,37.498243,139.922926,5,-0.04,0.085,9.441,7.0
1425626660939,37.49824,139.922935,5,-0.122,0.079,9.321,7.0
1425626661040,37.498238,139.922944,5,-0.217,0.049,9.471,7.0
1425626661140,37.498235,139.922952,5,-0.179,0.036,9.701,6.992
1425626661236,37.498233,139.92296,5,-0.172,-0.036,9.936,6.968
1425626661337,37.49823,139.922967,5,-0.087,-0.015,9.832,6.942
1425626661437,37.498227,139.922975,5,-0.081,0.041,9.467,6.917
1425626661538,37.498225,139.922982,5,-0.161,0.174,8.907,6.892
1425626661639,37.498222,139.92299,5,-0.164,0.25,8.61,6.867
1425626661740,37.49822,139.922998,5,-0.106,0.074,9.692,6.841
1425626661840,37.498217,139.923005,5,-0.157,-0.108,10.371,6.817
1425626661936,37.498214,139.923012,5,-0.149,-0.099,9.91,6.793
1425626662037,37.498212,139.92302,5,-0.179,0.01,9.208,6.768
1425626662137,37.498209,139.923027,5,-0.171,0.072,9.15,6.743
1425626662238,37.498207,139.923034,5,-0.188,-0.139,9.561,6.717
1425626662339,37.498205,139.923041,5,-0.235,-0.325,9.597,6.692
1425626662439,37.498203,139.923048,5,-0.094,-0.212,9.338,6.667
1425626662540,37.4982,139.923055,5,-0.036,-0.182,9.223,6.641
1425626662636,37.498198,139.923061,5,-0.069,-0.265,9.576,6.617
1425626662737,37.498196,139.923068,5,-0.097,-0.438,9.978,6.592
1425626662837,37.498194,139.923075,5,-0.081,-0.38,9.924,6.567
1425626662938,37.498192,139.923081,5,-0.05,-0.249,9.483,6.542
1425626663039,37.49819,139.923088,5,0.003,-0.246,9.208,6.517
1425626663139,37.498187,139.923095,5,0.03,-0.286,9.384,6.493
1425626663240,37.498185,139.923102,5,0.003,-0.272,9.652,6.467
1425626663336,37.498184,139.923109,5,-0.005,-0.303,9.814,6.443
1425626663436,37.498182,139.923116,5,-0.01,-0.283,9.688,6.417
1425626663537,37.49818,139.923124,5,-0.01,-0.236,9.487,6.392
1425626663638,37.498178,139.923131,5,-0.018,-0.199,9.487,6.367
1425626663739,37.498176,139.923138,5,-0.042,-0.244,9.565,6.342
1425626663839,37.498174,139.923145,5,-0.047,-0.219,9.452,6.317
1425626663940,37.498172,139.923152,5,-0.064,-0.259,9.501,6.292
1425626664036,37.49817,139.923159,5,-0.081,-0.3,9.617,6.268
1425626664136,37.498168,139.923166,6,-0.122,-0.262,9.463,6.243
1425626664237,37.498166,139.923172,6,-0.158,-0.235,9.299,6.218
1425626664338,37.498164,139.923178,6,-0.11,-0.291,9.585,6.192
1425626664438,37.498162,139.923185,6,-0.091,-0.301,9.612,6.167
1425626664539,37.49816,139.923191,6,-0.041,-0.261,9.629,6.142
1425626664640,37.498158,139.923197,6,-0.009,-0.297,9.675,6.116
1425626664736,37.498156,139.923203,6,0.022,-0.296,9.591,6.092
1425626664836,37.498154,139.923209,6,0.042,-0.247,9.377,6.067
1425626664937,37.498152,139.923215,6,-0.015,-0.285,9.392,6.043
1425626665038,37.498149,139.923222,6,-0.029,-0.232,9.577,6.018
1425626665138,37.498148,139.923228,7,-0.08,-0.267,9.571,5.985
1425626665239,37.498146,139.923235,7,-0.067,-0.315,9.542,5.933
1425626665340,37.498144,139.923242,7,-0.048,-0.395,9.519,5.881
1425626665436,37.498143,139.923248,7,-0.046,-0.531,9.417,5.832
1425626665536,37.498141,139.923255,7,-0.066,-0.682,9.532,5.782
1425626665637,37.498139,139.923262,7,-0.121,-0.799,9.729,5.731
1425626665738,37.498138,139.923269,7,-0.156,-0.848,9.691,5.681
1425626665838,37.498136,139.923275,7,-0.166,-0.808,9.495,5.632
1425626665939,37.498135,139.923282,7,-0.182,-0.798,9.435,5.582
1425626666040,37.498133,139.923289,7,-0.192,-0.813,9.564,5.534
1425626666140,37.498131,139.923293,8,-0.163,-0.786,9.677,5.458
1425626666236,37.498129,139.923295,8,-0.144,-0.723,9.529,5.325
1425626666337,37.498128,139.923296,8,-0.133,-0.647,9.335,5.188
1425626666438,37.498126,139.923298,8,-0.098,-0.625,9.364,5.055
1425626666538,37.498124,139.923299,8,-0.13,-0.599,9.335,4.926
1425626666639,37.498122,139.923301,8,-0.152,-0.617,9.392,4.799
1425626666740,37.49812,139.923302,8,-0.136,-0.606,9.567,4.675
1425626666840,37.498118,139.923304,8,-0.12,-0.641,9.58,4.556
1425626666941,37.498117,139.923305,8,-0.101,-0.674,9.549,4.439
1425626667037,37.498115,139.923306,8,-0.083,-0.648,9.503,4.33
1425626667136,37.498114,139.923308,8,-0.088,-0.611,9.401,4.229
1425626667238,37.498112,139.923312,8,-0.124,-0.614,9.419,4.146
1425626667337,37.498111,139.923317,8,-0.15,-0.592,9.556,4.067
1425626667440,37.498109,139.923321,8,-0.148,-0.527,9.574,3.986
1425626667539,37.498108,139.923325,8,-0.142,-0.511,9.572,3.91
1425626667636,37.498107,139.923328,8,-0.111,-0.479,9.537,3.837
1425626667737,37.498106,139.923332,8,-0.071,-0.458,9.451,3.763
1425626667837,37.498104,139.923336,8,-0.03,-0.452,9.432,3.69
1425626667938,37.498103,139.92334,8,-0.013,-0.465,9.56,3.619
1425626668039,37.498102,139.923343,8,-0.026,-0.517,9.659,3.548
1425626668140,37.498101,139.923348,8,-0.051,-0.473,9.595,3.484
1425626668240,37.498101,139.923353,8,-0.079,-0.435,9.546,3.431
1425626668336,37.498101,139.923357,8,-0.135,-0.465,9.608,3.38
1425626668437,37.498101,139.923363,8,-0.157,-0.448,9.538,3.328
1425626668537,37.498101,139.923367,8,-0.17,-0.459,9.461,3.277
1425626668638,37.498102,139.923372,8,-0.138,-0.521,9.669,3.226
1425626668739,37.498102,139.923377,8,-0.09,-0.492,9.668,3.177
1425626668840,37.498102,139.923382,8,-0.051,-0.422,9.334,3.127
1425626668940,37.498102,139.923386,8,-0.053,-0.418,9.323,3.08
1425626669036,37.498102,139.923391,8,-0.021,-0.443,9.543,3.034
1425626669137,37.498102,139.923395,8,0.009,-0.488,9.699,2.985
1425626669237,37.498101,139.923397,8,-0.015,-0.417,9.525,2.931
1425626669338,37.498101,139.923399,8,-0.096,-0.251,8.833,2.878
1425626669439,37.4981,139.923401,8,-0.112,-0.293,9.027,2.825
1425626669539,37.498099,139.923403,8,-0.088,-0.46,9.779,2.774
1425626669640,37.498099,139.923405,8,-0.055,-0.561,10.21,2.724
1425626669736,37.498098,139.923406,8,-0.07,-0.535,9.934,2.676
1425626669836,37.498098,139.923408,8,-0.135,-0.468,9.491,2.628
1425626669937,37.498097,139.92341,8,-0.176,-0.393,9.193,2.58
1425626670038,37.498096,139.923412,8,-0.178,-0.418,9.204,2.533
1425626670139,37.498096,139.923414,5,-0.157,-0.545,9.514,2.475
1425626670239,37.498095,139.923416,5,-0.119,-0.581,9.578,2.388
1425626670340,37.498094,139.923418,5,-0.15,-0.574,9.507,2.304
1425626670436,37.498093,139.92342,5,-0.157,-0.544,9.611,2.226
1425626670536,37.498092,139.923422,5,-0.124,-0.505,9.596,2.148
1425626670637,37.498091,139.923424,5,-0.058,-0.493,9.383,2.072
1425626670738,37.49809,139.923426,5,0.006,-0.514,9.365,1.998
1425626670839,37.498089,139.923428,5,0.019,-0.571,9.597,1.927
1425626670939,37.498088,139.92343,5,-0.004,-0.544,9.668,1.859
1425626671040,37.498088,139.923432,5,-0.071,-0.471,9.548,1.794
1425626671136,37.498087,139.923433,4,-0.132,-0.367,9.494,1.735
1425626671236,37.498087,139.923435,4,-0.18,-0.348,9.59,1.678
1425626671337,37.498086,139.923437,4,-0.149,-0.36,9.627,1.622
1425626671438,37.498086,139.923438,4,-0.085,-0.331,9.376,1.568
1425626671538,37.498086,139.92344,4,-0.016,-0.385,9.226,1.516
1425626671639,37.498085,139.923442,4,0.024,-0.457,9.505,1.465
1425626671740,37.498085,139.923443,4,0.026,-0.531,9.797,1.416
1425626671836,37.498085,139.923444,4,0.009,-0.502,9.695,1.37
1425626671936,37.498084,139.923446,4,-0.035,-0.449,9.47,1.325
1425626672037,37.498084,139.923447,4,-0.081,-0.384,9.439,1.281
1425626672138,37.498084,139.923449,8,-0.164,-0.405,9.517,1.242
1425626672238,37.498085,139.923451,8,-0.174,-0.38,9.523,1.215
1425626672339,37.498086,139.923454,8,-0.103,-0.345,9.518,1.188
1425626672440,37.498087,139.923456,8,-0.019,-0.343,9.534,1.161
1425626672540,37.498088,139.923459,8,0.019,-0.346,9.57,1.136
1425626672636,37.498089,139.923461,8,0.013,-0.307,9.574,1.112
1425626672737,37.49809,139.923463,8,-0.044,-0.268,9.537,1.087
1425626672838,37.498091,139.923465,8,-0.104,-0.248,9.471,1.062
1425626672938,37.498092,139.923467,8,-0.126,-0.23,9.477,1.039
1425626673039,37.498092,139.92347,8,-0.109,-0.283,9.517,1.016
1425626673140,37.498093,139.923471,8,-0.057,-0.316,9.52,0.991
1425626673240,37.498093,139.923473,8,-0.007,-0.281,9.554,0.963
1425626673336,37.498093,139.923474,8,-0.002,-0.278,9.566,0.937
1425626673437,37.498093,139.923475,8,-0.039,-0.282,9.532,0.91
1425626673538,37.498093,139.923476,8,-0.09,-0.302,9.529,0.884
1425626673638,37.498092,139.923477,8,-0.095,-0.292,9.548,0.859
1425626673739,37.498092,139.923478,8,-0.069,-0.272,9.524,0.834
1425626673840,37.498092,139.923479,8,-0.04,-0.27,9.506,0.81
1425626673940,37.498092,139.92348,8,-0.009,-0.258,9.528,0.787
1425626674036,37.498092,139.923481,8,-0.01,-0.241,9.523,0.766
1425626674137,37.498092,139.923482,5,-0.034,-0.245,9.521,0.71
1425626674237,37.498091,139.923481,5,-0.056,-0.216,9.548,0.572
1425626674338,37.49809,139.92348,5,-0.052,-0.112,9.588,0.447
1425626674439,37.498089,139.923479,5,-0.046,-0.053,9.567,0.338
1425626674540,37.498089,139.923479,5,-0.024,0.117,9.582,0.244
1425626674640,37.498088,139.923478,5,0.003,0.342,9.565,0.166
1425626674736,37.498088,139.923478,5,-0.007,0.367,9.39,0.105
1425626674837,37.498087,139.923477,5,-0.024,0.277,9.35,0.056
1425626674937,37.498087,139.923477,5,-0.024,0.177,9.524,0.022
1425626675038,37.498087,139.923477,5,-0.023,0.041,9.687,0.004
1425626718332,37.498068,139.923629,4,-0.027,0.132,9.541,2.0
1425626718337,37.498068,139.923629,4,-0.031,0.115,9.537,2.0
1425626718438,37.498068,139.923631,4,-0.039,0.035,9.543,2.0
1425626718539,37.498067,139.923632,4,-0.08,-0.083,9.914,2.0
1425626718640,37.498066,139.923634,4,-0.115,-0.1,9.98,2.0
1425626718740,37.498066,139.923636,4,-0.162,-0.087,9.602,2.0
1425626718836,37.498065,139.923637,4,-0.177,-0.027,9.363,2.0
1425626718937,37.498064,139.923639,4,-0.176,-0.02,9.38,2.0
1425626719037,37.498064,139.923641,4,-0.107,-0.041,9.589,2.0
1425626719138,37.498063,139.923642,4,-0.059,-0.055,9.561,2.0
1425626719239,37.498062,139.923644,4,-0.01,-0.033,9.568,2.0
1425626719339,37.498061,139.923645,4,-0.026,-0.079,9.637,2.0
1425626719440,37.49806,139.923647,4,-0.008,-0.037,9.579,2.0
1425626719536,37.49806,139.923648,4,0.012,-0.017,9.409,2.0
1425626719637,37.498059,139.92365,4,0.043,0.017,9.327,2.0
1425626719737,37.498058,139.923651,4,-0.01,0.031,9.315,2.0
1425626719838,37.498057,139.923653,4,-0.102,-0.001,9.473,2.0
1425626719939,37.498056,139.923654,4,-0.17,-0.013,9.514,2.0
1425626720040,37.498056,139.923656,4,-0.147,-0.055,9.555,2.0
1425626720140,37.498055,139.923657,4,-0.105,-0.079,9.67,1.992
1425626720236,37.498054,139.923659,4,-0.022,-0.089,9.647,1.967
1425626724335,37.49801,139.923706,5,0.028,-0.068,9.407,2.0
1425626724338,37.49801,139.923706,5,0.033,-0.063,9.392,2.0
1425626724440,37.498008,139.923706,5,0.544,-0.143,9.18,2.0
1425626724536,37.498006,139.923706,5,0.902,-0.182,9.091,2.0
1425626724637,37.498004,139.923707,5,0.792,-0.311,9.602,2.0
1425626724737,37.498002,139.923707,5,0.351,-0.295,9.819,2.0
1425626724838,37.498,139.923707,5,-0.008,-0.229,9.84,2.0
1425626724939,37.497998,139.923707,5,0.084,-0.204,9.539,2.0
1425626725040,37.497995,139.923708,5,0.3,-0.239,9.395,2.0
1425626725140,37.497993,139.923708,5,0.461,-0.301,9.318,2.024
1425626725236,37.497991,139.923707,5,0.355,-0.411,9.513,2.104
1425626725337,37.497988,139.923707,5,0.28,-0.422,9.808,2.192
1425626725437,37.497985,139.923707,5,0.281,-0.299,9.642,2.283
1425626725538,37.497982,139.923706,5,0.403,-0.263,9.419,2.379
1425626725639,37.497979,139.923706,5,0.419,-0.29,9.533,2.479
1425626725739,37.497976,139.923705,5,0.423,-0.174,9.56,2.582
1425626725840,37.497973,139.923705,5,0.3,-0.153,9.726,2.691
1425626725936,37.497969,139.923704,5,0.094,-0.056,9.746,2.797
1425626726036,37.497966,139.923703,5,0.016,0.052,9.507,2.912
1425626726137,37.497962,139.923703,5,0.123,0.076,9.321,3.0
1425626726238,37.497959,139.923701,5,0.147,0.049,9.381,3.0
1425626726339,37.497956,139.9237,5,0.055,-0.016,9.586,3.0
1425626726439,37.497953,139.923699,5,-0.057,-0.071,9.859,3.0
1425626726540,37.497951,139.923697,5,-0.182,-0.035,9.786,3.0
1425626726636,37.497948,139.923696,5,-0.284,0.026,9.457,3.0
1425626726736,37.497945,139.923695,5,-0.364,0.085,9.219,3.0
1425626726837,37.497942,139.923694,5,-0.343,0.083,9.347,3.0
1425626726938,37.497939,139.923692,5,-0.269,0.088,9.386,3.0
1425626727039,37.497936,139.923691,5,-0.189,0.0,9.429,3.0
1425626727139,37.497933,139.92369,5,-0.173,-0.078,9.681,3.0
1425626727240,37.49793,139.923688,5,-0.191,-0.066,9.718,3.0
1425626727336,37.497928,139.923687,5,-0.231,-0.085,9.475,3.0
1425626727436,37.497925,139.923685,5,-0.201,-0.082,9.251,3.0
1425626727537,37.497922,139.923684,5,-0.145,-0.1,9.365,3.0
1425626727638,37.497919,139.923682,5,-0.165,-0.175,9.771,3.0
1425626727738,37.497916,139.923681,5,-0.183,-0.188,9.916,3.0
1425626727839,37.497914,139.923679,5,-0.154,0.081,9.734,3.0
1425626727940,37.497911,139.923678,5,-0.048,0.544,9.601,3.0
1425626728036,37.497908,139.923676,5,0.042,0.994,9.545,3.0
1425626728136,37.497905,139.923675,5,0.028,1.112,9.354,3.006
1425626728237,37.497903,139.923673,5,-0.075,0.924,9.258,3.031
1425626734335,37.497628,139.923539,5,-0.191,0.824,9.589,6.073
1425626734340,37.497628,139.923539,5,-0.199,0.822,9.597,6.069
1425626734436,37.497623,139.923538,5,-0.226,0.535,9.343,5.995
1425626734536,37.497618,139.923536,5,-0.254,0.239,9.499,5.919
1425626734637,37.497613,139.923535,5,-0.239,0.027,9.711,5.843
1425626734738,37.497609,139.923534,5,-0.234,-0.078,9.812,5.768
1425626734838,37.497604,139.923532,5,-0.214,-0.238,9.846,5.695
1425626734939,37.4976,139.923531,5,-0.282,-0.479,10.175,5.621
1425626735040,37.497595,139.92353,5,-0.357,-0.561,9.573,5.549
1425626735136,37.497591,139.923528,4,-0.26,-0.454,8.504,5.5
1425626735236,37.497586,139.923526,4,-0.369,-0.555,8.741,5.5
1425626735337,37.497582,139.923524,4,-0.329,-0.749,9.699,5.5
1425626735438,37.497577,139.923521,4,-0.326,-0.924,10.319,5.5
1425626735538,37.497573,139.923519,4,-0.275,-0.931,10.154,5.5
1425626735639,37.497568,139.923517,4,-0.248,-0.885,9.46,5.5
1425626735740,37.497564,139.923515,4,-0.341,-0.895,9.03,5.5
1425626735841,37.497559,139.923512,4,-0.423,-0.886,9.385,5.5
1425626735936,37.497555,139.92351,4,-0.464,-0.957,9.967,5.5
1425626736037,37.49755,139.923508,4,-0.433,-0.993,9.816,5.5
1425626736138,37.497546,139.923505,6,-0.397,-0.926,9.178,5.478
1425626736238,37.497543,139.923503,6,-0.423,-0.951,8.914,5.398
1425626736339,37.497539,139.923501,6,-0.434,-1.005,9.362,5.319
1425626736440,37.497536,139.923499,6,-0.46,-1.088,9.671,5.24
1425626736540,37.497532,139.923497,6,-0.527,-1.174,9.709,5.164
1425626736636,37.497529,139.923495,6,-0.556,-1.208,9.592,5.092
1425626736737,37.497526,139.923493,6,-0.585,-1.246,9.479,5.017
1425626736838,37.497523,139.923491,6,-0.621,-1.292,9.377,4.943
1425626736938,37.497519,139.923489,6,-0.611,-1.327,9.485,4.871
1425626737039,37.497516,139.923487,6,-0.521,-1.33,9.641,4.8
1425626737140,37.497513,139.923486,6,-0.488,-1.367,9.616,4.717
1425626737240,37.497511,139.923484,6,-0.433,-1.301,9.447,4.607
1425626737336,37.497508,139.923483,6,-0.358,-1.235,9.448,4.503
1425626737437,37.497506,139.923481,6,-0.336,-1.166,9.482,4.397
1425626737537,37.497504,139.92348,6,-0.331,-1.056,9.458,4.294
1425626737638,37.497501,139.923479,6,-0.267,-0.938,9.496,4.193
1425626737739,37.497499,139.923477,6,-0.194,-0.852,9.596,4.094
1425626737840,37.497497,139.923476,6,-0.151,-0.726,9.595,3.997
1425626737940,37.497495,139.923475,6,-0.098,-0.645,9.518,3.903
1425626738041,37.497492,139.923474,6,-0.074,-0.594,9.424,3.811
1425626738137,37.49749,139.923473,7,-0.076,-0.567,9.477,3.728
1425626738236,37.497488,139.923472,7,-0.079,-0.631,9.498,3.646
1425626738338,37.497486,139.923471,7,-0.112,-0.766,9.572,3.564
1425626738437,37.497483,139.923471,7,-0.134,-0.849,9.61,3.486
1425626738540,37.497481,139.92347,7,-0.128,-0.905,9.59,3.407
1425626738639,37.497479,139.923469,7,-0.167,-0.936,9.468,3.332
1425626738736,37.497477,139.923468,7,-0.192,-0.955,9.499,3.261
1425626738837,37.497475,139.923468,7,-0.162,-0.94,9.565,3.188
1425626738937,37.497472,139.923467,7,-0.096,-0.914,9.468,3.118
1425626739038,37.49747,139.923466,7,0.079,-0.846,9.439,3.048
1425626739139,37.497469,139.923466,8,0.212,-0.772,9.43,2.984
1425626739239,37.497467,139.923464,8,0.354,-0.776,9.535,2.93
1425626739340,37.497466,139.923463,8,0.522,-0.813,9.71,2.877
1425626739436,37.497465,139.923461,8,0.562,-0.856,9.75,2.827
1425626739536,37.497464,139.92346,8,0.558,-0.816,9.601,2.776
1425626739637,37.497462,139.923458,8,0.615,-0.686,9.442,2.725
1425626739738,37.497461,139.923457,8,0.699,-0.517,9.455,2.675
1425626739839,37.49746,139.923456,8,0.753,-0.408,9.565,2.627
1425626739939,37.497459,139.923454,8,0.749,-0.317,9.476,2.579
1425626740040,37.497458,139.923453,8,0.714,-0.291,9.451,2.532
1425626740136,37.497456,139.923452,8,0.689,-0.318,9.564,2.493
1425626740236,37.497454,139.923451,8,0.685,-0.324,9.538,2.467
1425626740337,37.497452,139.923449,8,0.715,-0.339,9.458,2.441
1425626740438,37.49745,139.923448,8,0.682,-0.369,9.526,2.415
1425626740539,37.497448,139.923447,8,0.673,-0.408,9.621,2.39
1425626740639,37.497446,139.923446,8,0.699,-0.435,9.555,2.364
1425626740740,37.497444,139.923445,8,0.682,-0.454,9.503,2.339
1425626740836,37.497442,139.923444,8,0.668,-0.475,9.5,2.316
1425626740936,37.497439,139.923443,8,0.64,-0.51,9.525,2.292
1425626741037,37.497437,139.923442,8,0.567,-0.562,9.642,2.267
1425626741138,37.497436,139.92344,7,0.551,-0.549,9.68,2.25
1425626741238,37.497435,139.923437,7,0.525,-0.526,9.532,2.25
1425626741339,37.497434,139.923434,7,0.441,-0.5,9.389,2.25
1425626741440,37.497433,139.923431,7,0.343,-0.467,9.384,2.25
1425626741536,37.497432,139.923428,7,0.309,-0.442,9.371,2.25
1425626741636,37.497431,139.923425,7,0.255,-0.427,9.338,2.25
1425626741737,37.49743,139.923422,7,0.19,-0.403,9.356,2.25
1425626741838,37.497429,139.923419,7,0.166,-0.406,9.409,2.25
1425626741938,37.497428,139.923416,7,0.132,-0.488,9.683,2.25
1425626742039,37.497427,139.923413,7,0.176,-0.573,9.814,2.25
1425626742140,37.497426,139.92341,7,0.149,-0.629,9.632,2.257
1425626742236,37.497424,139.923408,7,-0.008,-0.68,9.436,2.28
1425626742336,37.497423,139.923405,7,-0.208,-0.697,9.374,2.304
1425626742437,37.497422,139.923403,7,-0.432,-0.736,9.367,2.329
1425626742538,37.49742,139.9234,7,-0.49,-0.788,9.548,2.354
1425626742638,37.497419,139.923398,7,-0.422,-0.809,9.476,2.379
1425626742739,37.497417,139.923395,7,-0.382,-0.868,9.463,2.404
1425626742840,37.497416,139.923392,7,-0.364,-0.874,9.6,2.43
1425626742940,37.497414,139.92339,7,-0.398,-0.829,9.545,2.456
1425626743036,37.497413,139.923387,7,-0.416,-0.728,9.479,2.481
1425626743137,37.497412,139.923384,6,-0.368,-0.615,9.482,2.485
1425626743238,37.497412,139.923381,6,-0.357,-0.545,9.527,2.43
1425626743338,37.497412,139.923379,6,-0.386,-0.495,9.567,2.376
1425626743439,37.497412,139.923376,6,-0.449,-0.488,9.612,2.323
1425626743540,37.497412,139.923374,6,-0.458,-0.508,9.638,2.271
1425626743640,37.497412,139.923371,6,-0.388,-0.509,9.498,2.221
1425626743736,37.497412,139.923369,6,-0.301,-0.474,9.359,2.174
1425626743837,37.497412,139.923366,6,-0.251,-0.436,9.383,2.125
1425626743937,37.497412,139.923364,6,-0.282,-0.414,9.505,2.079
1425626744038,37.497412,139.923362,6,-0.304,-0.401,9.584,2.032
1425626744139,37.497413,139.92336,8,-0.353,-0.405,9.643,1.973
1425626744240,37.497415,139.923358,8,-0.321,-0.364,9.593,1.883
1425626744340,37.497417,139.923357,8,-0.335,-0.353,9.415,1.797
1425626744436,37.497418,139.923355,8,-0.368,-0.332,9.324,1.717
1425626744537,37.49742,139.923354,8,-0.498,-0.388,9.404,1.637
1425626744637,37.497422,139.923353,8,-0.583,-0.374,9.528,1.562
1425626744738,37.497424,139.923352,8,-0.55,-0.31,9.452,1.489
1425626744839,37.497425,139.923351,8,-0.404,-0.307,9.49,1.419
1425626744939,37.497427,139.92335,8,-0.194,-0.357,9.531,1.354
1425626745040,37.497428,139.923349,8,-0.135,-0.391,9.545,1.291
1425626745136,37.497429,139.923348,8,-0.12,-0.371,9.61,1.25
1425626745237,37.49743,139.923346,8,-0.167,-0.325,9.655,1.25
1425626745337,37.49743,139.923345,8,-0.231,-0.256,9.685,1.25
1425626745438,37.497431,139.923344,8,-0.254,-0.206,9.575,1.25
1425626745539,37.497432,139.923342,8,-0.27,-0.172,9.515,1.25
1425626745639,37.497432,139.923341,8,-0.292,-0.133,9.485,1.25
1425626745740,37.497433,139.92334,8,-0.279,-0.107,9.385,1.25
1425626745836,37.497433,139.923339,8,-0.309,-0.072,9.344,1.25
1425626745936,37.497434,139.923337,8,-0.289,-0.108,9.516,1.25
1425626746037,37.497435,139.923336,8,-0.147,-0.155,9.832,1.25
1425626746138,37.497435,139.923335,5,0.092,-0.092,9.876,1.256
1425626746239,37.497436,139.923333,5,0.242,0.073,9.628,1.28
1425626746339,37.497436,139.923331,5,0.225,0.273,9.403,1.303
1425626746440,37.497437,139.923329,5,0.139,0.503,9.332,1.327
1425626746536,37.497437,139.923328,5,0.043,0.664,9.443,1.351
1425626746636,37.497438,139.923326,5,-0.029,0.72,9.562,1.376
1425626746737,37.497438,139.923324,5,-0.085,0.667,9.395,1.401
1425626746838,37.497439,139.923322,5,-0.123,0.542,9.079,1.427
1425626746939,37.497439,139.92332,5,-0.049,0.371,9.494,1.454
1425626747039,37.49744,139.923318,5,0.172,0.493,10.192,1.481
1425626747140,37.49744,139.923316,5,0.328,0.566,10.033,1.507
1425626747236,37.497441,139.923314,5,0.338,0.524,9.315,1.529
1425626756335,37.497533,139.922827,5,0.081,0.326,9.177,6.055
1425626756340,37.497533,139.922827,5,0.066,0.307,9.193,6.057
1425626756440,37.497534,139.922819,5,0.102,0.08,9.498,6.081
1425626756536,37.497534,139.922811,5,0.233,0.046,9.47,6.105
1425626756637,37.497535,139.922803,5,0.336,0.07,9.168,6.13
1425626756737,37.497536,139.922795,5,0.407,0.129,9.141,6.156
1425626756838,37.497537,139.922786,5,0.382,0.144,9.229,6.181
1425626756939,37.497538,139.922778,5,0.224,0.118,9.321,6.207
1425626757040,37.497538,139.92277,5,0.09,0.068,9.331,6.232
1425626757140,37.497539,139.922762,7,-0.03,0.026,9.319,6.25
1425626757236,37.497538,139.922754,7,-0.057,0.059,8.94,6.25
1425626757337,37.497538,139.922747,7,-0.138,-0.114,9.713,6.25
1425626757437,37.497538,139.922739,7,-0.079,-0.159,10.224,6.25
1425626757538,37.497537,139.922731,7,0.074,-0.057,9.799,6.25
1425626757639,37.497537,139.922723,7,0.265,-0.071,9.748,6.25
1425626757739,37.497536,139.922716,7,0.303,-0.056,9.617,6.25
1425626757840,37.497536,139.922708,7,0.135,0.057,8.952,6.25
1425626757936,37.497536,139.9227,7,0.109,0.103,9.128,6.25
1425626758037,37.497535,139.922693,7,0.075,0.075,9.449,6.25
1425626758137,37.497535,139.922685,7,0.051,0.115,9.369,6.257
1425626758238,37.497536,139.922678,7,-0.001,-0.08,9.728,6.281
1425626758339,37.497537,139.922671,7,0.038,-0.121,9.876,6.306
1425626758439,37.497539,139.922663,7,0.048,-0.157,9.753,6.331
1425626758540,37.49754,139.922656,7,0.063,-0.109,9.755,6.356
1425626758636,37.497541,139.922649,7,0.084,-0.014,9.548,6.38
1425626758736,37.497542,139.922642,7,0.163,0.052,9.323,6.405
1425626758837,37.497543,139.922634,7,0.171,0.044,9.203,6.431
1425626758938,37.497544,139.922627,7,0.122,0.016,9.303,6.456
1425626759039,37.497545,139.922619,7,0.133,0.068,9.065,6.482
1425626759139,37.497547,139.922612,5,0.318,0.056,9.093,6.507
1425626759240,37.497549,139.922604,5,0.367,-0.062,9.714,6.532
1425626759336,37.497551,139.922597,5,0.367,-0.179,10.162,6.556
1425626759436,37.497553,139.922589,5,0.366,-0.154,9.911,6.58
1425626759537,37.497556,139.922581,5,0.324,-0.062,9.377,6.606
1425626759638,37.497558,139.922574,5,0.146,-0.042,9.305,6.631
1425626759739,37.49756,139.922566,5,0.034,-0.066,9.645,6.656
1425626759839,37.497563,139.922558,5,0.095,-0.079,9.956,6.681
1425626759940,37.497565,139.92255,5,-0.002,-0.074,9.746,6.707
1425626760036,37.497567,139.922543,5,-0.074,-0.134,9.712,6.731
1425626760136,37.497569,139.922535,6,-0.091,-0.106,9.654,6.75
1425626760237,37.497571,139.922526,6,-0.13,-0.062,9.398,6.75
1425626760338,37.497572,139.922518,6,-0.174,0.046,9.283,6.75
1425626760438,37.497573,139.922509,6,-0.13,0.083,9.173,6.75
1425626760539,37.497575,139.922501,6,-0.108,0.033,9.242,6.75
1425626760640,37.497576,139.922492,6,-0.007,-0.013,9.457,6.75
1425626760736,37.497577,139.922484,6,0.137,-0.031,9.478,6.75
1425626760836,37.497578,139.922475,6,0.106,-0.114,9.601,6.75
1425626760937,37.49758,139.922467,6,0.056,-0.099,9.768,6.75
1425626761038,37.497581,139.922458,6,0.01,-0.062,9.544,6.75
1425626761138,37.497582,139.92245,6,-0.025,-0.007,9.202,6.75
1425626761239,37.497583,139.922442,6,-0.116,-0.108,9.803,6.75
1425626761340,37.497584,139.922433,6,-0.106,-0.16,9.97,6.75
1425626761440,37.497585,139.922425,6,-0.059,-0.033,9.274,6.75
1425626761536,37.497585,139.922417,6,-0.045,0.0,9.353,6.75
1425626761637,37.497586,139.922409,6,-0.098,-0.042,9.595,6.75
1425626761738,37.497587,139.922401,6,-0.127,-0.11,9.714,6.75
1425626761838,37.497588,139.922393,6,-0.107,-0.108,9.612,6.75
1425626761939,37.497589,139.922385,6,-0.128,-0.033,9.179,6.75
1425626762040,37.497589,139.922377,6,-0.151,-0.043,9.297,6.75
1425626762140,37.49759,139.922369,6,-0.184,-0.099,9.529,6.742
1425626762236,37.497592,139.922362,6,-0.142,-0.016,9.44,6.718
1425626762337,37.497593,139.922354,6,-0.088,-0.06,9.519,6.692
1425626762438,37.497595,139.922347,6,-0.014,-0.093,9.651,6.667
1425626762538,37.497596,139.92234,6,-0.02,-0.191,10.032,6.642
1425626762639,37.497598,139.922333,6,0.101,-0.175,9.948,6.617
1425626762740,37.4976,139.922325,6,0.109,-0.098,9.55,6.591
1425626762840,37.497601,139.922318,6,0.031,-0.103,9.44,6.567
1425626762936,37.497602,139.922311,6,0.04,-0.007,9.186,6.543
1425626763037,37.497604,139.922304,6,-0.068,0.035,9.118,6.518
1425626763137,37.497605,139.922297,5,-0.119,0.029,9.329,6.507
1425626763238,37.497607,139.92229,5,-0.167,-0.068,9.387,6.531
1425626763339,37.497609,139.922283,5,-0.143,-0.096,9.715,6.556
1425626763440,37.497611,139.922276,5,-0.12,-0.102,9.62,6.581
1425626763540,37.497612,139.922268,5,-0.095,-0.027,9.158,6.606
1425626763636,37.497614,139.922261,5,-0.181,0.01,9.235,6.63
1425626763737,37.497616,139.922254,5,-0.272,-0.036,9.474,6.656
1425626763837,37.497617,139.922247,5,-0.306,-0.021,9.489,6.681
1425626763938,37.497619,139.92224,5,-0.477,-0.104,9.682,6.706
1425626764039,37.497621,139.922232,5,-0.465,-0.113,9.725,6.732
1425626764139,37.497622,139.922224,8,-0.316,-0.148,9.976,6.757
1425626764240,37.497623,139.922215,8,-0.268,-0.111,9.852,6.782
1425626764336,37.497624,139.922207,8,-0.228,-0.06,9.569,6.806
1425626764437,37.497625,139.922198,8,-0.172,-0.03,9.32,6.831
1425626764537,37.497626,139.922189,8,-0.139,-0.017,9.263,6.856
1425626764638,37.497627,139.92218,8,-0.134,0.037,9.235,6.881
1425626764739,37.497628,139.922171,8,-0.2,0.004,9.479,6.906
1425626764839,37.497629,139.922162,8,-0.147,-0.02,9.653,6.931
1425626764940,37.497629,139.922153,8,-0.146,-0.054,9.581,6.957
1425626765036,37.49763,139.922144,8,-0.087,-0.041,9.485,6.981
1425626765137,37.497632,139.922135,8,-0.085,-0.042,9.41,7.007
1425626765237,37.497635,139.922126,8,-0.01,-0.047,9.349,7.031
1425626765338,37.497638,139.922118,8,-0.031,-0.095,9.484,7.056
1425626765439,37.497641,139.92211,8,-0.013,-0.152,9.941,7.081
1425626765539,37.497645,139.922101,8,0.026,-0.133,9.877,7.106
1425626765640,37.497648,139.922093,8,-0.044,-0.168,9.548,7.131
1425626765736,37.497651,139.922085,8,-0.06,-0.161,9.406,7.155
1425626765836,37.497654,139.922076,8,0.045,-0.095,9.149,7.181
1425626765937,37.497657,139.922068,8,0.035,-0.106,9.315,7.206
1425626766038,37.497661,139.922059,8,-0.079,-0.331,9.882,7.232
1425626766139,37.497664,139.922051,8,-0.084,-0.41,10.006,7.235
1425626766239,37.497666,139.922044,8,-0.106,-0.397,9.742,7.183
1425626766340,37.497669,139.922036,8,-0.04,-0.299,9.544,7.132
1425626766441,37.497671,139.922029,8,0.01,-0.288,9.472,7.081
1425626766536,37.497674,139.922023,8,0.061,-0.229,9.531,7.033
1425626766642,37.497677,139.922015,8,0.081,-0.145,9.282,6.98
1425626766738,37.497679,139.922008,8,-0.007,-0.175,9.17,6.932
1425626766837,37.497681,139.922002,8,-0.101,-0.257,9.276,6.883
1425626766939,37.497684,139.921995,8,-0.126,-0.346,9.678,6.833
1425626767038,37.497686,139.921988,8,-0.112,-0.37,9.831,6.785
1425626767141,37.497689,139.921981,10,-0.072,-0.287,9.58,6.734
1425626767236,37.497691,139.921976,10,-0.041,-0.231,9.349,6.685
1425626767337,37.497694,139.921971,10,-0.055,-0.238,9.364,6.633
1425626767438,37.497697,139.921965,10,-0.021,-0.211,9.333,6.582
1425626767538,37.497699,139.92196,10,-0.129,-0.301,9.383,6.531
1425626767640,37.497702,139.921955,10,-0.261,-0.4,9.74,6.48
1425626767740,37.497705,139.92195,10,-0.263,-0.442,9.933,6.431
1425626767840,37.497707,139.921945,10,-0.266,-0.378,9.737,6.381
1425626767936,37.49771,139.92194,10,-0.287,-0.288,9.479,6.334
1425626768037,37.497712,139.921935,10,-0.253,-0.24,9.25,6.285
1425626768138,37.497714,139.921929,10,-0.18,-0.227,9.335,6.243
1425626768238,37.497714,139.921922,10,-0.187,-0.304,9.769,6.217
1425626768339,37.497714,139.921915,10,-0.199,-0.288,9.563,6.192
1425626768440,37.497715,139.921908,10,-0.2,-0.22,9.098,6.166
1425626768540,37.497715,139.921901,10,-0.214,-0.285,9.379,6.141
1425626768636,37.497715,139.921894,10,-0.144,-0.306,9.659,6.117
1425626768737,37.497715,139.921887,10,-0.034,-0.295,9.708,6.092
1425626768837,37.497715,139.92188,10,0.041,-0.296,9.641,6.067
1425626768938,37.497716,139.921873,10,-0.019,-0.21,9.395,6.042
1425626769039,37.497716,139.921866,10,-0.07,-0.183,9.416,6.017
1425626769140,37.497716,139.92186,10,-0.145,-0.105,9.481,6.0
1425626769240,37.497715,139.921856,10,-0.028,-0.124,9.649,6.0
1425626769336,37.497715,139.921852,10,-0.051,0.038,9.494,6.0
1425626769437,37.497714,139.921848,10,-0.071,0.1,9.387,6.0
1425626769537,37.497714,139.921844,10,-0.067,0.103,9.487,6.0
1425626769638,37.497713,139.92184,10,-0.082,0.113,9.737,6.0
1425626769739,37.497713,139.921836,10,-0.192,0.1,9.735,6.0
1425626769839,37.497712,139.921832,10,-0.267,0.176,9.457,6.0
1425626769940,37.497712,139.921828,10,-0.267,0.237,9.357,6.0
1425626770036,37.497711,139.921824,10,-0.286,0.234,9.404,6.0
1425626770137,37.497711,139.921819,10,-0.269,0.252,9.454,6.0
1425626770237,37.497712,139.921812,10,-0.276,0.263,9.434,6.0
1425626770338,37.497712,139.921806,10,-0.303,0.245,9.351,6.0
1425626770439,37.497713,139.921799,10,-0.376,0.217,9.436,6.0
1425626770539,37.497714,139.921792,10,-0.409,0.212,9.506,6.0
1425626770641,37.497714,139.921785,10,-0.463,0.199,9.537,6.0
1425626770736,37.497715,139.921779,10,-0.501,0.224,9.577,6.0
1425626770836,37.497715,139.921772,10,-0.506,0.243,9.447,6.0
1425626770937,37.497716,139.921766,10,-0.461,0.211,9.533,6.0
1425626771038,37.497717,139.921759,10,-0.446,0.222,9.543,6.0
1425626771139,37.497717,139.921752,8,-0.462,0.23,9.45,6.007
1425626771239,37.497718,139.921744,8,-0.521,0.164,9.493,6.032
1425626771340,37.497718,139.921736,8,-0.486,0.089,9.854,6.057
1425626771436,37.497718,139.921729,8,-0.435,0.096,9.793,6.08
1425626771536,37.497719,139.921721,8,-0.319,0.273,8.777,6.105
1425626771637,37.497719,139.921713,8,-0.371,0.237,9.009,6.13
1425626771738,37.497719,139.921705,8,-0.406,0.097,9.732,6.156
1425626771839,37.49772,139.921697,8,-0.4,0.005,10.138,6.181
1425626771939,37.49772,139.921689,8,-0.399,0.03,9.871,6.207
1425626772040,37.497721,139.921681,8,-0.437,0.054,9.434,6.232
1425626772136,37.497721,139.921673,8,-0.38,0.062,9.277,6.256
1425626772236,37.497722,139.921665,8,-0.284,0.075,9.612,6.281
1425626772337,37.497723,139.921657,8,-0.256,0.121,9.649,6.306
1425626772438,37.497724,139.921648,8,-0.223,0.117,9.354,6.331
1425626772538,37.497724,139.92164,8,-0.196,0.063,9.529,6.356
1425626772639,37.497725,139.921632,8,-0.284,0.015,9.799,6.381
1425626772740,37.497726,139.921624,8,-0.271,0.026,9.787,6.406
1425626772836,37.497727,139.921616,8,-0.237,0.037,9.522,6.431
1425626772936,37.497728,139.921607,8,-0.227,0.08,9.279,6.456
1425626773037,37.497728,139.921599,8,-0.199,0.119,9.136,6.481
1425626773138,37.497729,139.921591,7,-0.191,-0.006,9.444,6.5
1425626773238,37.497731,139.921584,7,-0.167,-0.041,9.583,6.5
1425626773339,37.497732,139.921576,7,-0.136,-0.075,9.579,6.5
1425626773440,37.497734,139.921569,7,-0.147,-0.165,9.458,6.5
1425626773540,37.497735,139.921562,7,-0.157,-0.355,9.622,6.5
1425626773636,37.497737,139.921555,7,-0.219,-0.348,9.985,6.5
1425626773737,37.497738,139.921547,7,-0.228,-0.285,9.809,6.5
1425626773838,37.49774,139.92154,7,-0.23,-0.239,9.281,6.5
1425626773938,37.497741,139.921533,7,-0.25,-0.209,9.1,6.5
1425626774039,37.497743,139.921525,7,-0.203,-0.167,9.113,6.5
1425626774140,37.497745,139.921518,7,-0.29,-0.254,9.478,6.492
1425626774240,37.497747,139.921511,7,-0.21,-0.35,9.929,6.467
1425626774336,37.49775,139.921505,7,-0.157,-0.402,9.958,6.443
1425626774437,37.497753,139.921498,7,-0.026,-0.427,9.572,6.417
1425626774538,37.497755,139.921491,7,-0.028,-0.501,9.505,6.392
1425626774638,37.497758,139.921484,7,-0.092,-0.563,9.487,6.367
1425626774739,37.49776,139.921478,7,-0.165,-0.697,9.28,6.342
1425626774840,37.497763,139.921471,7,-0.128,-0.814,9.395,6.317
1425626774940,37.497766,139.921464,7,-0.172,-0.999,9.486,6.292
1425626775036,37.497768,139.921458,7,-0.091,-1.116,9.519,6.268
1425626775137,37.497771,139.921451,7,0.097,-1.225,9.784,6.221
1425626775237,37.497772,139.921445,7,0.163,-1.234,9.647,6.113
1425626775338,37.497774,139.92144,7,0.077,-1.229,9.467,6.007
1425626775439,37.497776,139.921434,7,-0.154,-1.306,9.703,5.902
1425626775540,37.497778,139.921428,7,-0.245,-1.288,9.608,5.799
1425626775640,37.497779,139.921423,7,-0.262,-1.205,9.362,5.698
1425626775736,37.497781,139.921417,7,-0.252,-1.151,9.315,5.604
1425626775837,37.497783,139.921412,7,-0.202,-1.095,9.478,5.506
1425626775937,37.497784,139.921407,7,-0.135,-1.006,9.552,5.411
1425626776038,37.497786,139.921402,7,-0.082,-0.928,9.59,5.316
1425626776139,37.497788,139.921396,7,-0.045,-0.774,9.625,5.243
1425626776240,37.49779,139.921391,7,-0.072,-0.669,9.501,5.217
1425626776340,37.497792,139.921385,7,-0.099,-0.611,9.431,5.191
1425626776436,37.497795,139.92138,7,-0.165,-0.608,9.443,5.167
1425626776537,37.497797,139.921375,7,-0.172,-0.577,9.584,5.142
1425626776637,37.497799,139.921369,7,-0.178,-0.561,9.663,5.117
1425626776738,37.497802,139.921364,7,-0.165,-0.573,9.337,5.092
1425626776839,37.497804,139.921358,7,-0.142,-0.617,9.341,5.067
1425626776939,37.497806,139.921353,7,-0.114,-0.673,9.481,5.042
1425626777040,37.497808,139.921348,7,-0.078,-0.68,9.612,5.017
1425626777136,37.49781,139.921343,8,-0.092,-0.658,9.546,4.986
1425626777237,37.497812,139.921338,8,-0.118,-0.609,9.389,4.934
1425626777337,37.497814,139.921333,8,-0.111,-0.602,9.311,4.882
1425626777438,37.497815,139.921329,8,-0.059,-0.627,9.493,4.83
1425626777539,37.497817,139.921324,8,-0.025,-0.685,9.764,4.779
1425626777639,37.497819,139.92132,8,-0.123,-0.671,9.679,4.729
1425626777740,37.49782,139.921315,8,-0.232,-0.677,9.456,4.679
1425626777836,37.497822,139.921311,8,-0.233,-0.63,9.324,4.632
1425626777936,37.497823,139.921306,8,-0.257,-0.699,9.624,4.583
1425626778037,37.497825,139.921302,8,-0.192,-0.755,9.683,4.535
1425626778138,37.497826,139.921298,8,-0.09,-0.745,9.585,4.46
1425626778239,37.497826,139.921294,8,-0.05,-0.648,9.424,4.316
1425626778339,37.497825,139.921291,8,-0.115,-0.606,9.225,4.178
1425626778440,37.497825,139.921288,8,-0.094,-0.719,9.563,4.043
1425626778536,37.497825,139.921285,8,-0.057,-0.743,9.834,3.918
1425626778636,37.497825,139.921281,8,-0.061,-0.743,9.719,3.792
1425626778737,37.497825,139.921278,8,-0.028,-0.701,9.557,3.669
1425626778838,37.497824,139.921275,8,-0.044,-0.71,9.454,3.55
1425626778939,37.497824,139.921273,8,-0.112,-0.769,9.709,3.435
1425626779039,37.497824,139.92127,8,-0.197,-0.786,9.629,3.325
1425626779140,37.497824,139.921267,6,-0.23,-0.694,9.38,3.225
1425626779236,37.497824,139.921264,6,-0.266,-0.584,9.033,3.145
1425626779336,37.497825,139.921262,6,-0.275,-0.582,9.029,3.063
1425626779437,37.497825,139.921259,6,-0.243,-0.69,9.497,2.983
1425626779538,37.497825,139.921256,6,-0.215,-0.871,9.839,2.905
1425626779638,37.497826,139.921253,6,-0.226,-1.013,9.745,2.83
1425626779739,37.497826,139.921251,6,-0.211,-1.106,9.491,2.755
1425626779840,37.497826,139.921248,6,-0.222,-1.19,9.369,2.683
1425626779936,37.497827,139.921246,6,-0.135,-1.196,9.342,2.616
1425626780036,37.497827,139.921244,6,-0.019,-1.219,9.429,2.549
1425626780137,37.497827,139.921241,6,0.049,-1.2,9.61,2.466
1425626780238,37.497827,139.92124,6,-0.027,-1.187,9.627,2.344
1425626780338,37.497826,139.921238,6,-0.151,-1.18,9.544,2.228
1425626780439,37.497826,139.921236,6,-0.213,-1.148,9.541,2.116
1425626780540,37.497826,139.921234,6,-0.233,-1.171,9.6,2.009
1425626780636,37.497825,139.921233,6,-0.147,-1.152,9.551,1.912
1425626780741,37.497825,139.921231,6,-0.074,-1.154,9.422,1.811
1425626780837,37.497825,139.92123,6,-0.05,-1.14,9.516,1.723
1425626780936,37.497824,139.921228,6,-0.065,-1.102,9.602,1.638
1425626781038,37.497824,139.921227,6,-0.155,-1.064,9.483,1.555
1425626781137,37.497824,139.921226,6,-0.228,-1.059,9.431,1.473
1425626781240,37.497825,139.921225,6,-0.255,-1.049,9.468,1.374
1425626781339,37.497825,139.921225,6,-0.209,-1.051,9.487,1.284
1425626781436,37.497826,139.921224,6,-0.097,-1.003,9.544,1.201
1425626781537,37.497827,139.921223,6,-0.02,-0.943,9.577,1.119
1425626781637,37.497827,139.921223,6,0.005,-0.896,9.525,1.042
1425626781738,37.497828,139.921222,6,-0.063,-0.862,9.467,0.971
1425626781839,37.497828,139.921222,6,-0.18,-0.777,9.543,0.904
1425626781940,37.497828,139.921222,6,-0.223,-0.525,9.717,0.842
1425626782040,37.497829,139.921221,6,-0.178,-0.252,9.693,0.786
1425626782136,37.497829,139.921221,6,-0.087,0.015,9.477,0.712
1425626782237,37.497828,139.921221,6,-0.007,0.167,9.287,0.572
1425626782337,37.497827,139.921221,6,0.001,0.193,9.319,0.448
1425626782438,37.497827,139.921222,6,-0.046,0.113,9.495,0.339
1425626782539,37.497826,139.921222,6,-0.103,0.009,9.598,0.245
1425626782640,37.497826,139.921222,6,-0.144,-0.136,9.565,0.166
1425626782740,37.497826,139.921222,6,-0.107,-0.089,9.567,0.103
1425626782836,37.497825,139.921222,6,-0.062,0.018,9.573,0.056
1425626782937,37.497825,139.921222,6,-0.054,0.042,9.495,0.022
1425626783037,37.497825,139.921222,6,-0.062,0.048,9.464,0.004
1425626784140,37.497822,139.921224,5,-0.037,0.765,9.484,0.001
1425626784236,37.497822,139.921224,5,-0.074,0.777,9.545,0.012
1425626786336,37.497825,139.921213,5,-0.093,0.786,9.584,0.8
1425626786436,37.497825,139.921212,5,-0.056,0.49,9.569,0.824
1425626786537,37.497825,139.921211,5,0.028,0.292,9.431,0.848
1425626786638,37.497825,139.921211,5,0.049,0.158,9.378,0.873
1425626786738,37.497826,139.92121,5,-0.005,0.016,9.55,0.899
1425626786839,37.497826,139.921209,5,-0.093,-0.124,9.594,0.925
1425626786940,37.497826,139.921208,5,-0.195,-0.224,9.459,0.952
1425626787040,37.497827,139.921208,5,-0.205,-0.274,9.426,0.98
1425626787136,37.497827,139.921207,6,-0.156,-0.324,9.537,0.993
1425626787237,37.497828,139.921206,6,-0.064,-0.451,9.593,0.964
1425626787338,37.497829,139.921205,6,0.039,-0.53,9.511,0.937
1425626787438,37.49783,139.921204,6,0.052,-0.631,9.438,0.91
1425626787539,37.49783,139.921203,6,0.009,-0.746,9.486,0.884
1425626787640,37.497831,139.921202,6,-0.075,-0.759,9.538,0.859
1425626787740,37.497832,139.921201,6,-0.109,-0.567,9.63,0.834
1425626787836,37.497832,139.9212,6,-0.127,-0.362,9.563,0.811
1425626787937,37.497833,139.921199,6,-0.118,-0.224,9.408,0.788
1425626788038,37.497834,139.921199,6,-0.086,-0.175,9.36,0.766
1425626788138,37.497834,139.921198,6,-0.066,-0.23,9.514,0.742
1425626788239,37.497834,139.921197,6,-0.027,-0.208,9.692,0.712
1425626788340,37.497834,139.921196,6,0.008,-0.141,9.651,0.684
1425626788440,37.497834,139.921195,6,0.019,-0.09,9.504,0.656
1425626788536,37.497834,139.921194,6,0.013,-0.062,9.447,0.631
1425626788637,37.497835,139.921193,6,-0.029,-0.071,9.517,0.606
1425626788737,37.497835,139.921193,6,-0.047,0.044,9.664,0.582
1425626788838,37.497835,139.921192,6,-0.048,0.154,9.607,0.558
1425626788939,37.497835,139.921191,6,-0.025,0.257,9.474,0.536
1425626789040,37.497835,139.92119,6,-0.009,0.39,9.435,0.514
1425626789140,37.497835,139.92119,5,-0.006,0.473,9.452,0.5
1425626789236,37.497836,139.921189,5,-0.015,0.486,9.494,0.5
1425626793335,37.497884,139.921143,5,-0.022,0.509,9.523,2.804
1425626793340,37.497884,139.921143,5,-0.019,0.503,9.522,2.806
1425626793440,37.497887,139.921142,5,0.268,-0.066,9.386,2.83
1425626793536,37.49789,139.921142,5,0.448,-0.421,9.186,2.854
1425626793637,37.497893,139.921141,5,0.514,-0.602,9.274,2.879
1425626793738,37.497896,139.921141,5,0.472,-0.735,9.387,2.904
1425626793838,37.497899,139.92114,5,0.362,-0.802,9.521,2.93
1425626793939,37.497903,139.92114,5,0.295,-0.679,9.709,2.956
1425626794040,37.497906,139.921139,5,0.409,-0.384,9.737,2.982
1425626794140,37.497909,139.921139,6,0.631,-0.072,9.739,3.0
1425626794236,37.497912,139.92114,6,0.84,0.184,9.518,3.0
1425626794337,37.497915,139.921141,6,0.91,0.36,9.313,3.0
1425626794437,37.497919,139.921142,6,0.884,0.383,9.306,3.0
1425626794538,37.497922,139.921143,6,0.75,0.222,9.45,3.0
1425626794639,37.497925,139.921144,6,0.554,0.185,9.672,3.0
1425626794740,37.497929,139.921145,6,0.382,0.391,9.802,3.0
1425626794840,37.497932,139.921146,6,0.25,0.626,9.656,3.0
1425626794936,37.497935,139.921147,6,0.184,0.707,9.405,3.0
1425626795042,37.497939,139.921148,6,0.195,0.79,9.318,3.0
1425626795137,37.497942,139.921149,6,0.226,0.839,9.301,3.006
1425626795236,37.497945,139.921151,6,0.339,0.915,9.57,3.03
1425626805334,37.498458,139.921353,6,0.476,0.884,9.802,6.359
1425626805339,37.498458,139.921353,6,0.478,0.878,9.804,6.361
1425626805440,37.498465,139.921355,6,0.25,0.41,9.69,6.411
1425626805536,37.498471,139.921356,6,0.02,0.057,9.719,6.458
1425626805636,37.498478,139.921357,6,-0.078,-0.082,9.712,6.508
1425626805737,37.498484,139.921359,6,-0.174,-0.151,9.473,6.559
1425626805838,37.498491,139.92136,6,-0.243,-0.202,9.416,6.61
1425626805938,37.498497,139.921362,6,-0.262,-0.197,9.329,6.661
1425626806039,37.498504,139.921363,6,-0.208,-0.242,9.493,6.713
1425626806140,37.49851,139.921364,6,-0.244,-0.245,9.379,6.734
1425626806240,37.498515,139.921366,6,-0.226,-0.261,9.309,6.683
1425626806336,37.498519,139.921367,6,-0.152,-0.369,9.468,6.634
1425626806437,37.498523,139.921369,6,-0.096,-0.564,9.674,6.582
1425626806538,37.498527,139.92137,6,-0.081,-0.696,9.617,6.531
1425626806638,37.498531,139.921372,6,-0.138,-0.772,9.623,6.481
1425626806739,37.498535,139.921373,6,-0.159,-0.797,9.536,6.431
1425626806840,37.498539,139.921374,6,-0.162,-0.727,9.545,6.381
1425626806940,37.498543,139.921376,6,-0.175,-0.552,9.667,6.332
1425626807036,37.498547,139.921377,6,-0.18,-0.441,9.559,6.286
1425626807137,37.498551,139.921378,6,-0.156,-0.402,9.444,6.236
1425626807237,37.498554,139.921379,6,-0.102,-0.338,9.424,6.184
1425626807338,37.498558,139.921379,6,-0.092,-0.305,9.489,6.132
1425626807439,37.498561,139.92138,6,-0.139,-0.313,9.48,6.081
1425626807540,37.498564,139.921381,6,-0.21,-0.304,9.447,6.03
1425626807640,37.498567,139.921381,6,-0.206,-0.308,9.595,5.98
1425626807736,37.49857,139.921382,6,-0.2,-0.384,9.918,5.932
1425626807837,37.498574,139.921382,6,-0.147,-0.378,9.842,5.882
1425626807937,37.498577,139.921383,6,-0.076,-0.16,8.899,5.834
1425626808038,37.49858,139.921384,6,-0.12,-0.149,8.853,5.785
1425626808139,37.498583,139.921385,6,-0.135,-0.245,9.553,5.727
1425626808239,37.498588,139.921386,6,-0.075,-0.426,10.11,5.647
1425626808340,37.498592,139.921388,6,0.011,-0.435,10.133,5.568
1425626808436,37.498596,139.92139,6,-0.038,-0.296,9.513,5.494
1425626808537,37.498601,139.921392,6,-0.124,-0.06,8.298,5.417
1425626808637,37.498605,139.921393,6,0.148,-0.132,9.022,5.342
1425626808738,37.498609,139.921395,6,0.327,-0.176,9.844,5.267
1425626808839,37.498613,139.921397,6,0.423,-0.118,9.725,5.193
1425626808939,37.498617,139.921398,6,0.448,0.029,9.418,5.121
1425626809040,37.498621,139.9214,6,0.321,-0.07,9.52,5.049
1425626809141,37.498625,139.921402,5,0.337,-0.24,10.15,5.008
1425626809236,37.498629,139.921403,5,0.128,-0.382,10.83,5.031
1425626809342,37.498632,139.921406,5,-0.061,-0.258,10.258,5.057
1425626809438,37.498636,139.921407,5,-0.247,-0.078,9.429,5.081
1425626809537,37.49864,139.921409,5,-0.366,0.127,8.637,5.105
1425626809639,37.498643,139.921411,5,-0.299,0.267,8.682,5.131
1425626809738,37.498647,139.921413,5,-0.25,0.199,9.281,5.156
1425626809836,37.498651,139.921415,5,-0.109,0.065,9.784,5.18
1425626809936,37.498654,139.921417,5,-0.193,0.04,9.4,5.206
1425626810037,37.498658,139.92142,5,-0.301,-0.007,9.212,5.231
1425626810138,37.498662,139.921421,5,-0.255,-0.237,10.196,5.25
1425626810238,37.498667,139.921422,5,-0.371,-0.239,10.634,5.25
1425626810339,37.498671,139.921423,5,-0.538,-0.086,9.783,5.25
1425626810440,37.498676,139.921424,5,-0.543,0.148,9.026,5.25
1425626810536,37.49868,139.921425,5,-0.509,0.272,8.504,5.25
1425626810636,37.498684,139.921426,5,-0.307,0.278,8.484,5.25
1425626810737,37.498689,139.921427,5,-0.08,0.212,9.06,5.25
1425626810838,37.498693,139.921428,5,-0.007,0.004,9.891,5.25
1425626810938,37.498697,139.921429,5,0.079,-0.089,10.305,5.25
1425626811039,37.498702,139.92143,5,0.021,-0.107,10.088,5.25
1425626811140,37.498707,139.921431,5,-0.198,-0.048,9.719,5.257
1425626811236,37.498712,139.921433,5,-0.428,0.008,9.553,5.281
1425626811336,37.498717,139.921434,5,-0.558,0.091,9.465,5.305
1425626811437,37.498723,139.921436,5,-0.502,0.138,9.402,5.33
1425626811538,37.498729,139.921437,5,-0.322,0.222,9.351,5.356
1425626811638,37.498734,139.921439,5,-0.19,0.222,9.257,5.381
1425626811739,37.49874,139.92144,5,-0.057,0.16,9.518,5.406
1425626811840,37.498746,139.921442,5,0.041,0.138,9.769,5.431
1425626811940,37.498751,139.921443,5,0.093,0.139,9.717,5.457
1425626812036,37.498757,139.921445,5,0.045,0.203,9.563,5.481
1425626812137,37.498762,139.921447,6,-0.066,0.247,9.349,5.493
1425626812238,37.498768,139.921449,6,-0.17,0.249,9.287,5.467
1425626812338,37.498773,139.921452,6,-0.265,0.261,9.31,5.442
1425626812439,37.498778,139.921454,6,-0.219,0.232,9.421,5.416
1425626812540,37.498784,139.921457,6,-0.284,0.198,9.774,5.391
1425626812640,37.498789,139.921459,6,-0.317,0.176,9.631,5.366
1425626812736,37.498794,139.921462,6,-0.243,0.218,9.374,5.342
1425626812837,37.498799,139.921464,6,-0.228,0.24,9.398,5.317
1425626812938,37.498804,139.921467,6,-0.209,0.253,9.476,5.292
1425626813038,37.498809,139.921469,6,-0.143,0.232,9.437,5.268
1425626813139,37.498814,139.921472,6,-0.107,0.177,9.751,5.257
1425626813240,37.498819,139.921473,6,-0.117,0.188,9.612,5.282
1425626813340,37.498824,139.921475,6,-0.164,0.208,9.417,5.306
1425626813436,37.498829,139.921477,6,-0.187,0.198,9.439,5.33
1425626813537,37.498834,139.921479,6,-0.178,0.175,9.663,5.355
1425626813637,37.498839,139.92148,6,-0.227,0.161,9.621,5.38
1425626813738,37.498844,139.921482,6,-0.202,0.186,9.568,5.406
1425626813839,37.498849,139.921484,6,-0.162,0.133,9.622,5.431
1425626813940,37.498854,139.921486,6,-0.07,0.138,9.67,5.457
1425626814040,37.498859,139.921488,6,0.091,0.216,9.198,5.482
1425626814136,37.498864,139.921489,5,0.105,0.239,8.973,5.5
1425626814237,37.498869,139.921491,5,0.064,0.215,9.5,5.5
1425626814337,37.498874,139.921492,5,-0.029,0.105,9.825,5.5
1425626814438,37.498878,139.921493,5,-0.065,0.111,9.739,5.5
1425626814539,37.498883,139.921495,5,-0.064,0.14,9.64,5.5
1425626814640,37.498888,139.921496,5,-0.156,0.142,9.345,5.5
1425626814740,37.498893,139.921497,5,-0.217,0.142,9.307,5.5
1425626814836,37.498897,139.921498,5,-0.103,0.109,9.597,5.5
1425626814937,37.498902,139.9215,5,0.018,0.069,9.706,5.5
1425626815037,37.498907,139.921501,5,0.093,0.137,9.458,5.5
1425626815138,37.498911,139.921502,4,0.093,0.134,9.355,5.5
1425626815239,37.498916,139.921504,4,-0.053,0.097,9.544,5.5
1425626815339,37.498921,139.921506,4,-0.121,0.071,9.793,5.5
1425626815440,37.498925,139.921507,4,-0.076,0.049,9.789,5.5
1425626815536,37.49893,139.921509,4,-0.123,0.024,9.573,5.5
1425626815636,37.498934,139.92151,4,-0.139,0.031,9.559,5.5
1425626815737,37.498939,139.921512,4,-0.096,0.085,9.54,5.5
1425626815838,37.498943,139.921514,4,-0.101,0.106,9.331,5.5
1425626815939,37.498948,139.921515,4,-0.14,0.122,9.153,5.5
1425626816039,37.498953,139.921517,4,-0.133,0.184,9.101,5.5
1425626816140,37.498957,139.921519,5,-0.15,0.093,9.482,5.507
1425626816236,37.498962,139.92152,5,-0.305,-0.014,9.735,5.531
1425626816336,37.498967,139.921522,5,-0.153,-0.03,9.882,5.556
1425626816437,37.498972,139.921524,5,-0.083,0.052,9.517,5.581
1425626816538,37.498977,139.921526,5,-0.071,-0.011,9.701,5.606
1425626816639,37.498982,139.921528,5,-0.08,-0.027,9.857,5.631
1425626816739,37.498987,139.92153,5,-0.055,0.039,9.803,5.656
1425626816840,37.498992,139.921533,5,-0.079,0.098,9.378,5.681
1425626816936,37.498996,139.921534,5,-0.225,0.15,8.943,5.706
1425626817036,37.499001,139.921536,5,-0.405,0.125,8.782,5.731
1425626817137,37.499006,139.921538,6,-0.427,-0.055,9.591,5.75
1425626817238,37.499012,139.92154,6,-0.239,-0.162,10.204,5.75
1425626817339,37.499018,139.921542,6,0.015,-0.149,10.095,5.75
1425626817439,37.499023,139.921544,6,0.185,-0.131,9.687,5.75
1425626817540,37.499029,139.921546,6,0.155,-0.028,9.191,5.75
1425626817636,37.499034,139.921547,6,0.168,0.003,9.208,5.75
1425626817736,37.499039,139.921549,6,0.108,-0.102,9.551,5.75
1425626817837,37.499045,139.921551,6,-0.068,-0.2,9.146,5.75
1425626817938,37.499051,139.921553,6,-0.142,-0.152,8.985,5.75
1425626818038,37.499056,139.921555,6,-0.288,-0.195,9.515,5.75
1425626818139,37.499061,139.921557,6,-0.28,-0.267,9.643,5.743
1425626818240,37.499066,139.921559,6,-0.147,-0.344,9.573,5.717
1425626818341,37.499071,139.921561,6,-0.099,-0.378,9.815,5.691
1425626818436,37.499075,139.921563,6,-0.023,-0.288,9.806,5.667
1425626818537,37.49908,139.921565,6,0.005,-0.29,9.612,5.642
1425626818638,37.499085,139.921567,6,-0.135,-0.27,9.371,5.617
1425626818738,37.499089,139.921569,6,-0.264,-0.188,9.344,5.592
1425626818839,37.499094,139.921571,6,-0.227,-0.205,9.398,5.567
1425626818940,37.499098,139.921573,6,-0.153,-0.291,9.647,5.542
1425626819040,37.499103,139.921576,6,-0.144,-0.28,9.741,5.517
1425626819136,37.499108,139.921578,6,-0.142,-0.245,9.558,5.493
1425626819237,37.499114,139.921579,6,-0.164,-0.227,9.501,5.468
1425626819338,37.499119,139.921581,6,-0.091,-0.147,9.239,5.442
1425626819438,37.499125,139.921583,6,-0.101,-0.108,9.12,5.417
1425626819539,37.499131,139.921585,6,-0.232,-0.124,9.384,5.391
1425626819640,37.499137,139.921587,6,-0.291,-0.169,9.641,5.366
1425626819740,37.499143,139.921589,6,-0.35,-0.246,9.746,5.341
1425626819836,37.499148,139.921591,6,-0.261,-0.239,9.7,5.317
1425626819937,37.499154,139.921593,6,-0.191,-0.204,9.42,5.292
1425626820037,37.49916,139.921595,6,-0.248,-0.174,9.281,5.268
1425626820138,37.499165,139.921596,6,-0.241,-0.216,9.58,5.243
1425626820239,37.49917,139.921598,6,-0.144,-0.265,9.86,5.217
1425626820340,37.499175,139.921599,6,-0.062,-0.226,9.758,5.191
1425626820440,37.49918,139.921601,6,0.017,-0.13,9.505,5.166
1425626820536,37.499185,139.921602,6,0.04,-0.095,9.299,5.142
1425626820637,37.49919,139.921603,6,0.084,-0.082,9.139,5.117
1425626820737,37.499194,139.921605,6,0.187,-0.161,9.383,5.092
1425626820838,37.499199,139.921606,6,0.253,-0.172,9.676,5.067
1425626820939,37.499204,139.921608,6,0.205,-0.211,9.783,5.042
1425626821039,37.499209,139.921609,6,0.12,-0.188,9.628,5.017
1425626821140,37.499213,139.92161,5,0.066,-0.21,9.615,5.0
1425626821236,37.499218,139.921612,5,0.067,-0.179,9.551,5.0
1425626821337,37.499222,139.921613,5,0.019,-0.222,9.174,5.0
1425626821437,37.499226,139.921614,5,-0.069,-0.446,9.267,5.0
1425626821538,37.499231,139.921615,5,-0.075,-0.767,9.748,5.0
1425626821639,37.499235,139.921616,5,-0.033,-0.969,10.029,5.0
1425626821739,37.49924,139.921618,5,-0.024,-1.046,9.859,5.0
1425626821840,37.499244,139.921619,5,-0.023,-1.013,9.35,5.0
1425626821936,37.499248,139.92162,5,0.006,-1.002,9.007,5.0
1425626822036,37.499253,139.921621,5,0.018,-1.029,9.14,5.0
1425626822137,37.499257,139.921622,4,0.003,-1.123,9.642,4.986
1425626822238,37.499261,139.921623,4,-0.071,-1.197,9.987,4.933
1425626822339,37.499266,139.921625,4,-0.177,-1.164,9.705,4.881
1425626822439,37.49927,139.921626,4,-0.252,-1.118,9.305,4.83
1425626822540,37.499274,139.921627,4,-0.223,-1.127,9.122,4.779
1425626822636,37.499278,139.921628,4,-0.125,-1.18,9.318,4.73
1425626822736,37.499282,139.921629,4,-0.018,-1.245,9.666,4.681
1425626822837,37.499285,139.92163,4,0.034,-1.271,9.792,4.631
1425626822938,37.499289,139.921631,4,0.011,-1.248,9.685,4.582
1425626823039,37.499293,139.921632,4,-0.09,-1.199,9.52,4.534
1425626823139,37.499297,139.921633,4,-0.162,-1.147,9.262,4.476
1425626823240,37.499301,139.921634,4,-0.205,-1.165,9.285,4.395
1425626823336,37.499304,139.921635,4,-0.196,-1.209,9.47,4.319
1425626823441,37.499308,139.921635,4,-0.148,-1.282,9.696,4.237
1425626823537,37.499311,139.921636,4,-0.101,-1.291,9.756,4.163
1425626823636,37.499314,139.921637,4,-0.112,-1.25,9.511,4.089
1425626823738,37.499317,139.921638,4,-0.196,-1.239,9.288,4.013
1425626823838,37.499321,139.921638,4,-0.245,-1.228,9.364,3.94
1425626823940,37.499324,139.921639,4,-0.224,-1.21,9.59,3.868
1425626824036,37.499327,139.92164,4,-0.187,-1.144,9.602,3.801
1425626824136,37.499329,139.92164,6,-0.145,-1.031,9.498,3.691
1425626824237,37.499329,139.92164,6,-0.12,-0.922,9.476,3.469
1425626824338,37.49933,139.921641,6,-0.102,-0.828,9.52,3.257
1425626824438,37.49933,139.921641,6,-0.089,-0.772,9.573,3.059
1425626824539,37.49933,139.921642,6,-0.087,-0.738,9.585,2.869
1425626824640,37.49933,139.921642,6,-0.077,-0.674,9.503,2.69
1425626824740,37.49933,139.921642,6,-0.093,-0.631,9.444,2.523
1425626824836,37.499331,139.921642,6,-0.109,-0.609,9.457,2.374
1425626824937,37.499331,139.921643,6,-0.134,-0.606,9.485,2.227
1425626825038,37.499331,139.921643,6,-0.147,-0.569,9.533,2.09
1425626825138,37.49933,139.921643,7,-0.164,-0.498,9.595,1.95
1425626825239,37.499328,139.921644,7,-0.138,-0.313,9.629,1.775
1425626825340,37.499327,139.921644,7,-0.094,-0.172,9.508,1.612
1425626825440,37.499325,139.921644,7,-0.047,-0.081,9.389,1.462
1425626825536,37.499323,139.921645,7,-0.023,0.184,9.566,1.329
1425626825637,37.499322,139.921645,7,-0.03,0.451,9.709,1.2
1425626825738,37.499321,139.921645,7,-0.026,0.838,9.731,1.082
1425626825838,37.49932,139.921645,7,-0.027,1.079,9.53,0.977
1425626825939,37.499318,139.921646,7,-0.085,1.247,9.327,0.883
1425626826040,37.499318,139.921646,7,-0.131,1.267,9.233,0.801
1425626826140,37.499317,139.921646,7,-0.21,1.0,9.285,0.756
1425626826236,37.499318,139.921646,7,-0.196,0.715,9.498,0.778
1425626829333,37.499379,139.921659,6,-0.197,0.667,9.769,1.75
1425626829338,37.499379,139.921659,6,-0.194,0.664,9.778,1.75
1425626829439,37.49938,139.92166,6,-0.167,0.098,9.665,1.75
1425626829539,37.499382,139.921661,6,-0.169,-0.32,9.608,1.75
1425626829640,37.499383,139.921661,6,-0.159,-0.548,9.594,1.75
1425626829736,37.499385,139.921662,6,-0.161,-0.677,9.571,1.75
1425626829836,37.499387,139.921662,6,-0.139,-0.749,9.505,1.75
1425626829937,37.499388,139.921663,6,-0.118,-0.817,9.45,1.75
1425626830038,37.49939,139.921664,6,-0.113,-0.87,9.484,1.75
1425626830138,37.499391,139.921664,4,-0.125,-0.927,9.573,1.742
1425626830239,37.499393,139.921665,4,-0.147,-0.958,9.625,1.716
1425626830340,37.499394,139.921665,4,-0.18,-0.931,9.52,1.689
1425626830436,37.499396,139.921666,4,-0.181,-0.901,9.433,1.664
1425626830536,37.499397,139.921666,4,-0.156,-0.882,9.493,1.639
1425626830637,37.499399,139.921667,4,-0.129,-0.893,9.566,1.613
1425626830738,37.4994,139.921667,4,-0.107,-0.88,9.492,1.589
1425626830838,37.499401,139.921668,4,-0.082,-0.845,9.434,1.564
1425626830939,37.499403,139.921668,4,-0.077,-0.849,9.462,1.54
1425626831040,37.499404,139.921669,4,-0.09,-0.852,9.528,1.516
1425626831140,37.499405,139.921669,4,-0.093,-0.818,9.562,1.411
1425626831236,37.499405,139.921669,4,-0.089,-0.781,9.528,1.146
1425626831337,37.499405,139.921668,4,-0.087,-0.764,9.481,0.896
1425626831438,37.499405,139.921668,4,-0.089,-0.767,9.492,0.677
1425626831538,37.499405,139.921668,4,-0.075,-0.726,9.555,0.491
1425626831639,37.499405,139.921667,4,-0.053,-0.673,9.537,0.333
1425626831740,37.499405,139.921667,4,-0.049,-0.581,9.528,0.205
1425626831840,37.499405,139.921667,4,-0.049,-0.431,9.571,0.109
1425626831936,37.499405,139.921667,4,-0.043,-0.224,9.651,0.045
1425626832037,37.499405,139.921667,4,-0.032,0.004,9.592,0.008
1425626844333,37.499406,139.921687,4,-0.012,0.124,9.518,0.012
1425626844338,37.499406,139.921687,4,-0.012,0.122,9.518,0.013
1425626844439,37.499406,139.921687,4,0.004,0.097,9.502,0.027
1425626844540,37.499406,139.921687,4,0.026,0.092,9.555,0.046
1425626844640,37.499406,139.921687,4,0.004,0.069,9.585,0.07
1425626844736,37.499406,139.921687,4,-0.054,0.053,9.519,0.098
1425626844837,37.499407,139.921688,4,-0.099,0.062,9.524,0.132
1425626844937,37.499407,139.921688,4,-0.129,0.049,9.504,0.171
1425626845038,37.499407,139.921688,4,-0.138,0.015,9.463,0.215
1425626845139,37.499407,139.921688,4,-0.098,-0.043,9.532,0.25
1425626845240,37.499407,139.921688,4,-0.039,-0.166,9.525,0.25
1425626845340,37.499407,139.921688,4,-0.022,-0.356,9.483,0.25
1425626845436,37.499407,139.921688,4,-0.02,-0.483,9.559,0.25
1425626845537,37.499407,139.921688,4,-0.038,-0.564,9.691,0.25
1425626845637,37.499408,139.921688,4,-0.07,-0.605,9.657,0.25
1425626845738,37.499408,139.921688,4,-0.104,-0.618,9.518,0.25
1425626845839,37.499408,139.921688,4,-0.113,-0.616,9.485,0.25
1425626845940,37.499408,139.921688,4,-0.103,-0.622,9.543,0.25
1425626846040,37.499408,139.921688,4,-0.054,-0.46,9.658,0.25
1425626846136,37.499408,139.921688,4,-0.029,-0.249,9.641,0.237
1425626846237,37.499408,139.921688,4,-0.032,-0.118,9.452,0.191
1425626846337,37.499407,139.921688,4,-0.061,-0.027,9.36,0.149
1425626846438,37.499407,139.921687,4,-0.084,0.016,9.502,0.113
1425626846539,37.499407,139.921687,4,-0.088,0.049,9.651,0.082
1425626846639,37.499406,139.921687,4,-0.074,0.086,9.609,0.055
1425626846740,37.499406,139.921687,4,-0.05,0.158,9.509,0.034
1425626846836,37.499406,139.921687,4,-0.026,0.274,9.549,0.019
1425626846936,37.499406,139.921687,4,-0.021,0.368,9.628,0.008
1425626847037,37.499406,139.921687,4,-0.034,0.566,9.657,0.001
1425626847239,37.499406,139.921687,4,-0.012,1.044,9.605,0.004
1425626850335,37.499426,139.921685,4,-0.03,1.154,9.472,0.875
1425626850340,37.499426,139.921685,4,-0.035,1.147,9.466,0.878
1425626850436,37.499428,139.921685,4,-0.228,0.632,9.528,0.94
1425626850537,37.499429,139.921684,4,-0.596,0.32,9.223,1.009
1425626850638,37.49943,139.921683,4,-0.844,0.08,8.752,1.084
1425626850738,37.499432,139.921682,4,-0.917,-0.12,9.03,1.163
1425626850839,37.499433,139.921681,4,-0.856,-0.3,9.794,1.247
1425626850940,37.499435,139.92168,4,-0.736,-0.357,10.137,1.337
1425626851040,37.499437,139.921679,4,-0.581,-0.315,9.776,1.431
1425626851136,37.499438,139.921678,4,-0.322,-0.283,9.374,1.506
1425626851237,37.499439,139.921676,4,0.212,-0.192,9.477,1.53
1425626851337,37.499441,139.921674,4,0.598,0.021,9.729,1.553
1425626851438,37.499442,139.921672,4,0.49,0.156,9.615,1.578
1425626851539,37.499443,139.92167,4,0.003,0.043,9.382,1.603
1425626851640,37.499444,139.921668,4,-0.456,-0.099,9.405,1.628
1425626851740,37.499445,139.921666,4,-0.668,-0.082,9.527,1.653
1425626851841,37.499447,139.921664,4,-0.697,-0.104,9.636,1.679
1425626851937,37.499448,139.921662,4,-0.695,-0.115,9.658,1.704
1425626852036,37.499449,139.921661,4,-0.622,-0.093,9.445,1.73
1425626852138,37.49945,139.921658,4,-0.38,-0.043,9.32,1.75
1425626852237,37.499451,139.921656,4,-0.102,0.038,9.374,1.75
1425626852340,37.499452,139.921654,4,0.091,0.057,9.521,1.75
1425626852439,37.499452,139.921652,4,0.092,0.003,9.635,1.75
1425626852536,37.499453,139.92165,4,-0.051,-0.038,9.591,1.75
1425626852637,37.499454,139.921647,4,-0.271,-0.058,9.434,1.75
1425626852737,37.499454,139.921645,4,-0.461,-0.072,9.446,1.75
1425626852839,37.499455,139.921643,4,-0.567,0.0,9.35,1.75
1425626852939,37.499456,139.921641,4,-0.509,0.086,9.17,1.75
1425626853039,37.499457,139.921639,4,-0.277,0.213,9.473,1.75
1425626853140,37.499457,139.921636,5,-0.225,0.182,9.767,1.757
1425626853236,37.499458,139.921634,5,-0.351,-0.061,9.748,1.78
1425626853337,37.499459,139.921632,5,-0.179,0.073,9.49,1.804
1425626853437,37.499459,139.92163,5,0.19,0.229,9.305,1.828
1425626853538,37.49946,139.921628,5,0.474,0.202,9.551,1.853
1425626853639,37.499461,139.921625,5,0.549,0.038,9.978,1.878
1425626853739,37.499461,139.921623,5,0.336,-0.062,10.045,1.903
1425626853840,37.499462,139.921621,5,0.034,-0.119,9.699,1.929
1425626853936,37.499463,139.921618,5,-0.236,-0.079,9.433,1.954
1425626854036,37.499463,139.921616,5,-0.467,0.052,9.241,1.98
1425626854137,37.499464,139.921613,5,-0.574,0.09,9.254,2.0
1425626854238,37.499465,139.921611,5,-0.576,-0.058,9.429,2.0
1425626854339,37.499465,139.921609,5,-0.5,-0.11,9.617,2.0
1425626854439,37.499466,139.921606,5,-0.417,-0.101,9.527,2.0
1425626854540,37.499466,139.921604,5,-0.388,-0.145,9.528,2.0
1425626854636,37.499467,139.921602,5,-0.408,-0.21,9.63,2.0
1425626854736,37.499467,139.9216,5,-0.403,-0.167,9.564,2.0
1425626854837,37.499468,139.921597,5,-0.392,-0.104,9.478,2.0
1425626854938,37.499468,139.921595,5,-0.539,-0.079,9.466,2.0
1425626855039,37.499469,139.921593,5,-0.64,-0.007,9.45,2.0
1425626855139,37.499469,139.92159,4,-0.58,0.127,9.368,2.0
1425626855240,37.499469,139.921587,4,-0.385,0.289,9.348,2.0
1425626867335,37.49972,139.920805,6,-0.191,0.409,9.462,8.25
1425626867340,37.49972,139.920805,6,-0.185,0.408,9.479,8.25
1425626867436,37.499723,139.920796,6,-0.155,0.118,9.729,8.25
1425626867536,37.499727,139.920787,6,-0.153,0.019,9.044,8.25
1425626867637,37.499731,139.920778,6,-0.158,-0.084,8.932,8.25
1425626867738,37.499735,139.920768,6,-0.098,-0.217,9.531,8.25
1425626867839,37.499739,139.920759,6,-0.005,-0.291,9.691,8.25
1425626867939,37.499743,139.92075,6,0.041,-0.306,9.475,8.25
1425626868040,37.499746,139.92074,6,0.068,-0.349,9.589,8.25
1425626868136,37.49975,139.920732,7,0.069,-0.378,9.713,8.25
1425626868236,37.499753,139.920722,7,0.046,-0.318,9.525,8.25
1425626868337,37.499756,139.920713,7,-0.042,-0.252,9.228,8.25
1425626868438,37.499759,139.920703,7,-0.031,-0.291,9.455,8.25
1425626868538,37.499762,139.920694,7,-0.064,-0.414,10.046,8.25
1425626868639,37.499765,139.920684,7,-0.104,-0.46,10.127,8.25
1425626868740,37.499769,139.920675,7,-0.071,-0.372,9.58,8.25
1425626868836,37.499772,139.920666,7,-0.056,-0.233,8.987,8.25
1425626868936,37.499775,139.920656,7,-0.121,-0.204,9.149,8.25
1425626869037,37.499778,139.920647,7,-0.105,-0.226,9.465,8.25
1425626869138,37.499781,139.920638,7,-0.054,-0.315,9.459,8.243
1425626869238,37.499783,139.920629,7,-0.069,-0.344,9.345,8.218
1425626869339,37.499786,139.92062,7,-0.129,-0.381,9.641,8.192
1425626869440,37.499788,139.920611,7,-0.148,-0.372,9.959,8.167
1425626869540,37.49979,139.920603,7,-0.188,-0.3,9.653,8.142
1425626869636,37.499793,139.920594,7,-0.209,-0.276,9.356,8.118
1425626869737,37.499795,139.920586,7,-0.184,-0.303,9.462,8.092
1425626869838,37.499798,139.920577,7,-0.179,-0.344,9.615,8.067
1425626869938,37.4998,139.920569,7,-0.14,-0.266,9.443,8.042
1425626870039,37.499802,139.92056,7,-0.083,-0.215,9.264,8.017
1425626870140,37.499805,139.920552,5,-0.046,-0.258,9.324,7.992
1425626870240,37.499807,139.920544,5,-0.022,-0.307,9.499,7.967
1425626870336,37.499809,139.920536,5,0.061,-0.366,9.819,7.943
1425626870437,37.499811,139.920528,5,0.111,-0.399,9.856,7.917
1425626870538,37.499813,139.92052,5,0.118,-0.311,9.426,7.892
1425626870638,37.499815,139.920512,5,0.016,-0.229,9.144,7.867
1425626870739,37.499817,139.920504,5,-0.041,-0.206,9.033,7.842
1425626870840,37.499819,139.920496,5,0.096,-0.405,10.012,7.817
1425626870940,37.499821,139.920488,5,0.096,-0.565,10.662,7.792
1425626871036,37.499823,139.920481,5,0.001,-0.542,10.303,7.768
1425626871137,37.499825,139.920473,6,-0.239,-0.311,8.993,7.75
1425626871237,37.499828,139.920465,6,-0.53,-0.018,8.014,7.75
1425626871338,37.499832,139.920457,6,-0.67,-0.066,8.664,7.75
1425626871439,37.499835,139.920449,6,-0.457,-0.205,9.597,7.75
1425626871539,37.499839,139.920441,6,-0.125,-0.358,9.893,7.75
1425626871640,37.499842,139.920433,6,-0.06,-0.503,10.225,7.75
1425626871736,37.499845,139.920426,6,-0.226,-0.556,10.39,7.75
1425626871837,37.499849,139.920418,6,-0.352,-0.521,10.592,7.75
1425626871937,37.499852,139.92041,6,-0.582,-0.243,9.593,7.75
1425626872038,37.499856,139.920402,6,-0.563,0.122,8.103,7.75
1425626872139,37.499859,139.920394,6,-0.357,0.095,7.992,7.735
1425626872239,37.499862,139.920387,6,-0.087,-0.073,8.515,7.684
1425626872340,37.499864,139.920381,6,0.209,-0.304,9.486,7.632
1425626872436,37.499867,139.920374,6,0.398,-0.506,10.64,7.583
1425626872536,37.49987,139.920368,6,0.378,-0.586,11.047,7.533
1425626872637,37.499872,139.920361,6,0.135,-0.554,10.683,7.482
1425626872738,37.499875,139.920355,6,-0.039,-0.295,9.441,7.432
1425626872839,37.499878,139.920348,6,-0.202,-0.137,8.625,7.382
1425626872939,37.499881,139.920342,6,-0.355,-0.147,8.85,7.333
1425626873040,37.499883,139.920335,6,-0.44,-0.208,9.473,7.284
1425626873136,37.499885,139.920329,6,-0.496,-0.247,9.674,7.25
1425626873236,37.499887,139.920322,6,-0.468,-0.237,9.611,7.25
1425626873337,37.499889,139.920315,6,-0.33,-0.226,9.529,7.25
1425626873438,37.49989,139.920308,6,-0.177,-0.22,9.508,7.25
1425626873539,37.499892,139.920301,6,-0.043,-0.194,9.361,7.25
1425626873639,37.499893,139.920293,6,0.064,-0.176,9.393,7.25
1425626873740,37.499895,139.920286,6,0.12,-0.182,9.513,7.25
1425626873836,37.499897,139.920279,6,0.121,-0.191,9.658,7.25
1425626873936,37.499898,139.920272,6,0.039,-0.144,9.444,7.25
1425626874037,37.4999,139.920265,6,0.005,-0.113,9.242,7.25
1425626874138,37.499902,139.920258,6,-0.039,-0.058,9.1,7.243
1425626874238,37.499904,139.920251,6,-0.188,-0.168,9.567,7.218
1425626874339,37.499907,139.920244,6,-0.292,-0.372,10.58,7.192
1425626874440,37.499909,139.920237,6,-0.211,-0.395,10.469,7.167
1425626874536,37.499912,139.92023,6,-0.172,-0.212,9.595,7.142
1425626874636,37.499914,139.920223,6,-0.158,-0.104,9.115,7.117
1425626874737,37.499917,139.920216,6,-0.144,0.029,9.029,7.092
1425626874838,37.499919,139.920209,6,-0.198,0.048,9.136,7.067
1425626874938,37.499922,139.920202,6,-0.175,-0.015,9.186,7.042
1425626875039,37.499924,139.920195,6,-0.199,-0.056,9.06,7.017
1425626875140,37.499927,139.920188,4,-0.303,-0.172,9.581,7.0
1425626875241,37.499929,139.92018,4,-0.293,-0.238,10.208,7.0
1425626875336,37.499931,139.920173,4,-0.318,-0.168,10.112,7.0
1425626875437,37.499933,139.920165,4,-0.372,-0.075,9.506,7.0
1425626875538,37.499935,139.920157,4,-0.392,-0.001,9.154,7.0
1425626875638,37.499937,139.920149,4,-0.335,0.026,9.173,7.0
1425626875739,37.499939,139.920142,4,-0.372,0.031,9.18,7.0
1425626875840,37.499941,139.920134,4,-0.338,-0.049,9.551,7.0
1425626875940,37.499943,139.920126,4,-0.344,-0.111,9.85,7.0
1425626876036,37.499945,139.920119,4,-0.376,-0.103,9.85,7.0
1425626876137,37.499947,139.920111,6,-0.372,-0.049,9.381,7.007
1425626876238,37.499949,139.920101,6,-0.439,0.004,9.151,7.032
1425626876338,37.49995,139.920092,6,-0.519,-0.037,9.544,7.056
1425626876439,37.499952,139.920083,6,-0.471,-0.107,9.899,7.081
1425626876540,37.499955,139.920074,6,-0.367,-0.054,9.742,7.106
1425626876640,37.499957,139.920065,6,-0.316,-0.089,9.627,7.131
1425626876736,37.499958,139.920056,6,-0.301,-0.042,9.537,7.155
1425626876837,37.49996,139.920046,6,-0.441,0.078,9.011,7.181
1425626876937,37.499962,139.920037,6,-0.49,0.093,9.098,7.206
1425626877038,37.499965,139.920028,6,-0.54,0.001,9.468,7.232
1425626877139,37.499967,139.920019,6,-0.501,-0.044,9.741,7.25
1425626877240,37.499969,139.920011,6,-0.417,-0.065,9.67,7.25
1425626877340,37.499971,139.920003,6,-0.344,-0.096,9.718,7.25
1425626877436,37.499974,139.919995,6,-0.364,-0.084,9.788,7.25
1425626877537,37.499976,139.919987,6,-0.469,-0.033,9.558,7.25
1425626877637,37.499978,139.919979,6,-0.47,0.034,9.158,7.25
1425626877738,37.49998,139.919971,6,-0.358,0.017,9.184,7.25
1425626877839,37.499983,139.919963,6,-0.263,-0.03,9.45,7.25
1425626877940,37.499985,139.919955,6,-0.231,-0.038,9.482,7.25
1425626878040,37.499987,139.919948,6,-0.162,-0.076,9.649,7.25
1425626878136,37.499989,139.91994,4,-0.217,-0.146,9.886,7.229
1425626878237,37.499991,139.919933,4,-0.3,-0.145,9.854,7.15
1425626878337,37.499993,139.919926,4,-0.24,-0.108,9.634,7.073
1425626878438,37.499995,139.919919,4,-0.195,-0.068,9.387,6.995
1425626878539,37.499997,139.919912,4,-0.198,-0.047,9.409,6.918
1425626878639,37.499999,139.919905,4,-0.274,-0.05,9.508,6.843
1425626878740,37.500001,139.919898,4,-0.342,-0.036,9.303,6.768
1425626878836,37.500002,139.919892,4,-0.413,-0.043,9.149,6.697
1425626878937,37.500004,139.919885,4,-0.43,-0.029,9.203,6.624
1425626879037,37.500006,139.919879,4,-0.344,-0.074,9.542,6.552
1425626879138,37.500008,139.919872,5,-0.216,-0.108,9.804,6.507
1425626879239,37.50001,139.919865,5,-0.098,-0.138,9.803,6.532
1425626879339,37.500013,139.919857,5,-0.113,-0.107,9.521,6.556
1425626879440,37.500015,139.91985,5,-0.119,-0.044,9.303,6.581
1425626879536,37.500018,139.919843,5,-0.206,-0.107,9.543,6.605
1425626879636,37.500021,139.919835,5,-0.338,-0.169,9.954,6.63
1425626879737,37.500023,139.919828,5,-0.315,-0.169,9.784,6.656
1425626879838,37.500026,139.91982,5,-0.187,-0.149,9.499,6.681
1425626879939,37.500028,139.919813,5,-0.119,-0.252,9.459,6.707
1425626880039,37.500031,139.919805,5,-0.164,-0.399,9.151,6.732
1425626880140,37.500034,139.919798,5,-0.18,-0.592,9.261,6.742
1425626880241,37.500036,139.919791,5,-0.283,-0.696,9.252,6.717
1425626880336,37.500038,139.919784,5,-0.338,-0.877,9.505,6.693
1425626880442,37.500041,139.919776,5,-0.287,-1.002,9.858,6.666
1425626880538,37.500043,139.919769,5,-0.273,-1.018,9.794,6.642
1425626880637,37.500045,139.919762,5,-0.251,-1.047,9.667,6.617
1425626880739,37.500048,139.919755,5,-0.295,-0.951,9.381,6.592
1425626880838,37.50005,139.919748,5,-0.406,-0.891,9.133,6.567
1425626880936,37.500052,139.919741,5,-0.511,-0.944,9.374,6.543
1425626881036,37.500054,139.919734,5,-0.567,-1.019,9.787,6.518
1425626881137,37.500057,139.919727,6,-0.547,-0.996,9.749,6.463
1425626881238,37.500059,139.91972,6,-0.441,-0.864,9.339,6.325
1425626881338,37.500062,139.919714,6,-0.299,-0.874,9.389,6.192
1425626881439,37.500064,139.919707,6,-0.211,-0.851,9.65,6.059
1425626881540,37.500067,139.919701,6,-0.259,-0.836,9.727,5.93
1425626881636,37.500069,139.919695,6,-0.351,-0.769,9.401,5.809
1425626881736,37.500072,139.919689,6,-0.407,-0.741,9.258,5.686
1425626881837,37.500074,139.919683,6,-0.421,-0.79,9.357,5.565
1425626881938,37.500076,139.919677,6,-0.425,-0.859,9.564,5.446
1425626882038,37.500078,139.919671,6,-0.353,-0.946,9.695,5.331
1425626882139,37.500081,139.919665,6,-0.328,-0.92,9.302,5.227
1425626882240,37.500083,139.919658,6,-0.324,-1.025,9.118,5.146
1425626882341,37.500085,139.919652,6,-0.269,-1.215,9.464,5.067
1425626882436,37.500087,139.919645,6,-0.223,-1.386,9.949,4.993
1425626882537,37.500089,139.919639,6,-0.204,-1.488,10.024,4.916
1425626882638,37.500091,139.919633,6,-0.16,-1.485,9.422,4.84
1425626882738,37.500093,139.919626,6,-0.114,-1.422,8.74,4.766
1425626882839,37.500095,139.91962,6,0.117,-1.48,9.139,4.692
1425626882940,37.500097,139.919614,6,0.181,-1.627,9.634,4.619
1425626883040,37.500099,139.919608,6,0.145,-1.765,10.025,4.549
1425626883136,37.500101,139.919603,6,0.041,-1.792,9.857,4.453
1425626883237,37.500103,139.919601,6,0.021,-1.834,9.625,4.276
1425626883337,37.500105,139.919599,6,0.064,-1.791,9.261,4.107
1425626883438,37.500107,139.919597,6,0.014,-1.745,8.977,3.942
1425626883539,37.500109,139.919595,6,-0.005,-1.899,9.51,3.783
1425626883640,37.50011,139.919593,6,0.023,-1.971,9.959,3.63
1425626883740,37.500112,139.919591,6,-0.051,-1.959,9.871,3.485
1425626883836,37.500114,139.919589,6,-0.222,-1.98,9.691,3.351
1425626883937,37.500115,139.919588,6,-0.465,-1.915,9.408,3.217
1425626884037,37.500117,139.919586,6,-0.571,-1.829,9.089,3.089
1425626884138,37.500118,139.919584,6,-0.535,-1.856,9.282,2.944
1425626884239,37.500119,139.919582,6,-0.416,-1.847,9.509,2.75
1425626884340,37.50012,139.91958,6,-0.353,-1.801,9.397,2.566
1425626884440,37.500121,139.919578,6,-0.349,-1.764,9.352,2.394
1425626884536,37.500122,139.919576,6,-0.361,-1.702,9.522,2.239
1425626884637,37.500123,139.919574,6,-0.339,-1.61,9.611,2.085
1425626884737,37.500124,139.919572,6,-0.236,-1.476,9.571,1.943
1425626884838,37.500124,139.919571,6,-0.119,-1.332,9.526,1.809
1425626884939,37.500125,139.919569,6,-0.103,-1.236,9.415,1.686
1425626885039,37.500126,139.919568,6,-0.158,-1.181,9.415,1.574
1425626885140,37.500126,139.919567,5,-0.225,-1.14,9.547,1.47
1425626885236,37.500126,139.919566,5,-0.258,-1.078,9.652,1.378
1425626885337,37.500126,139.919565,5,-0.274,-1.056,9.521,1.286
1425626885437,37.500126,139.919564,5,-0.255,-1.02,9.389,1.2
1425626885538,37.500127,139.919563,5,-0.221,-0.986,9.431,1.118
1425626885639,37.500127,139.919562,5,-0.172,-0.965,9.558,1.041
1425626885739,37.500127,139.919561,5,-0.173,-0.975,9.561,0.97
1425626885840,37.500127,139.919561,5,-0.2,-0.776,9.63,0.903
1425626885936,37.500127,139.91956,5,-0.197,-0.482,9.723,0.845
1425626886037,37.500127,139.919559,5,-0.164,-0.229,9.578,0.788
1425626886137,37.500127,139.919559,4,-0.136,-0.061,9.341,0.71
1425626886238,37.500127,139.91956,4,-0.129,0.05,9.311,0.57
1425626886339,37.500127,139.919561,4,-0.106,0.093,9.524,0.446
1425626886439,37.500128,139.919562,4,-0.083,0.176,9.653,0.338
1425626886540,37.500128,139.919562,4,-0.077,0.365,9.63,0.244
1425626886636,37.500128,139.919563,4,-0.043,0.645,9.595,0.169
1425626886736,37.500128,139.919563,4,0.013,1.103,9.683,0.105
1425626886837,37.500128,139.919564,4,0.049,1.423,9.557,0.056
1425626886938,37.500128,139.919564,4,0.033,1.59,9.335,0.022
1425626887038,37.500128,139.919564,4,-0.012,1.627,9.239,0.004
1425626887139,37.500128,139.919564,4,0.014,1.633,9.437,0.001
1425626887240,37.500128,139.919564,4,0.072,1.512,9.574,0.017
1425626889335,37.50014,139.919532,4,0.14,1.449,9.615,1.75
1425626889340,37.50014,139.919531,4,0.147,1.439,9.61,1.75
1425626889440,37.50014,139.919529,4,0.1,0.792,9.282,1.75
1425626889536,37.500141,139.919527,4,0.05,0.194,9.15,1.75
1425626889637,37.500142,139.919525,4,0.005,-0.243,9.424,1.75
1425626889737,37.500142,139.919523,4,-0.034,-0.527,9.816,1.75
1425626889838,37.500143,139.919521,4,0.002,-0.56,9.892,1.75
1425626889939,37.500144,139.919519,4,0.111,-0.373,9.549,1.75
1425626890040,37.500145,139.919517,4,0.181,-0.261,9.256,1.75
1425626890140,37.500145,139.919516,4,0.045,-0.379,9.624,1.742
1425626890236,37.500146,139.919514,4,-0.04,-0.495,10.147,1.716
1425626890337,37.500147,139.919513,4,0.04,-0.444,10.112,1.69
1425626890437,37.500148,139.919512,4,0.156,-0.272,9.559,1.664
1425626890538,37.500149,139.919511,4,0.178,-0.147,9.122,1.638
1425626890639,37.50015,139.919509,4,0.145,-0.032,9.104,1.613
1425626890739,37.500151,139.919508,4,0.179,0.11,9.444,1.588
1425626890840,37.500152,139.919507,4,0.339,0.287,9.692,1.564
1425626890936,37.500153,139.919506,4,0.556,0.405,9.553,1.541
1425626891037,37.500153,139.919505,4,0.732,0.457,9.257,1.517
1425626891137,37.500154,139.919504,4,0.815,0.355,9.353,1.506
1425626891238,37.500156,139.919503,4,0.838,0.233,9.695,1.53
1425626891339,37.500157,139.919502,4,0.914,0.107,9.89,1.554
1425626891439,37.500158,139.919501,4,0.842,0.14,9.56,1.578
1425626891540,37.500159,139.9195,4,0.645,0.198,9.122,1.603
1425626891636,37.500161,139.919499,4,0.45,0.205,9.173,1.627
1425626891737,37.500162,139.919499,4,0.354,0.149,9.531,1.652
1425626891837,37.500163,139.919498,4,0.415,0.068,9.657,1.678
1425626891938,37.500165,139.919497,4,0.577,-0.021,9.628,1.704
1425626892039,37.500166,139.919496,4,0.765,-0.091,9.642,1.731
1425626892139,37.500168,139.919495,5,0.877,-0.097,9.55,1.757
1425626892240,37.500169,139.919493,5,0.864,-0.094,9.528,1.781
1425626892336,37.500171,139.919491,5,0.845,-0.092,9.686,1.804
1425626892436,37.500173,139.91949,5,0.884,-0.151,9.699,1.828
1425626892537,37.500175,139.919488,5,0.856,-0.181,9.495,1.853
1425626892638,37.500177,139.919486,5,0.631,-0.169,9.202,1.878
1425626892739,37.500179,139.919485,5,0.312,-0.173,9.242,1.903
1425626892839,37.500181,139.919483,5,0.099,-0.154,9.522,1.929
1425626892940,37.500183,139.919481,5,0.146,-0.155,9.504,1.955
1425626893036,37.500185,139.919479,5,0.375,-0.134,9.345,1.98
1425626893136,37.500188,139.919478,5,0.54,-0.058,9.472,2.006
1425626893237,37.50019,139.919478,5,0.672,-0.042,9.834,2.03
1425626893338,37.500192,139.919478,5,0.91,-0.028,9.768,2.054
1425626893438,37.500195,139.919478,5,1.104,0.048,9.51,2.079
1425626893539,37.500197,139.919478,5,1.223,0.189,9.4,2.104
1425626893640,37.500199,139.919478,5,1.245,0.267,9.425,2.129
1425626893736,37.500202,139.919478,5,1.035,0.147,9.602,2.153
1425626893836,37.500204,139.919478,5,0.832,0.009,9.95,2.179
1425626893937,37.500207,139.919478,5,0.748,-0.178,9.936,2.205
1425626894038,37.500209,139.919478,5,0.692,-0.184,9.358,2.231
1425626894138,37.500212,139.919478,4,0.553,-0.175,9.296,2.25
1425626894239,37.500214,139.919479,4,0.535,-0.101,9.506,2.25
1425626894340,37.500216,139.919479,4,0.556,-0.025,9.597,2.25
1425626894436,37.500218,139.91948,4,0.671,0.025,9.482,2.25
1425626894541,37.50022,139.91948,4,0.734,-0.043,9.451,2.25
1425626894637,37.500223,139.919481,4,0.763,-0.117,9.633,2.25
1425626894736,37.500225,139.919481,4,0.808,-0.235,9.829,2.25
1425626894838,37.500227,139.919482,4,0.726,-0.269,9.84,2.25
1425626894937,37.500229,139.919482,4,0.541,-0.252,9.702,2.25
1425626895040,37.500231,139.919483,4,0.403,-0.131,9.62,2.25
1425626895139,37.500234,139.919483,5,0.385,-0.007,9.458,2.257
1425626895236,37.500236,139.919484,5,0.289,0.123,9.084,2.28
1425626895337,37.500238,139.919485,5,0.108,0.193,8.976,2.304
1425626895438,37.500241,139.919486,5,-0.043,0.174,9.269,2.329
1425626895538,37.500243,139.919487,5,-0.059,0.105,9.728,2.354
1425626895639,37.500245,139.919488,5,0.017,-0.007,9.969,2.379
1425626895740,37.500248,139.919489,5,0.153,-0.051,9.765,2.404
1425626895840,37.50025,139.91949,5,0.237,-0.084,9.595,2.43
1425626895936,37.500253,139.919491,5,0.293,-0.057,9.552,2.455
1425626896037,37.500255,139.919492,5,0.257,-0.018,9.487,2.481
1425626896138,37.500258,139.919493,5,0.111,0.102,9.231,2.507
1425626896238,37.50026,139.919495,5,0.041,0.146,9.191,2.531
1425626896339,37.500262,139.919496,5,-0.102,0.049,9.567,2.555
1425626896440,37.500264,139.919497,5,-0.166,-0.081,9.919,2.58
1425626896540,37.500267,139.919499,5,-0.163,-0.155,9.893,2.605
1425626896636,37.500269,139.9195,5,-0.18,-0.072,9.618,2.629
1425626896737,37.500271,139.919502,5,-0.196,-0.042,9.307,2.654
1425626896837,37.500273,139.919503,5,-0.198,-0.076,9.232,2.679
1425626896938,37.500276,139.919504,5,-0.155,-0.151,9.419,2.705
1425626897039,37.500278,139.919506,5,-0.077,-0.216,9.694,2.731
1425626897139,37.500281,139.919508,4,-0.035,-0.219,9.668,2.763
1425626897240,37.500283,139.919509,4,0.045,-0.025,9.654,2.81
1425626903333,37.500557,139.91967,3,0.032,0.325,9.717,6.885
1425626903338,37.500557,139.91967,3,0.033,0.327,9.721,6.883
1425626903439,37.500563,139.919673,3,-0.019,0.082,9.753,6.831
1425626903540,37.500568,139.919675,3,-0.05,-0.145,9.574,6.78
1425626903640,37.500574,139.919677,3,-0.034,-0.242,9.285,6.73
1425626903736,37.500579,139.91968,3,0.014,-0.299,9.381,6.683
1425626903837,37.500584,139.919682,3,0.064,-0.36,9.388,6.633
1425626903937,37.50059,139.919684,3,0.096,-0.494,9.404,6.584
1425626904038,37.500595,139.919686,3,0.097,-0.597,9.48,6.535
1425626904139,37.5006,139.919689,4,0.055,-0.74,9.582,6.485
1425626904239,37.500605,139.919691,4,0.022,-0.827,9.524,6.433
1425626904340,37.50061,139.919694,4,-0.023,-0.898,9.77,6.381
1425626904436,37.500614,139.919696,4,-0.021,-0.934,9.8,6.333
1425626904536,37.500619,139.919698,4,0.006,-0.904,9.497,6.282
1425626904637,37.500624,139.919701,4,-0.04,-0.861,9.407,6.232
1425626904738,37.500628,139.919703,4,-0.082,-0.86,9.449,6.181
1425626904839,37.500633,139.919706,4,-0.092,-0.855,9.391,6.132
1425626904939,37.500637,139.919708,4,-0.127,-0.852,9.468,6.083
1425626905040,37.500642,139.91971,4,-0.212,-0.862,9.509,6.034
1425626905136,37.500646,139.919713,4,-0.243,-0.891,9.486,5.972
1425626905236,37.500651,139.919715,4,-0.138,-0.882,9.39,5.864
1425626905337,37.500656,139.919717,4,-0.04,-0.917,9.594,5.757
1425626905438,37.500661,139.919719,4,-0.046,-0.951,9.689,5.652
1425626905539,37.500665,139.919721,4,-0.06,-1.132,9.534,5.549
1425626905639,37.50067,139.919722,4,-0.127,-1.361,9.331,5.448
1425626905740,37.500674,139.919724,4,-0.147,-1.58,9.481,5.349
1425626905836,37.500678,139.919726,4,-0.179,-1.67,9.545,5.256
1425626905936,37.500683,139.919728,4,-0.231,-1.721,9.45,5.161
1425626906037,37.500687,139.91973,4,-0.285,-1.809,9.646,5.067
1425626906138,37.500691,139.919731,5,-0.241,-1.806,9.676,4.951
1425626906239,37.500693,139.919733,5,-0.105,-1.745,9.339,4.777
1425626906339,37.500695,139.919735,5,-0.013,-1.782,9.33,4.61
1425626906440,37.500697,139.919737,5,-0.009,-1.886,9.432,4.446
1425626906536,37.500699,139.919738,5,-0.082,-1.995,9.46,4.296
1425626906636,37.500701,139.91974,5,-0.172,-2.149,9.587,4.145
1425626906737,37.500703,139.919741,5,-0.308,-2.271,9.688,3.998
1425626906838,37.500705,139.919742,5,-0.342,-2.263,9.324,3.856
1425626906938,37.500707,139.919744,5,-0.305,-2.299,9.278,3.72
1425626907039,37.500709,139.919745,5,-0.2,-2.34,9.459,3.589
1425626907140,37.500711,139.919746,5,-0.173,-2.385,9.574,3.417
1425626907241,37.500712,139.919745,5,-0.177,-2.323,9.461,3.147
1425626907336,37.500714,139.919744,5,-0.219,-2.219,9.513,2.908
1425626907437,37.500715,139.919744,5,-0.233,-2.021,9.694,2.67
1425626907538,37.500717,139.919743,5,-0.164,-1.769,9.628,2.448
1425626907638,37.500718,139.919742,5,-0.109,-1.601,9.427,2.245
1425626907739,37.500719,139.919742,5,-0.145,-1.529,9.37,2.055
1425626907840,37.500721,139.919741,5,-0.25,-1.496,9.479,1.882
1425626907940,37.500722,139.919741,5,-0.325,-1.467,9.488,1.727
1425626908036,37.500722,139.91974,5,-0.271,-1.433,9.509,1.593
1425626908137,37.500723,139.91974,4,-0.172,-1.385,9.519,1.443
1425626908237,37.500724,139.919739,4,-0.091,-1.364,9.441,1.242
1425626908338,37.500725,139.919739,4,-0.084,-1.338,9.454,1.058
1425626908439,37.500725,139.919739,4,-0.181,-1.246,9.604,0.892
1425626908540,37.500726,139.919738,4,-0.263,-1.042,9.713,0.744
1425626908640,37.500727,139.919738,4,-0.243,-0.697,9.696,0.615
1425626908736,37.500727,139.919738,4,-0.154,-0.355,9.581,0.508
1425626908842,37.500727,139.919737,4,-0.047,-0.086,9.373,0.41
1425626908937,37.500728,139.919737,4,0.035,0.246,9.422,0.339
1425626909037,37.500728,139.919737,4,-0.018,0.392,9.428,0.281
1425626909139,37.500728,139.919737,4,-0.123,0.181,9.322,0.236
1425626909238,37.500729,139.919736,4,-0.151,-0.054,9.429,0.19
1425626909340,37.500729,139.919736,4,-0.119,-0.123,9.725,0.148
1425626909436,37.50073,139.919735,4,-0.073,-0.156,9.788,0.114
1425626909537,37.50073,139.919735,4,-0.036,-0.083,9.603,0.082
1425626909637,37.50073,139.919735,4,-0.083,0.039,9.419,0.056
1425626909738,37.500731,139.919734,4,-0.142,0.1,9.435,0.035
1425626909839,37.500731,139.919734,4,-0.123,0.054,9.541,0.018
1425626909940,37.500731,139.919734,4,-0.072,-0.022,9.549,0.007
1425626910040,37.500731,139.919734,4,-0.057,-0.06,9.603,0.001
1425626921335,37.500834,139.919849,5,-0.083,-0.031,9.529,3.442
1425626921340,37.500834,139.919849,5,-0.075,-0.038,9.529,3.441
1425626921440,37.500835,139.919854,5,0.786,-0.129,9.666,3.415
1425626921536,37.500836,139.919858,5,1.359,-0.194,9.462,3.391
1425626921637,37.500837,139.919863,5,1.525,-0.303,9.428,3.366
1425626921737,37.500839,139.919867,5,1.335,-0.306,9.478,3.341
1425626921838,37.50084,139.919871,5,1.045,-0.235,9.405,3.316
1425626921939,37.500841,139.919876,5,0.813,-0.208,9.244,3.291
1425626922040,37.500842,139.91988,5,0.627,-0.258,9.493,3.267
1425626922140,37.500843,139.919884,5,0.469,-0.293,9.509,3.257
1425626922236,37.500842,139.919888,5,0.349,-0.335,9.437,3.28
1425626922337,37.500841,139.919892,5,0.371,-0.368,9.334,3.305
1425626922437,37.50084,139.919896,5,0.386,-0.402,9.427,3.33
1425626922538,37.500839,139.9199,5,0.439,-0.443,9.426,3.355
1425626922639,37.500838,139.919904,5,0.52,-0.58,9.799,3.38
1425626922739,37.500837,139.919908,5,0.657,-0.584,9.771,3.405
1425626922840,37.500836,139.919913,5,0.833,-0.534,9.624,3.431
1425626922941,37.500836,139.919917,5,0.968,-0.464,9.625,3.456
1425626923037,37.500835,139.919921,5,1.079,-0.419,9.685,3.481
1425626923136,37.500834,139.919925,5,1.158,-0.391,9.596,3.5
1425626923238,37.500832,139.919928,5,1.176,-0.367,9.601,3.5
1425626923337,37.500831,139.919932,5,1.119,-0.362,9.608,3.5
1425626923439,37.500829,139.919936,5,1.004,-0.297,9.569,3.5
1425626923538,37.500828,139.919939,5,0.849,-0.251,9.503,3.5
1425626923636,37.500826,139.919942,5,0.682,-0.238,9.434,3.5
1425626923736,37.500825,139.919946,5,0.494,-0.191,9.305,3.5
1425626923837,37.500823,139.919949,5,0.45,-0.255,9.587,3.5
1425626923939,37.500822,139.919953,5,0.368,-0.318,9.874,3.5
1425626924039,37.50082,139.919957,5,0.297,-0.249,9.582,3.5
1425626924139,37.500819,139.91996,3,0.205,-0.207,9.28,3.5
1425626924240,37.500817,139.919964,3,0.198,-0.172,9.292,3.5
1425626924336,37.500816,139.919967,3,0.217,-0.114,9.351,3.5
1425626924436,37.500815,139.919971,3,0.208,-0.117,9.547,3.5
1425626924537,37.500814,139.919974,3,0.203,-0.091,9.687,3.5
1425626924638,37.500813,139.919978,3,0.202,-0.075,9.649,3.5
1425626924739,37.500811,139.919982,3,0.229,-0.068,9.616,3.5
1425626924839,37.50081,139.919985,3,0.267,-0.072,9.47,3.5
1425626924940,37.500809,139.919989,3,0.333,-0.074,9.378,3.5
1425626925036,37.500808,139.919992,3,0.447,-0.044,9.236,3.5
1425626925136,37.500807,139.919996,3,0.644,0.068,9.219,3.493
1425626925237,37.500805,139.919999,3,0.788,0.05,9.701,3.467
1425626925338,37.500804,139.920003,3,0.755,-0.016,10.138,3.441
1425626925438,37.500802,139.920006,3,0.518,-0.028,9.899,3.416
1425626925539,37.500801,139.92001,3,0.265,0.037,9.229,3.39
1425626925640,37.500799,139.920013,3,0.221,0.003,9.2,3.365
1425626925736,37.500798,139.920017,3,0.319,-0.03,9.384,3.341
1425626925836,37.500797,139.92002,3,0.417,-0.107,9.567,3.317
1425626925937,37.500795,139.920023,3,0.433,-0.18,9.799,3.292
1425626926038,37.500794,139.920027,3,0.352,-0.152,9.596,3.267
1425626926138,37.500793,139.92003,4,0.294,-0.087,9.287,3.25
1425626926239,37.500791,139.920033,4,0.25,-0.015,9.289,3.25
1425626926340,37.50079,139.920036,4,0.244,-0.025,9.699,3.25
1425626926441,37.500789,139.92004,4,0.314,-0.003,9.797,3.25
1425626926536,37.500788,139.920043,4,0.367,0.054,9.364,3.25
1425626926637,37.500787,139.920046,4,0.432,0.066,9.17,3.25
1425626926738,37.500785,139.920049,4,0.463,-0.018,9.446,3.25
1425626926838,37.500784,139.920052,4,0.481,-0.155,9.58,3.25
1425626926939,37.500783,139.920056,4,0.453,-0.346,9.238,3.25
1425626927040,37.500782,139.920059,4,0.419,-0.59,9.269,3.25
1425626927140,37.500781,139.920062,4,0.479,-0.724,9.759,3.25
1425626927236,37.50078,139.920065,4,0.577,-0.694,9.999,3.25
1425626927337,37.500779,139.920068,4,0.605,-0.532,9.85,3.25
1425626927438,37.500777,139.920072,4,0.597,-0.379,9.518,3.25
1425626927538,37.500776,139.920075,4,0.502,-0.267,9.323,3.25
1425626927639,37.500775,139.920078,4,0.443,-0.203,9.18,3.25
1425626927740,37.500774,139.920082,4,0.477,-0.175,9.28,3.25
1425626927840,37.500773,139.920085,4,0.533,-0.186,9.589,3.25
1425626927936,37.500772,139.920088,4,0.61,-0.218,9.895,3.25
1425626928037,37.500771,139.920092,4,0.571,-0.151,9.834,3.25
1425626928137,37.50077,139.920095,3,0.454,0.009,9.329,3.235
1425626928238,37.500769,139.920098,3,0.385,0.093,9.123,3.181
1425626928339,37.500768,139.920101,3,0.396,0.053,9.461,3.128
1425626928440,37.500767,139.920104,3,0.362,-0.069,9.896,3.076
1425626928540,37.500766,139.920107,3,0.272,-0.068,9.748,3.025
1425626928636,37.500766,139.920109,3,0.175,0.006,9.479,2.977
1425626928737,37.500765,139.920112,3,0.198,0.101,9.472,2.927
1425626928837,37.500764,139.920115,3,0.284,0.202,9.452,2.878
1425626928938,37.500763,139.920118,3,0.342,0.276,9.399,2.83
1425626929039,37.500763,139.92012,3,0.31,0.226,9.55,2.783
1425626929140,37.500762,139.920123,4,0.192,0.216,9.506,2.75
1425626929240,37.500761,139.920126,4,0.173,0.246,9.226,2.75
1425626929336,37.50076,139.920129,4,0.404,0.307,9.314,2.75
1425626929437,37.500759,139.920132,4,0.731,0.363,9.612,2.75
1425626929537,37.500759,139.920135,4,0.934,0.359,9.924,2.75
1425626929639,37.500758,139.920138,4,0.854,0.292,10.101,2.75
1425626929739,37.500757,139.920141,4,0.722,0.36,9.668,2.75
1425626929839,37.500756,139.920144,4,0.684,0.524,9.143,2.75
1425626929940,37.500755,139.920147,4,0.639,0.553,9.153,2.75
1425626930036,37.500755,139.92015,4,0.548,0.505,9.496,2.75
1425626930137,37.500754,139.920153,4,0.389,0.454,9.477,2.756
1425626930237,37.500753,139.920156,4,0.314,0.437,9.313,2.781
1425626936335,37.50066,139.920476,4,0.391,0.419,9.555,5.5
1425626942332,37.500552,139.920864,5,0.395,0.418,9.565,6.444
1425626942337,37.500552,139.920865,5,0.395,0.414,9.573,6.442
1425626942438,37.50055,139.920872,5,0.282,0.203,9.644,6.417
1425626942539,37.500548,139.920879,5,0.234,0.079,9.573,6.392
1425626942639,37.500546,139.920886,5,0.248,-0.019,9.689,6.367
1425626942740,37.500545,139.920894,5,0.195,0.073,9.645,6.341
1425626942836,37.500543,139.920901,5,0.11,0.247,9.586,6.318
1425626942936,37.500541,139.920908,5,0.081,0.257,9.224,6.293
1425626943037,37.500539,139.920915,5,0.13,0.277,9.295,6.268
1425626943138,37.500537,139.920921,6,0.078,0.244,9.52,6.243
1425626943239,37.500534,139.920926,6,0.12,0.238,9.84,6.217
1425626948334,37.500422,139.92127,5,0.24,0.329,9.506,6.443
1425626948339,37.500422,139.92127,5,0.24,0.336,9.472,6.442
1425626948440,37.50042,139.921276,5,-0.226,0.278,9.107,6.416
1425626948536,37.500419,139.921282,5,-0.668,0.265,8.84,6.392
1425626948636,37.500418,139.921288,5,-0.951,0.214,9.003,6.367
1425626948737,37.500416,139.921295,5,-1.043,0.062,9.741,6.342
1425626948838,37.500415,139.921301,5,-1.161,-0.087,10.253,6.317
1425626948939,37.500413,139.921307,5,-1.145,-0.136,10.051,6.292
1425626949039,37.500412,139.921313,5,-0.91,0.022,9.34,6.267
1425626949140,37.500411,139.921319,5,-0.65,0.15,9.096,6.234
1425626949236,37.50041,139.921324,5,-0.71,0.167,9.212,6.185
1425626949336,37.500409,139.92133,5,-0.701,0.162,9.096,6.133
1425626949437,37.500408,139.921335,5,-0.505,0.092,9.542,6.082
1425626949538,37.500407,139.921341,5,-0.258,-0.039,9.81,6.031
1425626949639,37.500406,139.921346,5,0.142,0.002,9.387,5.98
1425626949739,37.500405,139.921351,5,0.569,0.058,9.334,5.931
1425626949840,37.500404,139.921357,5,1.019,0.078,9.752,5.881
1425626949936,37.500403,139.921362,5,1.131,0.074,9.779,5.834
1425626950036,37.500402,139.921367,5,1.034,0.023,9.468,5.786
1425626950137,37.500401,139.921373,6,1.054,0.067,8.923,5.769
1425626950238,37.500399,139.921381,6,1.032,-0.022,9.327,5.841
1425626950338,37.500398,139.92139,6,1.088,-0.163,10.345,5.913
1425626950439,37.500397,139.921398,6,1.205,-0.273,10.681,5.987
1425626950540,37.500395,139.921407,6,1.278,-0.173,9.815,6.061
1425626950636,37.500394,139.921415,6,1.296,-0.003,8.909,6.133
1425626950736,37.500392,139.921424,6,1.404,0.044,8.773,6.209
1425626950837,37.500391,139.921432,6,1.626,0.024,9.123,6.286
1425626950938,37.50039,139.921441,6,1.775,-0.072,9.363,6.364
1425626951038,37.500388,139.92145,6,1.89,-0.156,9.393,6.443
1425626951139,37.500386,139.921459,6,1.833,-0.265,9.629,6.493
1425626951240,37.500384,139.921466,6,1.564,-0.312,9.912,6.467
1425626951341,37.500381,139.921472,6,1.224,-0.215,9.859,6.441
1425626951436,37.500379,139.921479,6,0.962,-0.027,9.554,6.417
1425626951542,37.500377,139.921486,6,0.74,0.144,9.308,6.391
1425626951638,37.500374,139.921492,6,0.604,0.189,9.29,6.367
1425626951737,37.500372,139.921499,6,0.548,0.239,9.253,6.342
1425626951839,37.500369,139.921505,6,0.454,0.36,8.929,6.317
1425626951938,37.500367,139.921512,6,0.227,0.29,9.442,6.292
1425626952040,37.500365,139.921518,6,0.246,0.23,9.708,6.267
1425626952136,37.500362,139.921525,6,0.175,0.276,9.678,6.263
1425626952237,37.50036,139.921532,6,0.13,0.381,9.675,6.311
1425626952338,37.500358,139.92154,6,0.165,0.368,9.776,6.361
1425626952438,37.500356,139.921547,6,0.178,0.436,9.738,6.41
1425626952539,37.500354,139.921554,6,0.38,0.412,9.802,6.46
1425626952640,37.500352,139.921562,6,0.421,0.418,9.641,6.51
1425626952740,37.50035,139.92157,6,0.323,0.479,9.596,6.561
1425626952836,37.500348,139.921577,6,0.275,0.467,9.754,6.609
1425626952937,37.500346,139.921585,6,-0.082,0.462,9.922,6.661
1425626953038,37.500344,139.921592,6,-0.415,0.537,9.122,6.713
1425626953138,37.500341,139.9216,6,-0.43,0.76,7.817,6.764
1425626953239,37.500337,139.921607,6,-0.552,0.708,8.121,6.812
1425626953340,37.500334,139.921614,6,-0.439,0.377,10.465,6.862
1425626953440,37.50033,139.921622,6,-0.404,0.133,11.726,6.911
1425626953536,37.500327,139.921628,6,-0.431,0.172,10.676,6.959
1425626953637,37.500323,139.921636,6,-0.458,0.374,9.157,7.009
1425626953737,37.500319,139.921643,6,-0.468,0.487,9.099,7.059
1425626953838,37.500315,139.921651,6,-0.627,0.659,9.22,7.11
1425626953939,37.500312,139.921658,6,-0.67,0.921,8.185,7.162
1425626954040,37.500308,139.921666,6,-0.527,1.097,7.352,7.214
1425626954140,37.500304,139.921673,5,-0.52,0.613,8.369,7.257
1425626954236,37.500301,139.921681,5,-0.596,0.238,10.742,7.281
1425626964332,37.500061,139.922584,6,-0.554,-0.142,12.258,8.5
1425626964337,37.500061,139.922585,6,-0.559,-0.145,12.247,8.5
1425626964438,37.500058,139.922594,6,-0.328,-0.166,11.178,8.5
1425626964538,37.500055,139.922604,6,-0.146,-0.207,10.492,8.5
1425626964639,37.500052,139.922614,6,-0.097,-0.245,9.959,8.5
1425626964740,37.500048,139.922623,6,-0.094,-0.265,9.741,8.5
1425626964840,37.500045,139.922633,6,-0.122,-0.265,9.617,8.5
1425626964936,37.500042,139.922642,6,-0.123,-0.283,9.594,8.5
1425626965037,37.500039,139.922652,6,-0.137,-0.305,9.573,8.5
1425626965138,37.500036,139.922662,6,-0.176,-0.375,9.64,8.5
1425626965238,37.500034,139.922671,6,-0.135,-0.318,9.55,8.5
1425626965339,37.500032,139.922681,6,-0.042,-0.319,9.623,8.5
1425626965440,37.500029,139.92269,6,0.026,-0.268,9.365,8.5
1425626965540,37.500027,139.9227,6,0.151,-0.242,9.224,8.5
1425626965641,37.500025,139.922709,6,0.215,-0.253,9.41,8.5
1425626965737,37.500023,139.922719,6,0.207,-0.35,9.819,8.5
1425626965836,37.50002,139.922728,6,0.084,-0.429,10.084,8.5
1425626965938,37.500018,139.922738,6,0.069,-0.41,9.846,8.5
1425626966037,37.500016,139.922747,6,-0.018,-0.302,9.302,8.5
1425626966140,37.500013,139.922756,6,-0.031,-0.247,9.058,8.476
1425626966239,37.50001,139.922764,6,-0.0,-0.163,9.399,8.399
1425626966336,37.500007,139.922772,6,0.083,-0.152,9.595,8.324
1425626966437,37.500004,139.922779,6,0.041,-0.276,9.433,8.247
1425626966537,37.500001,139.922787,6,0.051,-0.267,9.344,8.171
1425626966638,37.499998,139.922794,6,0.072,-0.372,9.703,8.095
1425626966739,37.499995,139.922802,6,0.296,-0.293,9.681,8.02
1425626966839,37.499992,139.922809,6,0.391,-0.35,9.582,7.946
1425626966940,37.499989,139.922817,6,0.399,-0.331,9.541,7.873
1425626967036,37.499986,139.922824,6,0.294,-0.357,9.708,7.803
1425626967137,37.499984,139.922831,6,0.294,-0.327,9.609,7.736
1425626967237,37.499982,139.922838,6,0.207,-0.297,9.426,7.685
1425626967338,37.49998,139.922846,6,0.178,-0.314,9.446,7.633
1425626967439,37.499978,139.922853,6,0.214,-0.342,9.722,7.582
1425626967539,37.499977,139.92286,6,0.191,-0.333,9.671,7.531
1425626967640,37.499975,139.922867,6,0.109,-0.278,9.403,7.481
1425626967736,37.499973,139.922874,6,0.148,-0.25,9.421,7.433
1425626967837,37.499972,139.922881,6,0.211,-0.298,9.54,7.383
1425626967937,37.49997,139.922888,6,0.193,-0.339,9.73,7.334
1425626968038,37.499968,139.922895,6,0.184,-0.323,9.529,7.285
1425626968139,37.499966,139.922902,5,0.099,-0.197,9.0,7.243
1425626968239,37.499964,139.922908,5,0.008,-0.221,9.221,7.217
1425626968340,37.499962,139.922914,5,-0.008,-0.283,9.684,7.192
1425626968436,37.49996,139.922919,5,0.01,-0.32,9.729,7.168
1425626968536,37.499958,139.922925,5,0.048,-0.292,9.504,7.142
1425626968637,37.499956,139.922931,5,0.033,-0.296,9.589,7.117
1425626968738,37.499954,139.922937,5,-0.115,-0.306,9.821,7.092
1425626968839,37.499952,139.922942,5,-0.175,-0.288,9.701,7.067
1425626968939,37.49995,139.922948,5,-0.219,-0.187,9.067,7.042
1425626969040,37.499947,139.922954,5,-0.196,-0.199,9.067,7.017
1425626969136,37.499945,139.92296,5,-0.112,-0.291,9.524,6.987
1425626969236,37.499943,139.922966,5,0.047,-0.373,10.032,6.935
1425626969337,37.499941,139.922972,5,0.039,-0.35,9.632,6.883
1425626969438,37.499939,139.922978,5,0.034,-0.315,9.238,6.832
1425626969538,37.499936,139.922983,5,-0.011,-0.31,9.44,6.781
1425626969639,37.499934,139.922989,5,-0.053,-0.324,9.557,6.731
1425626969740,37.499932,139.922995,5,-0.068,-0.36,9.512,6.681
1425626969836,37.49993,139.923001,5,-0.054,-0.379,9.676,6.633
1425626969936,37.499928,139.923006,5,-0.057,-0.418,9.691,6.584
1425626970037,37.499926,139.923012,5,-0.005,-0.394,9.582,6.535
1425626970138,37.499923,139.923018,4,0.024,-0.364,9.364,6.493
1425626970238,37.499922,139.923025,4,0.023,-0.424,9.306,6.467
1425626970339,37.49992,139.923032,4,0.054,-0.54,9.598,6.442
1425626970440,37.499918,139.923039,4,0.03,-0.557,9.62,6.416
1425626970541,37.499916,139.923046,4,0.047,-0.576,9.442,6.391
1425626970636,37.499914,139.923052,4,0.066,-0.643,9.567,6.367
1425626970737,37.499913,139.923059,4,0.135,-0.734,9.742,6.342
1425626970838,37.499911,139.923066,4,0.128,-0.724,9.757,6.317
1425626970938,37.499909,139.923072,4,0.122,-0.645,9.486,6.292
1425626971039,37.499907,139.923079,4,0.084,-0.624,9.291,6.267
1425626971140,37.499905,139.923086,4,0.018,-0.659,9.395,6.226
1425626971240,37.499904,139.923092,4,0.048,-0.677,9.595,6.147
1425626971336,37.499902,139.923098,4,0.048,-0.733,9.729,6.072
1425626971437,37.4999,139.923104,4,0.101,-0.775,9.747,5.994
1425626971538,37.499898,139.923111,4,0.157,-0.755,9.704,5.917
1425626971638,37.499897,139.923117,4,0.218,-0.629,9.193,5.842
1425626971739,37.499895,139.923123,4,0.172,-0.623,9.125,5.767
1425626971840,37.499893,139.923129,4,0.112,-0.635,9.332,5.693
1425626971940,37.499892,139.923134,4,0.101,-0.658,9.502,5.621
1425626972036,37.49989,139.92314,4,0.116,-0.676,9.595,5.552
1425626972137,37.499889,139.923145,5,0.113,-0.654,9.675,5.478
1425626972237,37.499887,139.92315,5,0.074,-0.667,9.583,5.399
1425626972338,37.499885,139.923156,5,0.043,-0.711,9.65,5.319
1425626972439,37.499883,139.923161,5,0.055,-0.771,10.044,5.241
1425626972540,37.499882,139.923166,5,0.161,-0.782,10.179,5.164
1425626972640,37.49988,139.92317,5,0.256,-0.666,9.798,5.089
1425626972736,37.499879,139.923175,5,0.158,-0.519,9.263,5.018
1425626972837,37.499877,139.92318,5,0.065,-0.432,9.038,4.944
1425626972937,37.499876,139.923184,5,-0.019,-0.389,9.177,4.872
1425626973038,37.499874,139.923189,5,-0.145,-0.364,9.098,4.8
1425626973139,37.499873,139.923193,5,-0.359,-0.363,8.93,4.726
1425626973240,37.499871,139.923198,5,-0.19,-0.453,9.424,4.645
1425626973340,37.499869,139.923202,5,0.08,-0.497,9.676,4.566
1425626973436,37.499868,139.923206,5,0.191,-0.602,9.777,4.491
1425626973537,37.499866,139.923211,5,0.311,-0.629,9.657,4.414
1425626973637,37.499865,139.923215,5,0.376,-0.641,9.684,4.339
1425626973738,37.499863,139.923219,5,0.344,-0.605,9.725,4.264
1425626973839,37.499862,139.923223,5,0.172,-0.627,9.618,4.191
1425626973939,37.49986,139.923227,5,0.015,-0.56,9.323,4.119
1425626974040,37.499859,139.923231,5,-0.105,-0.523,9.313,4.048
1425626974136,37.499858,139.923235,5,-0.165,-0.543,9.645,3.993
1425626974237,37.499857,139.923239,5,-0.216,-0.573,9.697,3.967
1425626974337,37.499856,139.923243,5,-0.183,-0.52,9.302,3.942
1425626974438,37.499855,139.923247,5,-0.065,-0.49,9.11,3.916
1425626974539,37.499854,139.923251,5,0.116,-0.534,9.359,3.891
1425626974639,37.499853,139.923255,5,0.299,-0.604,9.797,3.866
1425626974740,37.499852,139.92326,5,0.354,-0.656,9.928,3.841
1425626974836,37.499851,139.923263,5,0.349,-0.655,9.726,3.817
1425626974936,37.49985,139.923267,5,0.294,-0.652,9.551,3.792
1425626975037,37.499849,139.923271,5,0.19,-0.66,9.464,3.768
1425626975138,37.499848,139.923275,4,0.037,-0.684,9.434,3.718
1425626975239,37.499846,139.923278,4,-0.065,-0.666,9.415,3.604
1425626975339,37.499845,139.923281,4,-0.071,-0.699,9.335,3.494
1425626975440,37.499843,139.923284,4,0.02,-0.78,9.49,3.386
1425626975536,37.499842,139.923287,4,0.161,-0.837,9.66,3.286
1425626975636,37.499841,139.923289,4,0.325,-0.855,9.686,3.186
1425626975737,37.499839,139.923292,4,0.4,-0.838,9.595,3.087
1425626975838,37.499838,139.923294,4,0.308,-0.812,9.488,2.992
1425626975938,37.499837,139.923297,4,0.132,-0.827,9.506,2.9
1425626976039,37.499836,139.923299,4,0.007,-0.845,9.545,2.811
1425626976140,37.499835,139.923302,6,-0.069,-0.859,9.527,2.724
1425626976236,37.499835,139.923306,6,-0.079,-0.82,9.503,2.642
1425626976336,37.499834,139.92331,6,-0.008,-0.761,9.582,2.56
1425626976437,37.499834,139.923314,6,0.083,-0.629,9.672,2.479
1425626976538,37.499834,139.923317,6,0.127,-0.491,9.612,2.4
1425626976638,37.499833,139.923321,6,0.142,-0.376,9.518,2.324
1425626976739,37.499833,139.923324,6,0.092,-0.295,9.39,2.251
1425626976840,37.499833,139.923328,6,-0.033,-0.184,9.127,2.179
1425626976941,37.499832,139.923331,6,-0.147,-0.211,9.222,2.11
1425626977036,37.499832,139.923334,6,-0.106,-0.278,9.662,2.047
1425626977137,37.499832,139.923336,6,0.027,-0.319,9.86,1.985
1425626977238,37.499832,139.923338,6,0.186,-0.3,9.729,1.928
1425626977338,37.499833,139.923339,6,0.316,-0.242,9.478,1.873
1425626977439,37.499833,139.92334,6,0.33,-0.241,9.358,1.82
1425626977540,37.499833,139.923342,6,0.242,-0.234,9.456,1.767
1425626977640,37.499834,139.923343,6,0.135,-0.255,9.607,1.717
1425626977736,37.499834,139.923344,6,0.059,-0.308,9.598,1.67
1425626977837,37.499834,139.923345,6,0.026,-0.326,9.479,1.622
1425626977938,37.499835,139.923346,6,0.059,-0.332,9.427,1.576
1425626978038,37.499835,139.923347,6,0.115,-0.402,9.451,1.531
1425626978139,37.499835,139.923349,6,0.156,-0.472,9.565,1.492
1425626978240,37.499836,139.923351,6,0.201,-0.498,9.646,1.465
1425626978340,37.499836,139.923353,6,0.193,-0.516,9.534,1.438
1425626978436,37.499836,139.923356,6,0.136,-0.574,9.449,1.414
1425626978537,37.499837,139.923358,6,0.094,-0.606,9.511,1.388
1425626978637,37.499837,139.92336,6,0.083,-0.631,9.606,1.363
1425626978738,37.499838,139.923362,6,0.062,-0.672,9.558,1.338
1425626978839,37.499838,139.923364,6,0.066,-0.681,9.494,1.313
1425626978940,37.499838,139.923367,6,0.12,-0.671,9.485,1.289
1425626979040,37.499839,139.923369,6,0.17,-0.673,9.512,1.266
1425626979136,37.499839,139.92337,6,0.171,-0.678,9.554,1.222
1425626979237,37.499838,139.923371,6,0.127,-0.642,9.545,1.119
1425626979337,37.499837,139.923371,6,0.07,-0.594,9.477,1.023
1425626979438,37.499836,139.923371,6,0.017,-0.577,9.456,0.933
1425626979539,37.499836,139.923372,6,0.006,-0.579,9.523,0.85
1425626979639,37.499835,139.923372,6,0.084,-0.541,9.56,0.773
1425626979740,37.499835,139.923372,6,0.171,-0.519,9.513,0.703
1425626979836,37.499834,139.923372,6,0.191,-0.47,9.503,0.642
1425626979942,37.499834,139.923373,6,0.157,-0.423,9.515,0.581
1425626980037,37.499833,139.923373,6,0.114,-0.388,9.524,0.533
1425626980136,37.499833,139.923374,5,0.061,-0.39,9.529,0.474
1425626980239,37.499833,139.923375,5,0.057,-0.368,9.512,0.379
1425626980338,37.499833,139.923377,5,0.123,-0.334,9.512,0.298
1425626980440,37.499834,139.923379,5,0.166,-0.342,9.5,0.224
1425626980536,37.499834,139.92338,5,0.18,-0.343,9.539,0.165
1425626980637,37.499834,139.923381,5,0.169,-0.291,9.578,0.112
1425626980737,37.499834,139.923382,5,0.137,-0.186,9.611,0.07
1425626980838,37.499834,139.923382,5,0.119,0.007,9.617,0.037
1425626980939,37.499834,139.923383,5,0.141,0.114,9.48,0.015
1425626981039,37.499834,139.923383,5,0.159,0.135,9.336,0.003
1425626987238,37.499845,139.923424,4,0.167,0.164,9.555,0.004
1425627000335,37.499699,139.923973,5,0.176,0.324,9.561,6.134
1425627000340,37.499699,139.923974,5,0.171,0.334,9.557,6.131
1425627000436,37.499697,139.923979,5,0.137,0.212,9.194,6.082
1425627000537,37.499695,139.923985,5,0.102,0.062,9.29,6.031
1425627000637,37.499692,139.923991,5,0.099,-0.021,9.403,5.981
1425627000738,37.49969,139.923996,5,0.148,-0.108,9.502,5.931
1425627000839,37.499687,139.924002,5,0.178,-0.173,9.886,5.881
1425627000939,37.499685,139.924008,5,0.302,-0.124,9.495,5.833
1425627001040,37.499683,139.924013,5,0.358,-0.11,9.493,5.784
1425627001136,37.499681,139.924019,5,0.266,-0.019,9.535,5.75
1425627001236,37.499679,139.924025,5,0.152,0.013,9.772,5.75
1425627006332,37.499595,139.924367,5,0.095,0.032,9.501,6.886
1425627006337,37.499595,139.924368,5,0.091,0.025,9.496,6.883
1425627006438,37.499594,139.924373,5,0.1,-0.073,9.266,6.832
1425627006539,37.499592,139.924378,5,0.009,-0.124,8.855,6.781
1425627006639,37.49959,139.924383,5,-0.017,-0.157,9.035,6.731
1425627006740,37.499589,139.924388,5,0.008,-0.325,9.604,6.681
1425627006836,37.499587,139.924393,5,0.089,-0.471,9.88,6.633
1425627006936,37.499586,139.924398,5,0.176,-0.497,9.626,6.584
1425627007037,37.499584,139.924402,5,0.204,-0.496,9.21,6.535
1425627007138,37.499583,139.924408,6,0.382,-0.422,8.907,6.478
1425627007239,37.499582,139.924416,6,0.326,-0.544,9.197,6.398
1425627007339,37.499581,139.924424,6,0.323,-0.82,10.163,6.32
1425627007440,37.49958,139.924431,6,0.189,-0.922,10.107,6.242
1425627007536,37.499579,139.924439,6,0.058,-0.896,9.649,6.169
1425627007636,37.499578,139.924446,6,0.032,-0.789,9.296,6.094
1425627007737,37.499577,139.924453,6,0.033,-0.733,9.219,6.019
1425627007838,37.499576,139.924461,6,0.003,-0.752,9.487,5.945
1425627007938,37.499575,139.924468,6,-0.025,-0.758,9.652,5.872
1425627008039,37.499575,139.924475,6,-0.016,-0.685,9.346,5.8
1425627008140,37.499574,139.924482,6,0.043,-0.682,9.34,5.726
1425627008236,37.499572,139.924487,6,0.103,-0.715,9.639,5.65
1425627008341,37.49957,139.924493,6,0.159,-0.742,9.708,5.567
1425627008437,37.499569,139.924499,6,0.186,-0.739,9.588,5.493
1425627008536,37.499567,139.924504,6,0.126,-0.667,9.56,5.418
1425627008638,37.499566,139.92451,6,0.012,-0.613,9.421,5.341
1425627008737,37.499564,139.924515,6,-0.101,-0.554,9.333,5.268
1425627008840,37.499563,139.924521,6,-0.091,-0.519,9.504,5.192
1425627008939,37.499561,139.924526,6,0.026,-0.507,9.656,5.121
1425627009036,37.49956,139.924531,6,0.074,-0.45,9.534,5.052
1425627009137,37.499559,139.924536,4,0.137,-0.4,9.518,4.978
1425627009238,37.499557,139.924541,4,0.183,-0.373,9.644,4.897
1425627009338,37.499555,139.924546,4,0.201,-0.357,9.587,4.818
1425627009440,37.499554,139.924551,4,0.202,-0.314,9.369,4.739
1425627009540,37.499552,139.924556,4,0.091,-0.313,9.513,4.663
1425627009640,37.499551,139.92456,4,0.002,-0.311,9.607,4.587
1425627009736,37.499549,139.924565,4,-0.033,-0.295,9.453,4.516
1425627009837,37.499548,139.924569,4,-0.031,-0.283,9.289,4.443
1425627009938,37.499546,139.924574,4,0.04,-0.31,9.543,4.37
1425627010038,37.499545,139.924578,4,0.183,-0.333,9.738,4.3
1425627010139,37.499544,139.924582,5,0.176,-0.324,9.622,4.243
1425627010240,37.499542,139.924586,5,0.107,-0.275,9.432,4.217
1425627010340,37.49954,139.924589,5,0.053,-0.309,9.574,4.191
1425627010436,37.499539,139.924592,5,0.081,-0.31,9.647,4.167
1425627010537,37.499537,139.924596,5,0.138,-0.281,9.474,4.141
1425627010637,37.499536,139.924599,5,0.124,-0.284,9.431,4.116
1425627010738,37.499534,139.924603,5,-0.002,-0.336,9.721,4.091
1425627010839,37.499533,139.924606,5,-0.03,-0.305,9.649,4.066
1425627010940,37.499531,139.924609,5,0.063,-0.167,9.348,4.041
1425627011040,37.49953,139.924613,5,0.197,-0.11,9.579,4.017
1425627011136,37.499529,139.924616,5,0.255,-0.02,10.023,3.993
1425627011237,37.499528,139.92462,5,0.335,0.075,9.717,3.967
1425627011337,37.499527,139.924624,5,0.362,0.185,9.202,3.942
1425627011438,37.499526,139.924628,5,0.254,0.265,9.125,3.916
1425627011539,37.499525,139.924632,5,0.189,0.346,9.46,3.891
1425627011639,37.499525,139.924635,5,0.102,0.346,9.621,3.866
1425627011740,37.499524,139.924639,5,0.025,0.281,9.558,3.841
1425627011836,37.499523,139.924643,5,-0.025,0.272,9.368,3.817
1425627011937,37.499522,139.924647,5,0.057,0.304,9.274,3.792
1425627012037,37.499522,139.92465,5,0.228,0.28,9.579,3.768
1425627012138,37.499521,139.924654,4,0.352,0.281,9.518,3.757
1425627012239,37.49952,139.924659,4,0.385,0.23,9.379,3.781
1425627012340,37.499519,139.924664,4,0.311,0.134,9.649,3.806
1425627012441,37.499518,139.92467,4,0.222,0.133,9.82,3.831
1425627012536,37.499517,139.924674,4,0.162,0.155,9.638,3.855
1425627012636,37.499516,139.924679,4,0.148,0.179,9.409,3.879
1425627012737,37.499515,139.924685,4,0.155,0.194,9.36,3.905
1425627012838,37.499515,139.92469,4,0.171,0.18,9.473,3.93
1425627012939,37.499514,139.924695,4,0.16,0.05,9.746,3.956
1425627013039,37.499513,139.9247,4,0.219,0.048,9.855,3.982
1425627013140,37.499512,139.924705,5,0.271,0.134,9.532,4.0
1425627013236,37.499511,139.92471,5,0.269,0.202,9.287,4.0
1425627013336,37.49951,139.924715,5,0.188,0.235,9.166,4.0
1425627013437,37.49951,139.92472,5,0.173,0.171,9.529,4.0
1425627013538,37.499509,139.924725,5,0.147,0.042,9.941,4.0
1425627013639,37.499508,139.924729,5,0.121,-0.017,9.78,4.0
1425627013739,37.499508,139.924734,5,0.179,0.016,9.376,4.0
1425627013840,37.499507,139.924739,5,0.157,-0.019,9.349,4.0
1425627013936,37.499506,139.924744,5,0.115,-0.052,9.472,4.0
1425627014036,37.499506,139.924748,5,0.085,-0.088,9.459,4.0
1425627014137,37.499505,139.924753,5,0.098,-0.108,9.552,3.993
1425627014238,37.499503,139.924757,5,0.147,-0.079,9.732,3.967
1425627014338,37.499501,139.924761,5,0.148,-0.052,9.582,3.942
1425627014439,37.4995,139.924765,5,0.158,-0.033,9.407,3.916
1425627014540,37.499498,139.924769,5,0.195,-0.039,9.298,3.891
1425627014641,37.499497,139.924773,5,0.238,-0.102,9.557,3.865
1425627014736,37.499496,139.924777,5,0.259,-0.152,9.857,3.842
1425627014837,37.499494,139.924781,5,0.231,-0.109,9.773,3.817
1425627014938,37.499493,139.924784,5,0.188,-0.07,9.428,3.792
1425627015038,37.499491,139.924788,5,0.131,-0.036,9.236,3.767
1425627015139,37.49949,139.924792,5,0.08,-0.03,9.262,3.743
1425627015240,37.499489,139.924796,5,0.093,-0.108,9.582,3.717
1425627015340,37.499488,139.9248,5,0.144,-0.16,9.833,3.691
1425627015436,37.499487,139.924803,5,0.199,-0.123,9.68,3.667
1425627015537,37.499486,139.924807,5,0.318,-0.12,9.429,3.641
1425627015638,37.499485,139.92481,5,0.38,-0.192,9.473,3.616
1425627015738,37.499484,139.924814,5,0.329,-0.334,9.438,3.591
1425627015839,37.499483,139.924817,5,0.246,-0.514,9.333,3.566
1425627015940,37.499482,139.924821,5,0.197,-0.676,9.482,3.541
1425627016040,37.499481,139.924825,5,0.156,-0.776,9.831,3.517
1425627016136,37.49948,139.924828,5,0.144,-0.773,9.886,3.47
1425627016237,37.499478,139.92483,5,0.217,-0.571,9.53,3.355
1425627016338,37.499477,139.924832,5,0.224,-0.373,9.326,3.243
1425627016438,37.499476,139.924834,5,0.225,-0.245,9.212,3.135
1425627016539,37.499475,139.924835,5,0.226,-0.255,9.374,3.03
1425627016640,37.499474,139.924837,5,0.237,-0.328,9.793,2.928
1425627016740,37.499473,139.924839,5,0.192,-0.327,9.84,2.831
1425627016836,37.499472,139.924841,5,0.152,-0.265,9.527,2.741
1425627016937,37.499471,139.924842,5,0.113,-0.197,9.23,2.649
1425627017037,37.49947,139.924844,5,0.083,-0.175,9.278,2.562
1425627017138,37.499469,139.924846,5,0.058,-0.239,9.568,2.493
1425627017239,37.499467,139.924847,5,0.04,-0.387,9.696,2.466
1425627017340,37.499466,139.924849,5,-0.012,-0.504,9.684,2.44
1425627017440,37.499465,139.924851,5,-0.053,-0.575,9.485,2.415
1425627017536,37.499464,139.924852,5,-0.101,-0.582,9.274,2.39
1425627017637,37.499463,139.924854,5,-0.118,-0.631,9.378,2.365
1425627017737,37.499461,139.924856,5,-0.15,-0.729,9.776,2.34
1425627017838,37.49946,139.924858,5,-0.174,-0.772,9.883,2.315
1425627017939,37.499459,139.924859,5,-0.164,-0.692,9.594,2.291
1425627018039,37.499458,139.924861,5,-0.156,-0.603,9.273,2.267
1425627018136,37.499457,139.924862,5,-0.131,-0.598,9.226,2.235
1425627018236,37.499457,139.924864,5,-0.076,-0.637,9.382,2.18
1425627018337,37.499456,139.924866,5,0.001,-0.692,9.623,2.126
1425627018437,37.499456,139.924868,5,-0.008,-0.704,9.769,2.073
1425627018538,37.499456,139.92487,5,-0.018,-0.686,9.554,2.021
1425627018639,37.499455,139.924872,5,-0.068,-0.702,9.384,1.97
1425627018739,37.499455,139.924873,5,-0.061,-0.726,9.437,1.921
1425627018840,37.499455,139.924875,5,0.044,-0.74,9.521,1.873
1425627018936,37.499454,139.924876,5,0.162,-0.76,9.539,1.828
1425627019036,37.499454,139.924878,5,0.235,-0.76,9.567,1.783
1425627019137,37.499454,139.924879,4,0.225,-0.787,9.556,1.734
1425627019238,37.499454,139.924881,4,0.153,-0.824,9.536,1.677
1425627019339,37.499455,139.924882,4,0.09,-0.832,9.528,1.621
1425627019439,37.499455,139.924884,4,0.054,-0.843,9.502,1.567
1425627019540,37.499455,139.924885,4,0.069,-0.841,9.495,1.515
1425627019636,37.499456,139.924886,4,0.099,-0.866,9.485,1.466
1425627019736,37.499456,139.924888,4,0.14,-0.858,9.496,1.417
1425627019837,37.499456,139.924889,4,0.159,-0.856,9.543,1.37
1425627019938,37.499457,139.92489,4,0.149,-0.819,9.551,1.324
1425627020038,37.499457,139.924891,4,0.117,-0.781,9.498,1.28
1425627020139,37.499457,139.924892,4,0.083,-0.741,9.473,1.179
1425627020240,37.499458,139.924892,4,0.058,-0.726,9.523,0.946
1425627020336,37.499459,139.924892,4,0.063,-0.527,9.671,0.749
1425627020436,37.499459,139.924893,4,0.089,-0.163,9.744,0.568
1425627020537,37.49946,139.924893,4,0.105,0.108,9.526,0.41
1425627020638,37.49946,139.924893,4,0.114,0.235,9.274,0.278
1425627020738,37.49946,139.924893,4,0.143,0.267,9.311,0.173
1425627020839,37.499461,139.924893,4,0.147,0.282,9.59,0.092
1425627020940,37.499461,139.924893,4,0.12,0.263,9.702,0.036
1425627021036,37.499461,139.924893,4,0.084,0.263,9.559,0.007
1425627076334,37.499373,139.925202,4,0.118,0.154,9.518,3.632
1425627076339,37.499373,139.925202,4,0.116,0.155,9.518,3.629
1425627076440,37.499372,139.925206,4,-0.252,-0.16,9.623,3.577
1425627076536,37.499371,139.92521,4,-0.56,-0.396,9.93,3.528
1425627076636,37.49937,139.925214,4,-0.801,-0.538,9.916,3.478
1425627076737,37.499369,139.925218,4,-1.001,-0.503,9.48,3.428
1425627076838,37.499368,139.925222,4,-1.358,-0.53,9.187,3.379
1425627076938,37.499367,139.925226,4,-1.661,-0.639,9.204,3.331
1425627077039,37.499366,139.925229,4,-1.85,-0.764,9.438,3.283
1425627077140,37.499365,139.925233,4,-1.839,-0.823,9.468,3.242
1425627077236,37.499364,139.925237,4,-1.6,-0.81,9.35,3.217
1425627077336,37.499364,139.92524,4,-1.298,-0.837,9.455,3.192
1425627077437,37.499363,139.925244,4,-1.194,-0.848,9.486,3.166
1425627077538,37.499362,139.925248,4,-1.024,-0.84,9.349,3.141
1425627077638,37.499362,139.925251,4,-0.852,-0.847,9.431,3.116
1425627077739,37.499361,139.925255,4,-0.711,-0.892,9.678,3.09
1425627077840,37.499361,139.925259,4,-0.627,-0.951,9.837,3.066
1425627077936,37.49936,139.925262,4,-0.601,-0.959,9.735,3.042
1425627078036,37.499359,139.925265,4,-0.472,-1.021,9.759,3.018
1425627078137,37.499359,139.925269,4,-0.443,-1.093,9.915,2.993
1425627078238,37.49936,139.925272,4,-0.638,-1.075,9.537,2.967
1425627078338,37.49936,139.925275,4,-0.708,-0.97,9.018,2.941
1425627078439,37.499361,139.925277,4,-0.545,-0.853,8.888,2.915
1425627078540,37.499361,139.92528,4,-0.285,-0.814,9.245,2.89
1425627078640,37.499362,139.925283,4,-0.097,-0.784,9.69,2.865
1425627078736,37.499362,139.925286,4,-0.2,-0.688,9.822,2.841
1425627078837,37.499363,139.925289,4,-0.417,-0.63,9.674,2.816
1425627078938,37.499363,139.925291,4,-0.498,-0.566,9.521,2.791
1425627079038,37.499364,139.925294,4,-0.436,-0.478,9.45,2.767
1425627079139,37.499364,139.925296,5,-0.317,-0.35,9.404,2.715
1425627079240,37.499366,139.925298,5,-0.122,-0.344,9.589,2.595
1425627079340,37.499367,139.925299,5,-0.066,-0.402,9.843,2.481
1425627079441,37.499369,139.925301,5,-0.142,-0.366,9.65,2.37
1425627079537,37.49937,139.925302,5,-0.179,-0.259,9.359,2.269
1425627079636,37.499371,139.925303,5,-0.07,-0.116,9.292,2.169
1425627079738,37.499372,139.925304,5,0.097,0.079,9.361,2.07
1425627079837,37.499373,139.925305,5,0.183,0.209,9.447,1.979
1425627079940,37.499374,139.925306,5,0.103,0.295,9.568,1.889
1425627080039,37.499375,139.925307,5,-0.015,0.383,9.629,1.806
1425627080136,37.499376,139.925308,5,-0.109,0.442,9.677,1.75
1425627080237,37.499378,139.925309,5,-0.162,0.546,9.672,1.75
1425627087332,37.499591,139.925387,5,-0.123,0.691,9.612,4.25
1425627087337,37.499591,139.925387,5,-0.125,0.687,9.612,4.25
1425627087437,37.499595,139.925388,5,-0.157,0.351,9.674,4.25
1425627087538,37.4996,139.925388,5,-0.17,0.132,9.549,4.25
1425627087639,37.499604,139.925389,5,-0.204,-0.033,9.529,4.25
1425627087739,37.499608,139.92539,5,-0.243,-0.151,9.653,4.25
1425627087840,37.499612,139.925391,5,-0.227,-0.235,9.496,4.25
1425627087936,37.499616,139.925392,5,-0.194,-0.283,9.44,4.25
1425627088037,37.49962,139.925392,5,-0.196,-0.37,9.522,4.25
1425627088137,37.499624,139.925393,5,-0.226,-0.441,9.586,4.243
1425627088238,37.499628,139.925394,5,-0.229,-0.452,9.558,4.217
1425627088339,37.499632,139.925395,5,-0.183,-0.415,9.614,4.191
1425627088439,37.499636,139.925396,5,-0.195,-0.461,9.531,4.166
1425627088540,37.49964,139.925397,5,-0.181,-0.463,9.4,4.141
1425627088636,37.499644,139.925398,5,-0.216,-0.463,9.469,4.117
1425627088736,37.499648,139.925399,5,-0.241,-0.503,9.487,4.092
1425627088837,37.499652,139.9254,5,-0.29,-0.517,9.534,4.067
1425627088938,37.499656,139.9254,5,-0.319,-0.487,9.589,4.042
1425627089039,37.49966,139.925401,5,-0.258,-0.466,9.395,4.017
1425627089139,37.499664,139.925402,5,-0.223,-0.479,9.312,4.0
1425627089240,37.499668,139.925403,5,-0.203,-0.526,9.42,4.0
1425627089336,37.499672,139.925404,5,-0.212,-0.61,9.65,4.0
1425627089436,37.499675,139.925405,5,-0.223,-0.636,9.764,4.0
1425627089537,37.499679,139.925406,5,-0.193,-0.63,9.589,4.0
1425627089638,37.499683,139.925407,5,-0.14,-0.613,9.369,4.0
1425627089739,37.499687,139.925408,5,-0.166,-0.614,9.398,4.0
1425627089839,37.499691,139.925409,5,-0.217,-0.664,9.598,4.0
1425627089940,37.499695,139.92541,5,-0.243,-0.684,9.68,4.0
1425627090036,37.499698,139.925411,5,-0.249,-0.645,9.526,4.0
1425627090136,37.499702,139.925412,5,-0.25,-0.587,9.32,3.979
1425627090237,37.499705,139.925413,5,-0.242,-0.599,9.451,3.896
1425627090338,37.499708,139.925413,5,-0.207,-0.622,9.786,3.815
1425627090438,37.499711,139.925414,5,-0.184,-0.615,9.74,3.737
1425627090539,37.499714,139.925415,5,-0.108,-0.555,9.436,3.659
1425627090640,37.499717,139.925415,5,-0.089,-0.506,9.379,3.583
1425627090736,37.499719,139.925416,5,-0.137,-0.518,9.407,3.512
1425627090836,37.499722,139.925416,5,-0.236,-0.542,9.507,3.44
1425627090937,37.499725,139.925417,5,-0.316,-0.595,9.567,3.369
1425627091038,37.499727,139.925418,5,-0.268,-0.577,9.571,3.299
1425627091138,37.49973,139.925418,5,-0.173,-0.539,9.447,3.235
1425627091239,37.499732,139.925419,5,-0.088,-0.526,9.448,3.181
1425627091340,37.499735,139.925419,5,-0.074,-0.534,9.577,3.128
1425627091441,37.499737,139.925419,5,-0.125,-0.581,9.573,3.075
1425627091536,37.49974,139.92542,5,-0.17,-0.643,9.561,3.027
1425627091637,37.499742,139.92542,5,-0.215,-0.736,9.602,2.976
1425627091738,37.499745,139.925421,5,-0.212,-0.762,9.539,2.926
1425627091838,37.499747,139.925421,5,-0.186,-0.785,9.42,2.878
1425627091939,37.499749,139.925421,5,-0.138,-0.785,9.503,2.83
1425627092040,37.499751,139.925422,5,-0.152,-0.797,9.595,2.782
1425627092140,37.499754,139.925422,5,-0.212,-0.846,9.551,2.734
1425627092236,37.499756,139.925422,5,-0.281,-0.87,9.593,2.681
1425627092337,37.499758,139.925422,5,-0.269,-0.821,9.569,2.628
1425627092438,37.499761,139.925423,5,-0.13,-0.71,9.49,2.575
1425627092538,37.499763,139.925423,5,-0.016,-0.579,9.417,2.524
1425627092639,37.499765,139.925423,5,0.001,-0.483,9.464,2.473
1425627092740,37.499767,139.925423,5,-0.1,-0.452,9.603,2.423
1425627092840,37.499769,139.925423,5,-0.212,-0.44,9.655,2.375
1425627092936,37.499771,139.925424,5,-0.261,-0.422,9.55,2.33
1425627093037,37.499774,139.925424,5,-0.238,-0.395,9.406,2.283
1425627093137,37.499775,139.925424,5,-0.167,-0.368,9.402,2.235
1425627093238,37.499777,139.925424,5,-0.113,-0.34,9.453,2.179
1425627093339,37.499779,139.925424,5,-0.078,-0.291,9.514,2.124
1425627093440,37.49978,139.925424,5,-0.049,-0.287,9.518,2.071
1425627093540,37.499782,139.925424,5,-0.102,-0.317,9.607,2.02
1425627093636,37.499783,139.925424,5,-0.171,-0.345,9.636,1.971
1425627093742,37.499785,139.925424,5,-0.239,-0.32,9.494,1.919
1425627093837,37.499786,139.925424,5,-0.249,-0.349,9.413,1.874
1425627093936,37.499788,139.925424,5,-0.207,-0.353,9.464,1.828
1425627094039,37.499789,139.925424,5,-0.147,-0.375,9.545,1.781
1425627094138,37.49979,139.925424,5,-0.086,-0.391,9.589,1.734
1425627094240,37.499792,139.925424,5,-0.078,-0.439,9.548,1.676
1425627094336,37.499793,139.925423,5,-0.098,-0.482,9.504,1.622
1425627094437,37.499794,139.925423,5,-0.153,-0.515,9.524,1.568
1425627094537,37.499795,139.925423,5,-0.217,-0.562,9.567,1.516
1425627094638,37.499796,139.925423,5,-0.212,-0.555,9.554,1.465
1425627094739,37.499797,139.925423,5,-0.198,-0.561,9.507,1.416
1425627094839,37.499798,139.925422,5,-0.138,-0.556,9.517,1.369
1425627094940,37.499799,139.925422,5,-0.102,-0.559,9.543,1.323
1425627095036,37.4998,139.925422,5,-0.099,-0.551,9.572,1.281
1425627095136,37.499801,139.925422,5,-0.128,-0.475,9.57,1.186
1425627095237,37.499801,139.92542,5,-0.187,-0.407,9.482,0.953
1425627095338,37.499801,139.925419,5,-0.198,-0.301,9.519,0.745
1425627095439,37.4998,139.925418,5,-0.179,-0.179,9.599,0.563
1425627095539,37.4998,139.925417,5,-0.13,-0.015,9.589,0.408
1425627095640,37.4998,139.925416,5,-0.11,0.08,9.483,0.276
1425627095736,37.4998,139.925415,5,-0.105,0.096,9.409,0.175
1425627095836,37.4998,139.925415,5,-0.092,0.076,9.48,0.094
1425627095937,37.4998,139.925414,5,-0.1,0.03,9.56,0.037
1425627096038,37.4998,139.925414,5,-0.12,-0.061,9.564,0.006
1425627109331,37.500012,139.925508,4,-0.143,0.053,9.538,4.5
1425627116336,37.500414,139.925683,4,-0.142,0.06,9.541,7.25
1425627121336,37.500736,139.925849,6,-0.138,0.069,9.546,8.193
1425627121436,37.500743,139.925852,6,-0.092,-0.031,9.436,8.168
1425627121537,37.50075,139.925854,6,-0.152,-0.054,8.971,8.142
1425627121638,37.500757,139.925857,6,-0.241,-0.073,8.787,8.117
1425627121738,37.500763,139.92586,6,-0.124,-0.123,8.946,8.092
1425627121839,37.50077,139.925863,6,-0.01,-0.342,9.771,8.067
1425627121940,37.500777,139.925866,6,0.199,-0.606,10.796,8.042
1425627122036,37.500783,139.925869,6,0.105,-0.566,10.481,8.018
1425627122141,37.50079,139.925872,4,-0.053,-0.34,9.489,7.992
1425627122237,37.500795,139.925876,4,-0.181,-0.144,8.935,7.968
1425627122336,37.500801,139.925879,4,-0.247,-0.143,9.179,7.943
1425627122438,37.500807,139.925883,4,-0.001,-0.008,8.907,7.917
1425627122537,37.500813,139.925887,4,0.193,-0.126,8.718,7.892
1425627122640,37.500818,139.92589,4,0.287,-0.34,9.806,7.867
1425627122736,37.500824,139.925894,4,0.214,-0.463,10.556,7.843
1425627122836,37.50083,139.925897,4,0.074,-0.392,10.317,7.818
1425627122937,37.500835,139.925901,4,-0.091,-0.233,9.486,7.793
1425627123038,37.500841,139.925904,4,-0.106,-0.198,9.111,7.768
1425627123138,37.500847,139.925908,4,-0.006,-0.187,9.43,7.743
1425627123239,37.500853,139.925911,4,0.086,-0.178,9.421,7.717
1425627123340,37.50086,139.925914,4,-0.059,-0.231,9.531,7.692
1425627123440,37.500866,139.925917,4,-0.131,-0.28,9.814,7.667
1425627123536,37.500872,139.925919,4,-0.098,-0.231,9.837,7.642
1425627123637,37.500878,139.925922,4,-0.161,-0.242,10.038,7.617
1425627123738,37.500885,139.925925,4,-0.176,-0.249,9.836,7.592
1425627123838,37.500891,139.925928,4,-0.11,-0.048,8.868,7.567
1425627123939,37.500897,139.925931,4,-0.164,0.026,8.689,7.542
1425627124040,37.500904,139.925934,4,-0.233,-0.02,9.041,7.517
1425627124140,37.50091,139.925937,6,-0.213,-0.042,9.231,7.5
1425627124236,37.500916,139.92594,6,-0.243,-0.211,9.789,7.5
1425627124337,37.500923,139.925943,6,-0.111,-0.306,9.845,7.5
1425627124437,37.500929,139.925946,6,0.057,-0.391,10.073,7.5
1425627124538,37.500935,139.925949,6,0.279,-0.36,10.12,7.5
1425627124639,37.500942,139.925952,6,0.247,-0.281,9.787,7.5
1425627124740,37.500948,139.925956,6,0.093,-0.065,9.041,7.5
1425627124840,37.500955,139.925959,6,-0.09,-0.058,8.964,7.5
1425627124936,37.500961,139.925962,6,-0.264,-0.19,9.421,7.5
1425627125037,37.500967,139.925965,6,-0.464,-0.293,9.911,7.5
1425627125137,37.500973,139.925967,7,-0.561,-0.353,10.02,7.463
1425627125238,37.500978,139.925969,7,-0.465,-0.227,9.55,7.327
1425627125339,37.500983,139.925971,7,-0.417,-0.139,9.223,7.194
1425627125440,37.500988,139.925972,7,-0.406,-0.05,8.903,7.062
1425627125540,37.500993,139.925974,7,-0.286,-0.073,8.617,6.935
1425627125636,37.500997,139.925975,7,-0.245,-0.264,8.946,6.814
1425627125737,37.501002,139.925977,7,-0.061,-0.509,10.003,6.69
1425627125837,37.501006,139.925978,7,-0.03,-0.704,10.72,6.569
1425627125938,37.501011,139.92598,7,-0.156,-0.643,10.377,6.449
1425627126039,37.501015,139.925981,7,-0.25,-0.389,9.311,6.331
1425627126139,37.501019,139.925983,7,-0.347,-0.242,9.226,6.257
1425627126240,37.501025,139.925987,7,-0.217,-0.193,9.507,6.282
1425627126336,37.501029,139.925991,7,-0.105,-0.188,9.405,6.306
1425627126437,37.501034,139.925995,7,0.003,-0.211,9.23,6.331
1425627126537,37.50104,139.925999,7,0.097,-0.214,9.211,6.356
1425627126638,37.501045,139.926003,7,0.11,-0.27,9.613,6.381
1425627126739,37.50105,139.926008,7,0.025,-0.291,10.075,6.406
1425627126839,37.501055,139.926012,7,-0.02,-0.233,9.785,6.431
1425627126940,37.50106,139.926016,7,-0.031,-0.151,9.194,6.457
1425627127036,37.501065,139.92602,7,-0.007,-0.153,9.068,6.481
1425627127136,37.50107,139.926024,6,-0.013,-0.104,9.127,6.486
1425627127237,37.501075,139.926026,6,-0.256,-0.186,9.573,6.434
1425627127338,37.501079,139.926029,6,-0.417,-0.218,9.957,6.382
1425627127439,37.501084,139.926032,6,-0.444,-0.175,9.874,6.331
1425627127539,37.501088,139.926034,6,-0.324,-0.087,9.774,6.281
1425627127640,37.501093,139.926037,6,-0.151,0.17,9.662,6.23
1425627127736,37.501097,139.92604,6,-0.142,0.077,9.338,6.182
1425627127836,37.501101,139.926042,6,-0.011,0.184,9.804,6.133
1425627127937,37.501106,139.926045,6,0.05,0.121,10.168,6.084
1425627128038,37.50111,139.926047,6,-0.059,0.202,9.429,6.035
1425627128138,37.501115,139.92605,6,-0.134,0.39,8.94,6.0
1425627128239,37.501121,139.926051,6,-0.183,0.287,8.908,6.0
1425627128340,37.501127,139.926053,6,-0.021,0.146,9.198,6.0
1425627128436,37.501133,139.926055,6,0.05,-0.097,9.575,6.0
1425627128536,37.501139,139.926057,6,0.074,-0.158,9.824,6.0
1425627128637,37.501145,139.926059,6,0.115,-0.187,9.79,6.0
1425627128738,37.501151,139.926061,6,0.186,-0.15,9.594,6.0
1425627128838,37.501157,139.926063,6,0.194,-0.172,9.589,6.0
1425627128939,37.501164,139.926065,6,0.089,-0.129,9.668,6.0
1425627129040,37.50117,139.926067,6,-0.067,-0.152,9.769,6.0
1425627129140,37.501175,139.926069,6,-0.229,-0.157,9.613,5.992
1425627129236,37.501179,139.92607,6,-0.381,-0.232,9.331,5.968
1425627129337,37.501184,139.926072,6,-0.45,-0.316,9.351,5.942
1425627129438,37.501188,139.926074,6,-0.511,-0.375,9.195,5.917
1425627129538,37.501192,139.926076,6,-0.505,-0.515,9.291,5.892
1425627129639,37.501196,139.926078,6,-0.422,-0.702,9.602,5.866
1425627129740,37.501201,139.926079,6,-0.293,-0.692,9.678,5.841
1425627129840,37.501205,139.926081,6,-0.21,-0.632,9.727,5.816
1425627129936,37.501209,139.926083,6,-0.153,-0.506,9.6,5.793
1425627130037,37.501213,139.926085,6,-0.194,-0.379,9.202,5.768
1425627130138,37.501217,139.926087,5,-0.249,-0.383,9.312,5.735
1425627130238,37.501223,139.926089,5,-0.304,-0.444,9.775,5.683
1425627130339,37.501228,139.926091,5,-0.318,-0.479,9.969,5.631
1425627130440,37.501233,139.926093,5,-0.256,-0.438,9.739,5.58
1425627130540,37.501238,139.926095,5,-0.234,-0.356,9.352,5.529
1425627130636,37.501243,139.926097,5,-0.278,-0.419,9.384,5.481
1425627130737,37.501248,139.926099,5,-0.318,-0.437,9.648,5.431
1425627130837,37.501253,139.926101,5,-0.308,-0.367,9.61,5.382
1425627130938,37.501258,139.926104,5,-0.266,-0.297,9.71,5.333
1425627131039,37.501263,139.926106,5,-0.298,-0.116,9.264,5.284
1425627131140,37.501267,139.926108,5,-0.411,-0.119,9.266,5.234
1425627131240,37.501271,139.926111,5,-0.566,-0.053,9.266,5.182
1425627131336,37.501275,139.926113,5,-0.504,-0.036,9.258,5.133
1425627131437,37.501279,139.926116,5,-0.299,-0.05,9.423,5.081
1425627131537,37.501282,139.926119,5,-0.167,-0.113,9.632,5.03
1425627131638,37.501286,139.926122,5,-0.111,-0.233,10.087,4.98
1425627131739,37.50129,139.926124,5,-0.151,-0.262,10.198,4.93
1425627131840,37.501293,139.926127,5,-0.188,-0.185,9.847,4.88
1425627131940,37.501297,139.92613,5,-0.194,-0.085,9.544,4.831
1425627132036,37.5013,139.926132,5,-0.282,0.047,8.932,4.785
1425627132137,37.501304,139.926134,5,-0.421,0.098,8.816,4.75
1425627132237,37.501308,139.926136,5,-0.479,0.138,9.466,4.75
1425627132338,37.501312,139.926137,5,-0.408,0.152,9.826,4.75
1425627132439,37.501316,139.926138,5,-0.299,0.192,9.72,4.75
1425627132539,37.50132,139.92614,5,-0.112,0.24,9.497,4.75
1425627132640,37.501324,139.926141,5,-0.063,0.311,9.541,4.75
1425627132736,37.501328,139.926142,5,0.021,0.319,9.455,4.75
1425627132837,37.501332,139.926143,5,-0.018,0.334,9.495,4.75
1425627132937,37.501336,139.926145,5,-0.13,0.263,9.735,4.75
1425627133038,37.50134,139.926146,5,-0.122,0.369,9.832,4.75
1425627133139,37.501344,139.926147,4,-0.229,0.43,9.59,4.743
1425627133239,37.501347,139.926148,4,-0.25,0.565,8.854,4.717
1425627142333,37.501811,139.926252,13,-0.239,0.58,8.887,6.858
1425627142338,37.501811,139.926252,13,-0.237,0.582,8.909,6.861
1425627142439,37.501818,139.926254,13,-0.027,0.394,9.011,6.911
1425627142540,37.501824,139.926255,13,0.159,0.285,9.146,6.961
1425627142640,37.501831,139.926256,13,0.298,0.232,9.288,7.011
1425627142737,37.501837,139.926257,13,0.294,0.127,9.52,7.059
1425627142838,37.501844,139.926258,13,0.247,0.107,9.48,7.11
1425627142938,37.50185,139.926259,13,0.206,0.132,9.417,7.161
1425627143038,37.501857,139.92626,13,0.164,0.083,9.565,7.213
1425627143139,37.501864,139.926261,12,0.103,0.078,9.535,7.25
1425627143240,37.50187,139.926263,12,0.09,0.098,9.539,7.25
1425627143340,37.501876,139.926265,12,0.011,0.074,9.651,7.25
1425627143436,37.501881,139.926267,12,-0.023,0.071,9.585,7.25
1425627143537,37.501887,139.926268,12,0.017,0.144,9.183,7.25
1425627143637,37.501893,139.92627,12,0.011,0.211,8.834,7.25
1425627143738,37.501899,139.926272,12,-0.154,0.222,8.806,7.25
1425627143839,37.501905,139.926273,12,-0.114,-0.034,10.008,7.25
1425627143940,37.501911,139.926275,12,-0.07,-0.267,11.207,7.25
1425627144040,37.501917,139.926277,12,-0.042,-0.233,10.739,7.25
1425627144136,37.501923,139.926279,14,0.057,-0.18,9.869,7.256
1425627144237,37.501929,139.926283,14,0.134,0.051,9.27,7.281
1425627147333,37.502177,139.92637,13,0.161,0.272,8.88,8.75
1425627150333,37.502403,139.926467,10,0.163,0.27,8.882,9.055
1425627150340,37.502404,139.926467,10,0.164,0.27,8.894,9.057
1425627150440,37.502411,139.92647,10,-0.125,0.331,8.651,9.082
1425627150541,37.502419,139.926474,10,-0.112,0.323,8.516,9.107
1425627150637,37.502426,139.926477,10,-0.079,0.196,9.216,9.131
1425627150736,37.502433,139.92648,10,-0.072,0.038,9.935,9.156
1425627150838,37.502441,139.926483,10,-0.113,-0.035,10.065,9.181
1425627150937,37.502448,139.926486,10,-0.221,-0.045,9.808,9.206
1425627151039,37.502456,139.92649,10,-0.142,0.053,9.568,9.232
1425627151139,37.502463,139.926493,5,0.005,0.11,9.488,9.25
1425627151236,37.502471,139.926497,5,0.119,0.067,9.579,9.25
1425627151337,37.502478,139.926501,5,0.105,0.002,9.82,9.25
1425627151437,37.502486,139.926505,5,-0.002,-0.056,9.989,9.25
1425627151539,37.502494,139.92651,5,-0.074,0.003,9.885,9.25
1425627151639,37.502501,139.926514,5,-0.107,0.121,9.42,9.25
1425627151739,37.502509,139.926518,5,-0.154,0.208,9.106,9.25
1425627151840,37.502516,139.926522,5,-0.248,0.165,9.091,9.25
1425627151936,37.502524,139.926526,5,-0.311,0.092,9.341,9.25
1425627152037,37.502531,139.92653,5,-0.299,0.044,9.556,9.25
1425627152137,37.502539,139.926534,6,-0.213,0.086,9.435,9.257
1425627152238,37.502547,139.926537,6,-0.115,0.109,9.372,9.282
1425627152339,37.502555,139.92654,6,-0.112,0.106,9.349,9.307
1425627152439,37.502563,139.926542,6,-0.098,0.075,9.196,9.332
1425627152540,37.502572,139.926545,6,-0.062,0.023,9.553,9.357
1425627152636,37.502579,139.926548,6,0.008,-0.043,10.056,9.381
1425627152736,37.502587,139.926551,6,0.059,-0.068,10.088,9.406
1425627152837,37.502596,139.926554,6,0.02,0.015,9.519,9.431
1425627152938,37.502604,139.926557,6,0.004,0.111,9.105,9.457
1425627153039,37.502612,139.92656,6,0.023,0.161,9.131,9.482
1425627153139,37.50262,139.926563,6,0.021,0.147,9.149,9.493
1425627153240,37.502629,139.926567,6,-0.022,0.009,9.407,9.467
1425627153336,37.502637,139.92657,6,-0.039,-0.165,9.905,9.443
1425627153436,37.502645,139.926574,6,-0.083,-0.408,10.214,9.418
1425627153537,37.502653,139.926578,6,-0.059,-0.378,10.188,9.392
1425627153638,37.502662,139.926582,6,-0.037,-0.271,9.731,9.367
1425627153738,37.50267,139.926585,6,-0.081,-0.304,9.615,9.342
1425627153839,37.502678,139.926589,6,0.033,-0.176,9.407,9.317
1425627153940,37.502686,139.926593,6,-0.073,-0.175,9.251,9.292
1425627154036,37.502694,139.926596,6,-0.141,-0.196,9.142,9.268
1425627154136,37.502702,139.9266,6,-0.139,-0.191,9.163,9.25
1425627154237,37.50271,139.926603,6,-0.147,-0.173,9.407,9.25
1425627154338,37.502718,139.926607,6,-0.105,-0.237,9.626,9.25
1425627154438,37.502727,139.92661,6,0.018,-0.233,9.467,9.25
1425627154540,37.502735,139.926614,6,0.115,-0.223,9.48,9.25
1425627154640,37.502743,139.926617,6,0.133,-0.248,9.84,9.25
1425627154736,37.502751,139.92662,6,0.128,-0.249,9.685,9.25
1425627154836,37.502759,139.926624,6,0.129,-0.203,9.306,9.25
1425627154937,37.502767,139.926627,6,0.062,-0.273,9.525,9.25
1425627155038,37.502775,139.926631,6,0.096,-0.252,9.864,9.25
1425627155138,37.502783,139.926634,7,0.074,-0.301,9.928,9.243
1425627155239,37.50279,139.926639,7,-0.011,-0.304,9.603,9.217
1425627155340,37.502797,139.926644,7,-0.138,-0.205,9.302,9.192
1425627155440,37.502804,139.926648,7,-0.143,-0.199,9.535,9.167
1425627155536,37.502811,139.926653,7,-0.21,-0.171,9.439,9.143
1425627155637,37.502818,139.926657,7,-0.227,-0.221,9.045,9.117
1425627155738,37.502825,139.926662,7,-0.286,-0.407,9.062,9.092
1425627155838,37.502832,139.926667,7,-0.394,-0.572,9.387,9.067
1425627155939,37.502839,139.926671,7,-0.391,-0.75,9.941,9.042
1425627156040,37.502846,139.926676,7,-0.317,-0.829,9.817,9.017
1425627156140,37.502853,139.92668,8,-0.194,-0.875,9.555,8.985
1425627156236,37.502859,139.926684,8,-0.091,-0.854,9.73,8.935
1425627156337,37.502865,139.926687,8,0.022,-0.796,9.472,8.884
1425627156437,37.502871,139.926691,8,0.033,-0.688,8.7,8.833
1425627156538,37.502877,139.926694,8,0.026,-0.702,8.671,8.783
1425627156639,37.502883,139.926698,8,0.035,-0.837,9.358,8.732
1425627156740,37.502889,139.926701,8,0.147,-1.083,10.468,8.682
1425627156840,37.502894,139.926705,8,0.198,-1.142,10.95,8.632
1425627156936,37.5029,139.926708,8,0.038,-1.035,10.565,8.585
1425627157037,37.502906,139.926712,8,-0.21,-0.807,10.03,8.536
1425627157137,37.502912,139.926715,8,-0.366,-0.439,9.195,8.479
1425627157238,37.502921,139.926719,8,-0.431,-0.278,8.754,8.4
1425627157339,37.502929,139.926723,8,-0.267,-0.124,8.168,8.322
1425627157440,37.502937,139.926726,8,-0.202,-0.211,8.531,8.245
1425627157541,37.502945,139.92673,8,-0.2,-0.403,9.343,8.168
1425627157636,37.502953,139.926733,8,-0.182,-0.563,10.124,8.097
1425627157737,37.502961,139.926737,8,-0.231,-0.686,10.751,8.022
1425627157837,37.502969,139.92674,8,-0.238,-0.622,10.493,7.948
1425627157938,37.502977,139.926744,8,-0.187,-0.393,9.383,7.874
1425627158039,37.502985,139.926748,8,-0.1,-0.241,8.674,7.801
1425627158139,37.502991,139.926751,7,-0.1,-0.248,9.015,7.735
1425627158240,37.502995,139.926755,7,-0.122,-0.412,9.752,7.683
1425627158336,37.502999,139.926759,7,-0.162,-0.485,10.098,7.634
1425627158437,37.503003,139.926762,7,-0.193,-0.425,9.583,7.583
1425627158537,37.503007,139.926766,7,-0.308,-0.306,9.397,7.532
1425627158638,37.503011,139.92677,7,-0.345,-0.236,9.522,7.482
1425627158739,37.503015,139.926774,7,-0.41,-0.151,9.667,7.432
1425627158839,37.503019,139.926777,7,-0.448,-0.089,9.576,7.382
1425627158940,37.503023,139.926781,7,-0.585,0.041,8.997,7.333
1425627159036,37.503026,139.926784,7,-0.504,0.018,9.32,7.286
1425627159136,37.503031,139.926788,7,-0.325,0.111,9.816,7.25
1425627159237,37.503038,139.92679,7,-0.281,0.142,10.046,7.25
1425627159338,37.503045,139.926792,7,-0.246,0.166,9.87,7.25
1425627159439,37.503051,139.926795,7,-0.158,0.19,9.666,7.25
1425627159539,37.503058,139.926797,7,-0.287,0.18,9.558,7.25
1425627159640,37.503065,139.9268,7,-0.381,0.265,9.476,7.25
1425627159736,37.503072,139.926802,7,-0.371,0.273,9.667,7.25
1425627159836,37.503078,139.926804,7,-0.327,0.308,9.584,7.25
1425627159937,37.503085,139.926807,7,-0.267,0.441,9.321,7.25
1425627160038,37.503092,139.926809,7,-0.334,0.435,9.181,7.25
1425627160138,37.503099,139.926812,6,-0.386,0.466,9.29,7.257
1425627160239,37.503106,139.926816,6,-0.445,0.458,9.327,7.282
1425627160340,37.503113,139.92682,6,-0.46,0.477,9.35,7.307
1425627160441,37.50312,139.926824,6,-0.373,0.407,9.482,7.332
1425627160536,37.503126,139.926828,6,-0.279,0.311,9.846,7.355
1425627160637,37.503133,139.926832,6,-0.151,0.331,9.804,7.381
1425627160738,37.50314,139.926837,6,-0.098,0.343,9.705,7.406
1425627160838,37.503147,139.926841,6,-0.022,0.326,9.641,7.431
1425627160939,37.503154,139.926845,6,-0.021,0.324,9.6,7.457
1425627161040,37.503161,139.926849,6,0.033,0.252,9.363,7.482
1425627161140,37.503168,139.926853,5,0.066,0.113,9.233,7.492
1425627161236,37.503175,139.926855,5,0.126,-0.137,9.424,7.468
1425627161337,37.503182,139.926858,5,0.133,-0.162,9.732,7.443
1425627161438,37.503189,139.926861,5,0.068,-0.156,9.828,7.417
1425627161538,37.503195,139.926863,5,0.018,-0.205,9.491,7.392
1425627161639,37.503202,139.926866,5,-0.078,-0.158,9.446,7.367
1425627161740,37.503209,139.926868,5,-0.154,-0.16,9.406,7.342
1425627161840,37.503216,139.926871,5,-0.144,-0.186,9.361,7.317
1425627161936,37.503222,139.926874,5,-0.11,-0.178,9.485,7.293
1425627162037,37.503229,139.926876,5,-0.119,-0.28,9.622,7.268
1425627162138,37.503236,139.926879,5,-0.144,-0.341,9.675,7.243
1425627162238,37.503242,139.926882,5,-0.146,-0.377,9.562,7.218
1425627162339,37.503248,139.926885,5,-0.141,-0.434,9.548,7.192
1425627162440,37.503254,139.926889,5,-0.032,-0.484,9.508,7.167
1425627162540,37.50326,139.926892,5,0.038,-0.532,9.377,7.141
1425627162636,37.503265,139.926895,5,0.063,-0.644,9.662,7.117
1425627162737,37.503271,139.926898,5,0.071,-0.634,9.742,7.092
1425627162837,37.503277,139.926901,5,0.181,-0.606,9.78,7.067
1425627162938,37.503283,139.926905,5,0.299,-0.513,9.729,7.042
1425627163039,37.503289,139.926908,5,0.406,-0.383,9.44,7.017
1425627163140,37.503295,139.926911,4,0.417,-0.283,9.375,6.984
1425627163240,37.503301,139.926913,4,0.401,-0.228,9.561,6.933
1425627163336,37.503306,139.926915,4,0.325,-0.193,9.493,6.884
1425627163437,37.503312,139.926918,4,0.238,-0.201,9.463,6.832
1425627163537,37.503318,139.92692,4,0.236,-0.185,9.474,6.782
1425627163638,37.503324,139.926922,4,0.238,-0.168,9.419,6.731
1425627163739,37.50333,139.926925,4,0.314,-0.175,9.465,6.681
1425627163839,37.503336,139.926927,4,0.35,-0.25,9.97,6.632
1425627163940,37.503341,139.926929,4,0.223,-0.199,9.648,6.582
1425627164036,37.503347,139.926931,4,0.09,-0.176,9.284,6.536
1425627164137,37.503352,139.926934,5,0.07,-0.149,9.309,6.5
1425627164237,37.503358,139.926936,5,-0.063,-0.129,9.492,6.5
1425627164338,37.503363,139.926938,5,-0.117,-0.191,9.669,6.5
1425627164439,37.503368,139.92694,5,-0.118,-0.134,9.488,6.5
1425627164539,37.503373,139.926942,5,-0.025,-0.117,9.389,6.5
1425627164640,37.503379,139.926944,5,-0.089,-0.139,9.397,6.5
1425627164736,37.503384,139.926946,5,-0.11,-0.13,9.769,6.5
1425627164842,37.503389,139.926948,5,-0.08,-0.205,9.925,6.5
1425627164937,37.503394,139.92695,5,-0.07,-0.19,9.604,6.5
1425627165036,37.503399,139.926952,5,-0.097,-0.101,9.339,6.5
1425627165139,37.503405,139.926955,6,-0.124,0.04,9.375,6.5
1425627165238,37.503411,139.926958,6,-0.129,0.179,9.515,6.5
1425627165340,37.503417,139.926961,6,-0.04,0.194,9.468,6.5
1425627165436,37.503423,139.926964,6,0.066,0.309,9.451,6.5
1425627165536,37.503429,139.926967,6,0.155,0.28,9.351,6.5
1425627165637,37.503435,139.92697,6,0.187,0.353,9.59,6.5
1425627165738,37.503441,139.926973,6,0.194,0.334,9.635,6.5
1425627165838,37.503447,139.926976,6,0.151,0.369,9.64,6.5
1425627165939,37.503454,139.926979,6,0.13,0.423,9.503,6.5
1425627166040,37.50346,139.926982,6,0.162,0.41,9.412,6.5
1425627166136,37.503465,139.926985,6,0.208,0.424,9.41,6.5
1425627166236,37.503471,139.926987,6,0.272,0.401,9.448,6.5
1425627169333,37.503661,139.927064,7,0.262,0.408,9.437,7.0
1425627176332,37.504122,139.92731,6,0.252,0.401,9.442,8.694
1425627176337,37.504123,139.92731,6,0.24,0.373,9.444,8.693
1425627176438,37.504129,139.927314,6,0.248,-0.019,9.589,8.667
1425627176539,37.504135,139.927317,6,0.279,-0.123,9.82,8.642
1425627176639,37.50414,139.927321,6,0.239,-0.237,9.942,8.617
1425627176740,37.504146,139.927325,6,0.141,-0.36,9.86,8.592
1425627176836,37.504152,139.927329,6,0.261,-0.183,9.444,8.568
1425627176937,37.504158,139.927333,6,0.231,-0.215,9.382,8.543
1425627177037,37.504164,139.927336,6,0.217,-0.194,9.406,8.518
1425627177138,37.50417,139.92734,5,0.105,-0.237,9.427,8.493
1425627177239,37.504176,139.927344,5,0.067,-0.223,9.398,8.467
1425627177339,37.504182,139.927348,5,0.026,-0.256,9.473,8.442
1425627177440,37.504189,139.927352,5,-0.02,-0.269,9.552,8.417
1425627177536,37.504195,139.927356,5,0.004,-0.269,9.617,8.393
1425627177636,37.504201,139.92736,5,0.038,-0.217,9.424,8.368
1425627177737,37.504207,139.927364,5,0.024,-0.204,9.191,8.342
1425627177838,37.504213,139.927368,5,0.061,-0.169,9.206,8.317
1425627177939,37.50422,139.927371,5,0.055,-0.296,9.588,8.292
1425627178039,37.504226,139.927375,5,0.086,-0.361,10.027,8.268
1425627178140,37.504232,139.927378,6,0.158,-0.502,10.343,8.242
1425627178236,37.504238,139.92738,6,0.151,-0.521,10.133,8.218
1425627178336,37.504244,139.927381,6,0.208,-0.428,9.636,8.193
1425627178437,37.504251,139.927382,6,0.148,-0.392,9.244,8.167
1425627178538,37.504257,139.927384,6,0.216,-0.38,9.051,8.142
1425627178638,37.504264,139.927385,6,0.275,-0.466,8.995,8.117
1425627178739,37.50427,139.927386,6,0.324,-0.564,9.357,8.092
1425627178840,37.504276,139.927388,6,0.313,-0.656,9.746,8.067
1425627178941,37.504282,139.927389,6,0.309,-0.699,9.978,8.042
1425627179036,37.504288,139.92739,6,0.24,-0.617,9.977,8.018
1425627179142,37.504295,139.927392,6,0.146,-0.466,9.565,7.992
1425627179238,37.504301,139.927395,6,0.128,-0.388,9.536,7.968
1425627179337,37.504308,139.927398,6,0.106,-0.285,9.337,7.943
1425627179439,37.504315,139.927401,6,0.071,-0.24,9.401,7.917
1425627179538,37.504321,139.927404,6,0.079,-0.241,9.547,7.892
1425627179636,37.504327,139.927407,6,0.085,-0.232,9.486,7.868
1425627179736,37.504334,139.92741,6,0.111,-0.217,9.441,7.843
1425627179837,37.50434,139.927413,6,0.117,-0.18,9.405,7.817
1425627179938,37.504347,139.927416,6,0.068,-0.241,9.59,7.792
1425627180038,37.504353,139.927419,6,0.001,-0.189,9.42,7.768
1425627180139,37.50436,139.927422,5,0.007,-0.194,9.216,7.743
1425627180240,37.504366,139.927425,5,0.05,-0.205,9.351,7.717
1425627180340,37.504372,139.927428,5,0.066,-0.238,9.628,7.692
1425627180436,37.504377,139.927432,5,0.068,-0.288,9.801,7.668
1425627180537,37.504383,139.927435,5,0.081,-0.252,9.746,7.642
1425627180638,37.504389,139.927438,5,0.04,-0.252,9.584,7.617
1425627180738,37.504395,139.927441,5,0.054,-0.218,9.569,7.592
1425627180839,37.504401,139.927444,5,0.057,-0.211,9.526,7.567
1425627180940,37.504407,139.927448,5,0.011,-0.19,9.448,7.542
1425627181040,37.504413,139.927451,5,-0.028,-0.164,9.354,7.517
1425627181136,37.504419,139.927453,6,-0.021,-0.156,9.322,7.487
1425627181237,37.504425,139.927455,6,0.074,-0.26,9.679,7.435
1425627181338,37.504431,139.927457,6,0.106,-0.255,9.832,7.383
1425627181438,37.504436,139.927458,6,0.092,-0.234,9.528,7.332
1425627181539,37.504442,139.92746,6,0.134,-0.226,9.39,7.281
1425627181640,37.504448,139.927461,6,0.254,-0.225,9.529,7.231
1425627181740,37.504454,139.927463,6,0.324,-0.261,9.675,7.181
1425627181836,37.50446,139.927464,6,0.38,-0.247,9.606,7.134
1425627181937,37.504465,139.927465,6,0.302,-0.161,9.279,7.084
1425627182037,37.504471,139.927467,6,0.366,-0.235,9.509,7.035
1425627182138,37.504476,139.927469,6,0.361,-0.283,9.792,7.0
1425627182239,37.504482,139.927472,6,0.388,-0.221,9.562,7.0
1425627182340,37.504487,139.927475,6,0.453,-0.225,9.398,7.0
1425627182440,37.504492,139.927479,6,0.388,-0.221,9.408,7.0
1425627182536,37.504497,139.927482,6,0.369,-0.219,9.516,7.0
1425627182637,37.504502,139.927485,6,0.423,-0.247,9.711,7.0
1425627182737,37.504507,139.927488,6,0.46,-0.271,9.655,7.0
1425627182838,37.504512,139.927491,6,0.464,-0.254,9.534,7.0
1425627182939,37.504517,139.927495,6,0.497,-0.208,9.431,7.0
1425627183039,37.504522,139.927498,6,0.451,-0.27,9.598,7.0
1425627183140,37.504528,139.927501,5,0.341,-0.25,9.649,6.992
1425627183236,37.504532,139.927504,5,0.269,-0.214,9.478,6.968
1425627183337,37.504538,139.927507,5,0.143,-0.166,9.033,6.942
1425627183437,37.504543,139.92751,5,0.256,-0.236,9.571,6.917
1425627183538,37.504548,139.927513,5,0.284,-0.344,10.152,6.892
1425627183639,37.504553,139.927517,5,0.238,-0.269,9.789,6.867
1425627183739,37.504558,139.92752,5,0.159,-0.19,9.31,6.842
1425627183840,37.504563,139.927523,5,0.107,-0.118,9.064,6.817
1425627183936,37.504567,139.927526,5,0.057,-0.161,9.406,6.793
1425627184036,37.504572,139.927529,5,0.072,-0.244,9.859,6.768
1425627184137,37.504577,139.927532,5,0.221,-0.245,9.839,6.75
1425627184238,37.504583,139.927535,5,0.373,-0.224,9.622,6.75
1425627184339,37.504588,139.927538,5,0.426,-0.247,9.685,6.75
1425627184439,37.504593,139.927541,5,0.468,-0.228,9.731,6.75
1425627184540,37.504598,139.927544,5,0.429,-0.196,9.643,6.75
1425627184636,37.504603,139.927547,5,0.393,-0.194,9.448,6.75
1425627184736,37.504608,139.92755,5,0.16,-0.151,9.042,6.75
1425627184837,37.504613,139.927554,5,0.173,-0.188,9.027,6.75
1425627184938,37.504618,139.927557,5,0.154,-0.366,9.416,6.75
1425627185039,37.504623,139.92756,5,0.139,-0.557,9.712,6.75
1425627185139,37.504629,139.927563,5,0.153,-0.691,9.864,6.735
1425627185240,37.504634,139.927566,5,0.262,-0.728,9.683,6.683
1425627185336,37.50464,139.927569,5,0.34,-0.72,9.483,6.634
1425627185436,37.504645,139.927572,5,0.3,-0.68,9.466,6.583
1425627185537,37.504651,139.927575,5,0.251,-0.593,9.61,6.532
1425627185638,37.504657,139.927578,5,0.183,-0.447,9.624,6.481
1425627185738,37.504662,139.927581,5,0.131,-0.363,9.544,6.432
1425627185839,37.504668,139.927584,5,0.117,-0.282,9.23,6.382
1425627185940,37.504673,139.927587,5,0.108,-0.268,9.355,6.332
1425627186036,37.504678,139.92759,5,0.065,-0.263,9.691,6.286
1425627186136,37.504683,139.927593,4,-0.058,-0.275,9.671,6.243
1425627186237,37.504689,139.927596,4,0.057,-0.301,9.777,6.218
1425627186338,37.504694,139.927598,4,0.1,-0.267,9.613,6.192
1425627186438,37.504699,139.927601,4,0.085,-0.149,9.034,6.167
1425627186539,37.504705,139.927604,4,0.056,-0.171,9.257,6.142
1425627186640,37.50471,139.927607,4,0.041,-0.212,9.634,6.116
1425627186741,37.504715,139.92761,4,0.098,-0.221,9.586,6.091
1425627186836,37.50472,139.927612,4,0.19,-0.244,9.612,6.067
1425627186937,37.504725,139.927615,4,0.119,-0.296,9.718,6.043
1425627187038,37.50473,139.927618,4,0.034,-0.318,9.757,6.018
1425627187138,37.504735,139.927621,4,-0.069,-0.276,9.686,5.993
1425627187239,37.504741,139.927625,4,-0.093,-0.161,9.539,5.967
1425627187340,37.504746,139.927628,4,-0.132,-0.095,9.312,5.942
1425627187440,37.504751,139.927632,4,-0.152,-0.071,9.335,5.916
1425627187536,37.504756,139.927635,4,-0.104,-0.061,9.447,5.892
1425627187637,37.504762,139.927639,4,-0.1,-0.053,9.309,5.867
1425627187738,37.504767,139.927642,4,0.029,-0.039,9.254,5.842
1425627187838,37.504772,139.927646,4,0.369,-0.18,10.094,5.817
1425627187939,37.504777,139.927649,4,0.525,-0.236,10.287,5.792
1425627188040,37.504782,139.927653,4,0.623,-0.153,9.577,5.767
1425627188140,37.504787,139.927656,4,0.739,-0.076,9.187,5.75
1425627188236,37.504792,139.927659,4,0.864,-0.017,9.146,5.75
1425627188337,37.504797,139.927662,4,0.924,-0.003,9.384,5.75
1425627188437,37.504801,139.927664,4,0.764,-0.14,9.709,5.75
1425627188538,37.504806,139.927667,4,0.627,-0.154,9.588,5.75
1425627188639,37.504811,139.92767,4,0.653,-0.094,9.368,5.75
1425627188740,37.504816,139.927673,4,0.654,-0.118,9.394,5.75
1425627188840,37.50482,139.927676,4,0.632,-0.188,9.823,5.75
1425627188936,37.504825,139.927679,4,0.591,-0.224,9.934,5.75
1425627189037,37.50483,139.927682,4,0.532,-0.169,9.608,5.75
1425627189137,37.504834,139.927685,4,0.516,-0.086,9.232,5.75
1425627189238,37.504839,139.927687,4,0.453,-0.084,9.206,5.75
1425627189339,37.504844,139.927689,4,0.204,0.005,8.827,5.75
1425627189439,37.504849,139.927691,4,0.257,-0.065,9.28,5.75
1425627189540,37.504854,139.927693,4,0.549,-0.325,10.635,5.75
1425627189636,37.504859,139.927695,4,0.645,-0.337,10.686,5.75
1425627189737,37.504864,139.927697,4,0.701,-0.161,9.716,5.75
1425627189837,37.504869,139.927699,4,0.721,-0.034,9.132,5.75
1425627189938,37.504874,139.927701,4,0.709,0.077,8.991,5.75
1425627190039,37.504879,139.927704,4,0.703,0.083,9.279,5.75
1425627190139,37.504883,139.927706,6,0.619,-0.015,9.524,5.735
1425627190240,37.504886,139.927709,6,0.609,-0.018,9.626,5.682
1425627190336,37.504889,139.927712,6,0.661,-0.024,9.349,5.633
1425627190436,37.504892,139.927715,6,0.691,-0.038,9.353,5.582
1425627190537,37.504896,139.927718,6,0.642,-0.08,9.669,5.531
1425627190638,37.504899,139.927721,6,0.553,-0.062,9.74,5.48
1425627190739,37.504902,139.927724,6,0.514,0.053,9.507,5.43
1425627190839,37.504905,139.927727,6,0.477,0.084,9.33,5.381
1425627190940,37.504908,139.92773,6,0.449,0.113,9.333,5.332
1425627191036,37.504911,139.927733,6,0.326,0.112,9.351,5.285
1425627191136,37.504914,139.927736,6,0.308,0.042,9.777,5.262
1425627191237,37.504918,139.927741,6,0.417,-0.032,10.042,5.311
1425627191338,37.504922,139.927745,6,0.373,0.084,9.576,5.36
1425627191439,37.504925,139.92775,6,0.353,0.222,9.199,5.409
1425627191539,37.504929,139.927755,6,0.334,0.275,9.145,5.459
1425627191640,37.504933,139.927759,6,0.316,0.291,9.352,5.509
1425627191736,37.504937,139.927764,6,0.34,0.297,9.595,5.558
1425627191836,37.504941,139.927769,6,0.364,0.227,9.726,5.608
1425627191937,37.504945,139.927774,6,0.466,0.292,9.615,5.66
1425627192038,37.504949,139.927778,6,0.535,0.257,9.56,5.712
1425627192138,37.504953,139.927783,5,0.531,0.259,9.489,5.757
1425627192239,37.504957,139.927787,5,0.514,0.288,9.711,5.782
1425627195331,37.505107,139.92791,6,0.47,0.29,9.784,6.5
1425627195336,37.505107,139.92791,6,0.462,0.29,9.785,6.5
1425627195437,37.505112,139.927912,6,0.112,0.081,10.093,6.5
1425627195537,37.505117,139.927913,6,-0.137,-0.049,10.083,6.5
1425627195638,37.505121,139.927915,6,-0.321,-0.086,9.729,6.5
1425627195739,37.505126,139.927917,6,-0.446,-0.047,9.423,6.5
1425627195839,37.505131,139.927918,6,-0.534,-0.049,9.415,6.5
1425627195940,37.505135,139.92792,6,-0.489,-0.04,9.518,6.5
1425627196036,37.50514,139.927922,6,-0.344,-0.051,9.482,6.5
1425627196137,37.505144,139.927924,6,-0.239,-0.089,9.672,6.5
1425627196237,37.505148,139.927929,6,-0.096,-0.065,9.615,6.5
1425627196338,37.505153,139.927933,6,0.061,-0.03,9.327,6.5
1425627196439,37.505157,139.927937,6,0.207,-0.039,9.386,6.5
1425627196539,37.505161,139.927942,6,0.318,-0.056,9.624,6.5
1425627196640,37.505166,139.927946,6,0.38,-0.086,9.657,6.5
1425627196736,37.50517,139.927951,6,0.482,-0.078,9.584,6.5
1425627196836,37.505174,139.927955,6,0.621,-0.058,9.422,6.5
1425627196937,37.505179,139.927959,6,0.781,-0.094,9.518,6.5
1425627197038,37.505183,139.927964,6,0.887,-0.144,9.659,6.5
1425627197139,37.505187,139.927968,5,0.912,-0.173,9.688,6.493
1425627197239,37.505192,139.927972,5,0.845,-0.136,9.472,6.467
1425627197340,37.505197,139.927976,5,0.783,-0.117,9.373,6.442
1425627197436,37.505202,139.92798,5,0.784,-0.142,9.498,6.417
1425627197536,37.505207,139.927984,5,0.761,-0.149,9.416,6.392
1425627197637,37.505212,139.927988,5,0.701,-0.144,9.331,6.367
1425627197738,37.505216,139.927992,5,0.595,-0.145,9.463,6.342
1425627197838,37.505221,139.927996,5,0.381,-0.167,9.645,6.317
1425627197939,37.505226,139.928,5,0.142,-0.214,9.707,6.292
1425627198040,37.505231,139.928004,5,-0.15,-0.241,9.581,6.267
1425627198136,37.505235,139.928008,4,-0.402,-0.26,9.388,6.243
1425627198236,37.505239,139.928012,4,-0.535,-0.331,9.513,6.218
1425627198337,37.505243,139.928015,4,-0.545,-0.463,9.568,6.192
1425627198438,37.505248,139.928019,4,-0.512,-0.587,9.518,6.167
1425627198538,37.505252,139.928023,4,-0.467,-0.685,9.514,6.142
1425627198639,37.505256,139.928026,4,-0.453,-0.741,9.521,6.116
1425627198740,37.50526,139.92803,4,-0.409,-0.785,9.551,6.091
1425627198841,37.505264,139.928033,4,-0.341,-0.824,9.629,6.066
1425627198936,37.505268,139.928037,4,-0.338,-0.826,9.493,6.043
1425627199037,37.505272,139.92804,4,-0.334,-0.829,9.561,6.018
1425627199138,37.505276,139.928044,6,-0.322,-0.839,9.671,5.978
1425627199238,37.505282,139.928048,6,-0.309,-0.839,9.544,5.898
1425627199339,37.505287,139.928051,6,-0.27,-0.845,9.471,5.819
1425627199440,37.505292,139.928055,6,-0.238,-0.824,9.497,5.741
1425627199541,37.505297,139.928059,6,-0.24,-0.813,9.431,5.664
1425627199636,37.505302,139.928062,6,-0.245,-0.841,9.461,5.593
1425627199737,37.505306,139.928065,6,-0.134,-0.898,9.743,5.518
1425627199838,37.505311,139.928069,6,-0.022,-0.887,9.559,5.444
1425627199938,37.505316,139.928072,6,0.029,-0.875,9.233,5.372
1425627200039,37.505321,139.928076,6,0.015,-0.926,9.305,5.3
1425627200140,37.505325,139.928079,6,-0.089,-1.055,9.648,5.234
1425627200240,37.505329,139.928082,6,-0.188,-1.144,9.921,5.182
1425627200336,37.505332,139.928084,6,-0.187,-1.127,9.744,5.133
1425627200437,37.505336,139.928087,6,-0.172,-1.11,9.42,5.081
1425627200538,37.505339,139.928089,6,-0.097,-1.125,9.34,5.03
1425627200638,37.505343,139.928092,6,0.037,-1.14,9.475,4.98
1425627200739,37.505346,139.928095,6,0.166,-1.179,9.64,4.93
1425627200840,37.50535,139.928097,6,0.247,-1.166,9.718,4.88
1425627200940,37.505353,139.9281,6,0.274,-1.113,9.414,4.831
1425627201036,37.505357,139.928102,6,0.236,-1.111,9.268,4.785
1425627201137,37.505359,139.928105,7,0.156,-1.189,9.498,4.72
1425627201237,37.505361,139.928107,7,0.116,-1.243,9.738,4.61
1425627201338,37.505362,139.92811,7,0.122,-1.222,9.699,4.501
1425627201439,37.505363,139.928113,7,0.192,-1.115,9.55,4.395
1425627201540,37.505364,139.928115,7,0.337,-0.883,9.444,4.291
1425627201640,37.505365,139.928117,7,0.463,-0.662,9.431,4.191
1425627201736,37.505366,139.92812,7,0.562,-0.476,9.545,4.096
1425627201837,37.505367,139.928122,7,0.613,-0.367,9.611,4.0
1425627201937,37.505368,139.928124,7,0.699,-0.295,9.525,3.906
1425627202038,37.505369,139.928126,7,0.859,-0.26,9.416,3.814
1425627202139,37.505371,139.92813,9,0.956,-0.25,9.422,3.743
1425627202239,37.505374,139.928135,9,0.924,-0.278,9.516,3.717
1425627202340,37.505376,139.928141,9,0.845,-0.31,9.547,3.691
1425627202436,37.505379,139.928146,9,0.789,-0.339,9.563,3.667
1425627202537,37.505382,139.928152,9,0.824,-0.374,9.679,3.641
1425627202637,37.505384,139.928157,9,0.896,-0.415,9.664,3.616
1425627202738,37.505387,139.928162,9,0.917,-0.448,9.563,3.591
1425627202839,37.50539,139.928168,9,0.901,-0.464,9.572,3.566
1425627202939,37.505393,139.928173,9,0.817,-0.444,9.512,3.542
1425627203040,37.505395,139.928178,9,0.715,-0.406,9.339,3.517
1425627203136,37.505397,139.928183,9,0.643,-0.399,9.377,3.5
1425627203237,37.505398,139.928189,9,0.59,-0.43,9.688,3.5
1425627203337,37.505399,139.928194,9,0.575,-0.463,9.892,3.5
1425627203438,37.5054,139.928199,9,0.572,-0.444,9.719,3.5
1425627203539,37.5054,139.928205,9,0.533,-0.375,9.365,3.5
1425627203639,37.505401,139.92821,9,0.424,-0.313,9.237,3.5
1425627203740,37.505402,139.928215,9,0.288,-0.285,9.371,3.5
1425627203836,37.505403,139.92822,9,0.164,-0.274,9.544,3.5
1425627203936,37.505404,139.928226,9,0.029,-0.254,9.564,3.5
1425627204037,37.505404,139.928231,9,-0.078,-0.237,9.494,3.5
1425627204138,37.505406,139.928237,8,-0.156,-0.236,9.442,3.5
1425627204239,37.505407,139.928243,8,-0.221,-0.217,9.487,3.5
1425627204339,37.505409,139.928249,8,-0.28,-0.199,9.457,3.5
1425627204440,37.505411,139.928255,8,-0.236,-0.212,9.475,3.5
1425627204536,37.505413,139.928261,8,-0.127,-0.219,9.598,3.5
1425627204636,37.505414,139.928267,8,-0.044,-0.236,9.78,3.5
1425627204737,37.505416,139.928273,8,-0.004,-0.234,9.816,3.5
1425627204838,37.505418,139.928279,8,-0.07,-0.187,9.636,3.5
1425627204938,37.50542,139.928286,8,-0.258,-0.147,9.412,3.5
1425627205039,37.505422,139.928292,8,-0.482,-0.124,9.366,3.5
1425627205140,37.505423,139.928297,8,-0.606,-0.115,9.464,3.492
1425627205236,37.505424,139.928302,8,-0.564,-0.092,9.541,3.467
1425627205336,37.505426,139.928306,8,-0.419,-0.079,9.501,3.442
1425627205437,37.505427,139.928311,8,-0.311,-0.078,9.503,3.416
1425627205538,37.505428,139.928315,8,-0.262,-0.09,9.603,3.391
1425627205638,37.505429,139.92832,8,-0.298,-0.104,9.637,3.366
1425627205739,37.50543,139.928324,8,-0.343,-0.116,9.614,3.341
1425627205840,37.505431,139.928328,8,-0.353,-0.092,9.531,3.316
1425627205940,37.505432,139.928333,8,-0.361,-0.082,9.421,3.291
1425627206036,37.505433,139.928337,8,-0.363,-0.05,9.374,3.268
1425627206137,37.505434,139.928341,5,-0.349,-0.062,9.458,3.243
1425627206238,37.505436,139.928345,5,-0.323,-0.101,9.664,3.217
1425627206338,37.505438,139.92835,5,-0.31,-0.122,9.717,3.191
1425627206439,37.505439,139.928354,5,-0.258,-0.099,9.547,3.166
1425627206540,37.505441,139.928358,5,-0.201,-0.137,9.519,3.14
1425627206640,37.505443,139.928362,5,-0.172,-0.2,9.608,3.115
1425627206736,37.505444,139.928366,5,-0.156,-0.309,9.572,3.091
1425627206837,37.505446,139.92837,5,-0.151,-0.44,9.521,3.066
1425627206938,37.505447,139.928374,5,-0.151,-0.543,9.513,3.042
1425627207038,37.505449,139.928378,5,-0.13,-0.587,9.45,3.017
1425627207139,37.50545,139.928382,5,-0.1,-0.575,9.518,3.0
1425627207240,37.505451,139.928385,5,-0.049,-0.473,9.731,3.0
1425627207340,37.505452,139.928389,5,0.012,-0.338,9.667,3.0
1425627207436,37.505453,139.928392,5,0.07,-0.202,9.458,3.0
1425627207542,37.505454,139.928395,5,0.177,-0.112,9.298,3.0
1425627207637,37.505455,139.928398,5,0.25,-0.083,9.359,3.0
1425627207736,37.505456,139.928402,5,0.287,-0.119,9.633,3.0
1425627207839,37.505457,139.928405,5,0.242,-0.135,9.776,3.0
1425627207938,37.505458,139.928408,5,0.179,-0.116,9.599,3.0
1425627208036,37.505459,139.928412,5,0.124,-0.087,9.414,3.0
1425627208137,37.50546,139.928415,5,0.056,-0.066,9.415,3.0
1425627208237,37.505461,139.928419,5,0.032,-0.064,9.487,3.0
1425627208337,37.505462,139.928424,5,0.081,-0.049,9.642,3.0
1425627208438,37.505463,139.928428,5,0.212,0.085,9.751,3.0
1425627208539,37.505463,139.928432,5,0.396,0.207,9.572,3.0
1425627208639,37.505464,139.928436,5,0.569,0.217,9.412,3.0
1425627208740,37.505465,139.92844,5,0.68,0.204,9.47,3.0
1425627208836,37.505466,139.928444,5,0.669,0.2,9.61,3.0
1425627208937,37.505467,139.928449,5,0.492,0.197,9.664,3.0
1425627209037,37.505467,139.928453,5,0.228,0.177,9.612,3.0
1425627209138,37.505468,139.928457,5,-0.028,0.191,9.558,3.007
1425627209239,37.505469,139.92846,5,-0.279,0.195,9.471,3.031
1425627209339,37.50547,139.928462,5,-0.468,0.182,9.542,3.055
1425627209440,37.505471,139.928465,5,-0.538,0.167,9.641,3.08
1425627209536,37.505472,139.928468,5,-0.48,0.156,9.582,3.104
1425627209636,37.505473,139.928471,5,-0.37,0.19,9.416,3.129
1425627209737,37.505474,139.928474,5,-0.283,0.247,9.36,3.154
1425627209838,37.505474,139.928477,5,-0.248,0.234,9.478,3.18
1425627209939,37.505475,139.92848,5,-0.261,0.189,9.636,3.206
1425627210039,37.505476,139.928483,5,-0.305,0.189,9.733,3.232
1425627210140,37.505477,139.928486,5,-0.339,0.272,9.562,3.25
1425627210236,37.505478,139.928489,5,-0.389,0.346,9.399,3.25
1425627215331,37.505541,139.928692,5,-0.472,0.403,9.392,4.5
1425627215337,37.505541,139.928693,5,-0.469,0.406,9.404,4.5
1425627215437,37.505542,139.928696,5,-0.244,0.162,9.672,4.5
1425627215538,37.505543,139.9287,5,-0.115,-0.03,9.702,4.5
1425627215639,37.505544,139.928704,5,-0.066,-0.076,9.597,4.5
1425627215739,37.505545,139.928708,5,-0.04,-0.098,9.678,4.5
1425627215840,37.505546,139.928712,5,-0.022,-0.094,9.599,4.5
1425627215936,37.505546,139.928715,5,-0.009,-0.083,9.355,4.5
1425627216036,37.505547,139.928719,5,0.018,-0.142,9.467,4.5
1425627216137,37.505548,139.928723,6,0.202,-0.159,9.767,4.5
1425627216238,37.505549,139.928727,6,0.38,-0.096,9.491,4.5
1425627216339,37.50555,139.92873,6,0.325,-0.044,9.031,4.5
1425627216439,37.505551,139.928734,6,0.242,-0.04,9.093,4.5
1425627216540,37.505552,139.928738,6,0.165,-0.057,9.29,4.5
1425627216636,37.505553,139.928741,6,0.15,-0.091,9.504,4.5
1425627216736,37.505554,139.928745,6,0.142,-0.159,9.669,4.5
1425627216837,37.505555,139.928749,6,0.053,-0.065,9.401,4.5
1425627216938,37.505555,139.928753,6,0.017,-0.101,9.208,4.5
1425627217038,37.505556,139.928756,6,0.002,-0.16,9.401,4.5
1425627217140,37.505557,139.92876,6,-0.059,-0.176,9.658,4.5
1425627217240,37.505559,139.928765,6,0.004,-0.064,9.669,4.5
1425627219335,37.505587,139.92886,7,0.107,0.136,9.646,5.303
1425627224335,37.505722,139.929269,6,0.105,0.146,9.646,8.25
1425627224340,37.505722,139.929269,6,0.099,0.153,9.643,8.25
1425627224441,37.505725,139.929279,6,-0.122,0.012,9.652,8.25
1425627224536,37.505728,139.929288,6,-0.234,-0.143,9.76,8.25
1425627224637,37.505731,139.929298,6,-0.282,-0.227,9.725,8.25
1425627224738,37.505734,139.929308,6,-0.285,-0.237,9.482,8.25
1425627224838,37.505737,139.929318,6,-0.287,-0.225,9.439,8.25
1425627224939,37.50574,139.929327,6,-0.28,-0.267,9.611,8.25
1425627225040,37.505743,139.929337,6,-0.295,-0.35,9.914,8.25
1425627225140,37.505746,139.929347,6,-0.295,-0.328,9.807,8.235
1425627225236,37.505749,139.929354,6,-0.317,-0.304,9.654,8.185
1425627225337,37.505753,139.929363,6,-0.295,-0.226,9.394,8.134
1425627225438,37.505756,139.929371,6,-0.284,-0.187,9.261,8.083
1425627225538,37.505759,139.929379,6,-0.296,-0.177,9.386,8.032
1425627225639,37.505763,139.929387,6,-0.287,-0.242,9.488,7.982
1425627225740,37.505766,139.929396,6,-0.3,-0.275,9.529,7.931
1425627225840,37.505769,139.929404,6,-0.277,-0.272,9.521,7.882
1425627225936,37.505772,139.929411,6,-0.225,-0.244,9.534,7.835
1425627226037,37.505776,139.929419,6,-0.184,-0.251,9.45,7.785
1425627226137,37.505779,139.929428,7,-0.153,-0.292,9.438,7.75
1425627226238,37.505781,139.929437,7,-0.127,-0.311,9.63,7.75
1425627226339,37.505784,139.929446,7,-0.128,-0.286,9.615,7.75
1425627226440,37.505787,139.929456,7,-0.14,-0.28,9.581,7.75
1425627226540,37.50579,139.929465,7,-0.212,-0.328,9.731,7.75
1425627226636,37.505792,139.929474,7,-0.229,-0.317,9.696,7.75
1425627226737,37.505795,139.929483,7,-0.184,-0.293,9.521,7.75
1425627226837,37.505798,139.929493,7,-0.189,-0.272,9.447,7.75
1425627226938,37.5058,139.929502,7,-0.188,-0.244,9.535,7.75
1425627227039,37.505803,139.929511,7,-0.157,-0.223,9.433,7.75
1425627227140,37.505806,139.92952,7,-0.183,-0.227,9.19,7.742
1425627227240,37.505808,139.929528,7,-0.221,-0.279,9.432,7.717
1425627227336,37.50581,139.929536,7,-0.227,-0.28,9.581,7.693
1425627227437,37.505812,139.929544,7,-0.257,-0.281,9.485,7.667
1425627227537,37.505814,139.929552,7,-0.329,-0.277,9.459,7.642
1425627227638,37.505816,139.92956,7,-0.371,-0.308,9.619,7.617
1425627227739,37.505818,139.929567,7,-0.458,-0.322,9.754,7.592
1425627227839,37.50582,139.929575,7,-0.521,-0.273,9.443,7.567
1425627227940,37.505822,139.929583,7,-0.582,-0.214,9.188,7.542
1425627228036,37.505824,139.92959,7,-0.676,-0.282,9.641,7.518
1425627228136,37.505825,139.929599,9,-0.736,-0.355,10.028,7.48
1425627228237,37.505827,139.929609,9,-0.725,-0.344,9.756,7.4
1425627228338,37.505829,139.929619,9,-0.702,-0.255,9.328,7.322
1425627228439,37.505831,139.929629,9,-0.678,-0.18,9.33,7.245
1425627228539,37.505833,139.929638,9,-0.674,-0.189,9.551,7.169
1425627228640,37.505834,139.929648,9,-0.701,-0.194,9.469,7.093
1425627228736,37.505836,139.929657,9,-0.687,-0.196,9.211,7.021
1425627228836,37.505838,139.929667,9,-0.679,-0.235,9.451,6.948
1425627228937,37.505839,139.929676,9,-0.624,-0.32,9.84,6.874
1425627229038,37.505841,139.929685,9,-0.515,-0.291,9.715,6.801
1425627229138,37.505843,139.929694,9,-0.427,-0.253,9.539,6.75
1425627229239,37.505845,139.929703,9,-0.341,-0.206,9.429,6.75
1425627229340,37.505847,139.929711,9,-0.322,-0.21,9.418,6.75
1425627229436,37.505849,139.929719,9,-0.321,-0.222,9.459,6.75
1425627229536,37.505851,139.929727,9,-0.387,-0.329,9.482,6.75
1425627229637,37.505853,139.929735,9,-0.334,-0.621,9.46,6.75
1425627229738,37.505855,139.929744,9,-0.269,-0.987,9.344,6.75
1425627229838,37.505857,139.929752,9,-0.269,-1.281,9.363,6.75
1425627229939,37.505859,139.92976,9,-0.313,-1.486,9.614,6.75
1425627230040,37.505862,139.929768,9,-0.353,-1.605,9.788,6.75
1425627230136,37.505863,139.929775,6,-0.405,-1.617,9.672,6.729
1425627230236,37.505865,139.929781,6,-0.438,-1.531,9.335,6.651
1425627230337,37.505866,139.929786,6,-0.476,-1.579,9.439,6.572
1425627230438,37.505867,139.929792,6,-0.536,-1.593,9.638,6.494
1425627230538,37.505869,139.929797,6,-0.584,-1.575,9.611,6.418
1425627230639,37.50587,139.929802,6,-0.575,-1.576,9.509,6.342
1425627230740,37.505871,139.929807,6,-0.52,-1.528,9.392,6.267
1425627230841,37.505873,139.929813,6,-0.491,-1.514,9.378,6.193
1425627230936,37.505874,139.929817,6,-0.477,-1.526,9.464,6.124
1425627231037,37.505875,139.929822,6,-0.431,-1.544,9.599,6.052
1425627231138,37.505876,139.929827,6,-0.398,-1.545,9.542,5.933
1425627231238,37.505878,139.929829,6,-0.331,-1.549,9.397,5.699
1425627231339,37.50588,139.929831,6,-0.244,-1.498,9.492,5.471
1425627231440,37.505882,139.929833,6,-0.134,-1.393,9.609,5.252
1425627231540,37.505883,139.929836,6,-0.036,-1.311,9.583,5.042
1425627231636,37.505885,139.929838,6,0.056,-1.243,9.455,4.848
1425627231737,37.505886,139.929839,6,0.055,-1.238,9.473,4.652
1425627231837,37.505888,139.929841,6,-0.039,-1.244,9.677,4.467
1425627231938,37.505889,139.929843,6,-0.067,-1.227,9.51,4.287
1425627232040,37.50589,139.929845,6,-0.105,-1.216,9.397,4.114
1425627232140,37.505891,139.929847,6,-0.125,-1.211,9.544,3.956
1425627232241,37.505892,139.929852,6,-0.158,-1.223,9.492,3.81
1425627232336,37.505893,139.929856,6,-0.165,-1.274,9.502,3.677
1425627232437,37.505894,139.92986,6,-0.119,-1.297,9.696,3.54
1425627232537,37.505894,139.929864,6,-0.062,-1.272,9.588,3.41
1425627232638,37.505895,139.929868,6,-0.018,-1.205,9.359,3.282
1425627232739,37.505896,139.929872,6,-0.041,-1.204,9.367,3.16
1425627232840,37.505896,139.929876,6,-0.089,-1.245,9.51,3.042
1425627232940,37.505897,139.929879,6,-0.132,-1.208,9.517,2.93
1425627233036,37.505898,139.929883,6,-0.178,-1.085,9.418,2.827
1425627233137,37.505898,139.929885,5,-0.177,-0.87,9.388,2.717
1425627233237,37.505899,139.929887,5,-0.167,-0.805,9.483,2.598
1425627233338,37.5059,139.929888,5,-0.184,-0.828,9.649,2.483
1425627233439,37.5059,139.929889,5,-0.168,-0.82,9.771,2.372
1425627233539,37.505901,139.92989,5,-0.164,-0.796,9.648,2.267
1425627233640,37.505902,139.929891,5,-0.116,-0.722,9.386,2.165
1425627233736,37.505902,139.929892,5,-0.096,-0.723,9.288,2.072
1425627233837,37.505903,139.929893,5,-0.068,-0.764,9.539,1.979
1425627233937,37.505903,139.929894,5,-0.084,-0.816,9.703,1.891
1425627234038,37.505904,139.929895,5,-0.12,-0.779,9.592,1.807
1425627234139,37.505904,139.929897,5,-0.15,-0.731,9.39,1.722
1425627234239,37.505904,139.929899,5,-0.154,-0.712,9.308,1.63
1425627234340,37.505904,139.9299,5,-0.073,-0.735,9.409,1.541
1425627234436,37.505904,139.929902,5,-0.004,-0.823,9.6,1.461
1425627234536,37.505904,139.929904,5,0.036,-0.852,9.769,1.38
1425627234637,37.505903,139.929906,5,-0.06,-0.851,9.711,1.304
1425627234738,37.505903,139.929907,5,-0.164,-0.792,9.514,1.231
1425627234839,37.505903,139.929909,5,-0.229,-0.792,9.414,1.163
1425627234939,37.505903,139.92991,5,-0.143,-0.814,9.509,1.099
1425627235040,37.505903,139.929911,5,-0.033,-0.824,9.678,1.039
1425627235136,37.505903,139.929912,5,0.026,-0.796,9.639,0.983
1425627235236,37.505903,139.929913,5,-0.032,-0.723,9.454,0.919
1425627235337,37.505903,139.929914,5,-0.134,-0.675,9.339,0.857
1425627235438,37.505903,139.929915,5,-0.218,-0.685,9.464,0.799
1425627235539,37.505902,139.929916,5,-0.195,-0.689,9.659,0.745
1425627235639,37.505902,139.929916,5,-0.121,-0.668,9.67,0.694
1425627235740,37.505902,139.929917,5,-0.018,-0.584,9.52,0.646
1425627235836,37.505902,139.929918,5,-0.015,-0.537,9.41,0.604
1425627235941,37.505902,139.929918,5,-0.052,-0.528,9.476,0.561
1425627236037,37.505902,139.929919,5,-0.137,-0.54,9.577,0.525
1425627236136,37.505902,139.929919,4,-0.158,-0.522,9.61,0.474
1425627236238,37.505902,139.929919,4,-0.137,-0.479,9.521,0.38
1425627236338,37.505902,139.929919,4,-0.068,-0.433,9.461,0.298
1425627236440,37.505901,139.929919,4,-0.047,-0.423,9.483,0.224
1425627236536,37.505901,139.929919,4,-0.052,-0.421,9.591,0.165
1425627236636,37.505901,139.929919,4,-0.094,-0.262,9.675,0.112
1425627236737,37.505901,139.929919,4,-0.1,-0.083,9.603,0.07
1425627236838,37.505901,139.929919,4,-0.051,-0.001,9.427,0.037
1425627236938,37.505901,139.929919,4,0.0,0.044,9.373,0.015
1425627237039,37.505901,139.929919,4,-0.014,-0.011,9.509,0.003
1425627239139,37.505904,139.929921,3,0.056,0.656,9.723,0.001
1425627239240,37.505904,139.929921,3,0.111,0.951,9.804,0.013
1425627243333,37.505944,139.929998,5,0.12,1.294,9.743,2.63
1425627243338,37.505944,139.929998,5,0.11,1.299,9.736,2.627
1425627243439,37.505946,139.929998,5,-0.683,0.622,9.668,2.574
1425627243540,37.505948,139.929998,5,-1.101,0.086,9.648,2.523
1425627243641,37.505949,139.929998,5,-1.158,-0.155,9.618,2.472
1425627243736,37.505951,139.929998,5,-1.07,-0.237,9.407,2.425
1425627243837,37.505953,139.929998,5,-0.994,-0.285,9.482,2.377
1425627243938,37.505954,139.929998,5,-1.015,-0.245,9.274,2.329
1425627244038,37.505956,139.929998,5,-0.876,-0.136,9.168,2.283
1425627244139,37.505958,139.929998,5,-0.545,-0.071,9.548,2.263
1425627244240,37.505961,139.929998,5,-0.246,0.078,9.749,2.309
1425627244340,37.505964,139.929998,5,0.047,0.225,9.579,2.356
1425627244436,37.505968,139.929999,5,0.216,0.298,9.418,2.402
1425627244537,37.505971,139.929999,5,0.243,0.269,9.664,2.451
1425627244638,37.505975,139.929999,5,0.287,0.284,9.752,2.502
1425627244738,37.505978,139.929999,5,0.351,0.277,9.682,2.552
1425627244839,37.505982,139.929999,5,0.403,0.294,9.458,2.605
1425627244940,37.505986,139.93,5,0.493,0.443,9.265,2.658
1425627245040,37.505989,139.93,5,0.486,0.505,9.448,2.712
1425627245136,37.505993,139.93,5,0.372,0.513,9.731,2.756
1425627245237,37.505996,139.930001,5,0.17,0.489,9.801,2.781
1425627255333,37.506508,139.930124,6,0.102,0.464,9.96,6.693
1425627255338,37.506508,139.930124,6,0.101,0.469,9.95,6.692
1425627255438,37.506515,139.930126,6,0.151,0.271,9.65,6.667
1425627255539,37.506521,139.930127,6,0.207,0.081,9.663,6.642
1425627255640,37.506527,139.930128,6,0.222,-0.03,9.753,6.616
1425627255736,37.506533,139.93013,6,0.181,-0.133,9.855,6.592
1425627255836,37.506539,139.930131,6,0.186,-0.178,9.578,6.568
1425627255937,37.506545,139.930133,6,0.19,-0.151,9.42,6.543
1425627256038,37.506552,139.930134,6,0.244,-0.169,9.741,6.518
1425627256138,37.506558,139.930136,10,0.269,-0.129,9.64,6.485
1425627256239,37.506563,139.930138,10,0.216,-0.157,9.593,6.433
1425627256340,37.506569,139.93014,10,0.159,-0.126,9.621,6.381
1425627256440,37.506574,139.930142,10,0.046,-0.104,9.377,6.331
1425627256536,37.50658,139.930144,10,-0.01,-0.07,9.309,6.282
1425627256637,37.506585,139.930146,10,0.038,-0.041,9.412,6.232
1425627256738,37.50659,139.930148,10,0.051,-0.084,9.628,6.181
1425627256838,37.506596,139.93015,10,0.106,-0.074,9.646,6.132
1425627256939,37.506601,139.930153,10,0.07,-0.101,9.573,6.083
1425627257040,37.506606,139.930155,10,0.033,-0.068,9.426,6.034
1425627257140,37.506611,139.930157,11,-0.069,-0.168,9.738,6.0
1425627257236,37.506616,139.930158,11,0.015,-0.176,9.797,6.0
1425627257337,37.506621,139.93016,11,0.02,-0.162,9.778,6.0
1425627257438,37.506626,139.930162,11,-0.013,-0.09,9.424,6.0
1425627257538,37.506631,139.930164,11,-0.033,-0.073,9.292,6.0
1425627257639,37.506636,139.930166,11,-0.029,-0.079,9.5,6.0
1425627257740,37.506641,139.930167,11,0.006,-0.113,9.723,6.0
1425627257840,37.506646,139.930169,11,0.077,-0.137,9.709,6.0
1425627257936,37.50665,139.930171,11,0.12,-0.123,9.641,6.0
1425627258037,37.506655,139.930173,11,0.171,-0.065,9.581,6.0
1425627258137,37.506661,139.930174,13,0.148,-0.06,9.55,6.013
1425627258238,37.506668,139.930176,13,0.096,-0.01,9.405,6.062
1425627258339,37.506676,139.930178,13,0.054,-0.029,9.644,6.111
1425627258440,37.506683,139.930179,13,0.012,-0.081,9.674,6.161
1425627258540,37.506691,139.930181,13,0.065,-0.059,9.524,6.21
1425627258636,37.506698,139.930182,13,0.037,-0.062,9.577,6.258
1425627258737,37.506705,139.930184,13,0.01,-0.016,9.626,6.309
1425627258837,37.506713,139.930185,13,-0.009,-0.007,9.48,6.36
1425627258938,37.506721,139.930187,13,0.031,0.026,9.498,6.411
1425627259039,37.506728,139.930189,13,0.0,-0.027,9.641,6.463
1425627259139,37.506735,139.93019,13,-0.008,0.044,9.398,6.477
1425627259240,37.50674,139.93019,13,-0.038,0.04,9.399,6.397
1425627259336,37.506745,139.93019,13,-0.029,0.058,9.514,6.322
1425627259437,37.50675,139.930191,13,-0.043,0.037,9.501,6.245
1425627259537,37.506754,139.930191,13,-0.155,-0.013,9.663,6.169
1425627259638,37.506759,139.930191,13,-0.102,0.011,9.577,6.093
1425627259739,37.506764,139.930191,13,-0.059,-0.023,9.561,6.018
1425627259839,37.506768,139.930191,13,-0.025,0.0,9.426,5.944
1425627259940,37.506773,139.930192,13,-0.087,-0.016,9.485,5.871
1425627260036,37.506777,139.930192,13,-0.115,-0.056,9.654,5.802
1425627260136,37.506782,139.930192,14,-0.074,-0.056,9.685,5.743
1425627260237,37.506787,139.930192,14,-0.067,-0.039,9.522,5.718
1425627260338,37.506793,139.930192,14,-0.086,-0.014,9.432,5.692
1425627260439,37.506799,139.930193,14,-0.023,-0.005,9.521,5.667
1425627260539,37.506805,139.930193,14,0.037,-0.018,9.551,5.641
1425627260640,37.506811,139.930193,14,0.081,0.009,9.439,5.616
1425627260736,37.506816,139.930193,14,0.021,-0.007,9.37,5.592
1425627260836,37.506822,139.930193,14,-0.013,-0.065,9.653,5.567
1425627260937,37.506827,139.930194,14,-0.061,-0.104,9.845,5.542
1425627261038,37.506833,139.930194,14,-0.117,-0.058,9.402,5.518
1425627261139,37.506838,139.930195,14,-0.093,-0.029,9.373,5.477
1425627261239,37.506842,139.930197,14,-0.021,-0.09,9.677,5.397
1425627261340,37.506847,139.930199,14,-0.02,-0.273,9.575,5.318
1425627261436,37.506851,139.930201,14,-0.028,-0.381,9.266,5.243
1425627261536,37.506855,139.930203,14,0.022,-0.355,9.421,5.167
1425627261637,37.506859,139.930205,14,0.06,-0.323,9.94,5.091
1425627261738,37.506863,139.930208,14,0.13,-0.217,9.736,5.016
1425627261838,37.506867,139.93021,14,0.118,-0.236,9.19,4.943
1425627261939,37.506871,139.930212,14,0.08,-0.305,9.221,4.87
1425627262040,37.506874,139.930214,14,0.033,-0.358,9.717,4.799
1425627262141,37.506878,139.930215,13,0.025,-0.308,9.728,4.742
1425627262236,37.506882,139.930214,13,0.045,-0.283,9.515,4.718
1425627262337,37.506885,139.930213,13,0.01,-0.177,9.334,4.692
1425627262438,37.506889,139.930212,13,0.021,-0.131,9.523,4.667
1425627262538,37.506892,139.930212,13,0.134,-0.174,9.658,4.641
1425627262639,37.506896,139.930211,13,0.232,-0.14,9.592,4.616
1425627262740,37.506899,139.93021,13,0.213,-0.108,9.437,4.591
1425627262840,37.506903,139.930209,13,0.141,-0.049,9.439,4.566
1425627262936,37.506906,139.930208,13,0.064,-0.082,9.621,4.543
1425627263037,37.50691,139.930208,13,0.052,-0.119,9.676,4.518
1425627263138,37.506913,139.930207,13,0.033,-0.104,9.487,4.485
1425627263238,37.506917,139.930209,13,-0.0,-0.057,9.324,4.433
1425627263339,37.506921,139.930211,13,-0.034,-0.055,9.487,4.38
1425627263440,37.506925,139.930212,13,0.028,-0.116,9.736,4.328
1425627263540,37.506929,139.930214,13,0.188,-0.139,9.728,4.278
1425627263636,37.506933,139.930216,13,0.31,-0.138,9.515,4.23
1425627263737,37.506936,139.930217,13,0.263,-0.074,9.396,4.18
1425627263838,37.50694,139.930219,13,0.138,-0.023,9.405,4.13
1425627263938,37.506944,139.93022,13,0.035,-0.091,9.548,4.082
1425627264039,37.506947,139.930222,13,0.077,-0.212,9.593,4.034
1425627264140,37.506951,139.930223,12,0.137,-0.313,9.522,3.984
1425627264240,37.506954,139.930225,12,0.138,-0.34,9.451,3.931
1425627264341,37.506958,139.930226,12,0.063,-0.393,9.447,3.879
1425627264437,37.506961,139.930227,12,0.095,-0.429,9.502,3.829
1425627264536,37.506964,139.930228,12,0.16,-0.511,9.553,3.779
1425627264638,37.506967,139.93023,12,0.283,-0.599,9.664,3.728
1425627264737,37.50697,139.930231,12,0.279,-0.572,9.685,3.679
1425627264840,37.506973,139.930232,12,0.179,-0.536,9.647,3.628
1425627264939,37.506976,139.930233,12,-0.012,-0.497,9.521,3.581
1425627265036,37.506979,139.930234,12,-0.05,-0.398,9.319,3.535
1425627265137,37.506981,139.930235,13,-0.004,-0.38,9.256,3.477
1425627265237,37.506983,139.930236,13,0.1,-0.419,9.42,3.395
1425627265338,37.506984,139.930237,13,0.223,-0.464,9.805,3.313
1425627265439,37.506985,139.930238,13,0.281,-0.487,9.881,3.233
1425627265539,37.506986,139.930239,13,0.253,-0.353,9.595,3.156
1425627265640,37.506987,139.93024,13,0.158,-0.217,9.211,3.08
1425627265736,37.506988,139.930241,13,0.147,-0.148,9.165,3.009
1425627265837,37.506989,139.930242,13,0.281,-0.129,9.353,2.937
1425627265937,37.50699,139.930243,13,0.443,-0.164,9.591,2.867
1425627266038,37.506991,139.930243,13,0.587,-0.227,9.797,2.798
1425627266139,37.506993,139.930244,13,0.692,-0.221,9.876,2.742
1425627266239,37.506995,139.930245,13,0.65,-0.115,9.553,2.716
1425627266340,37.506998,139.930245,13,0.588,-0.04,9.29,2.69
1425627266436,37.507,139.930246,13,0.465,-0.023,9.171,2.666
1425627266536,37.507003,139.930247,13,0.43,-0.077,9.288,2.641
1425627266637,37.507005,139.930247,13,0.46,-0.11,9.567,2.615
1425627266738,37.507008,139.930248,13,0.535,-0.226,9.786,2.59
1425627266839,37.50701,139.930248,13,0.656,-0.17,9.747,2.565
1425627266939,37.507013,139.930249,13,0.792,-0.017,9.797,2.541
1425627267040,37.507015,139.93025,13,0.813,0.226,9.758,2.517
1425627267136,37.507017,139.93025,11,0.74,0.556,9.495,2.506
1425627267236,37.507019,139.930251,11,0.676,0.871,9.404,2.53
1425627269331,37.507066,139.930299,6,0.719,0.923,9.417,3.693
1425627269336,37.507066,139.930299,6,0.726,0.927,9.418,3.692
1425627269437,37.507068,139.930302,6,0.938,0.635,9.047,3.666
1425627269538,37.507071,139.930304,6,0.947,0.359,8.896,3.641
1425627269638,37.507073,139.930307,6,0.798,0.315,9.228,3.616
1425627269739,37.507075,139.93031,6,0.668,0.283,9.666,3.591
1425627269840,37.507077,139.930312,6,0.664,0.101,9.787,3.566
1425627269940,37.507079,139.930315,6,0.731,0.002,9.575,3.541
1425627270036,37.507081,139.930317,6,0.705,0.082,9.464,3.518
1425627270137,37.507083,139.93032,6,0.69,0.224,9.368,3.477
1425627270237,37.507083,139.930324,6,0.653,0.15,9.327,3.395
1425627270338,37.507083,139.930327,6,0.603,-0.001,9.761,3.313
1425627270439,37.507083,139.930331,6,0.637,0.002,9.879,3.233
1425627270540,37.507083,139.930335,6,0.625,0.023,9.6,3.155
1425627270640,37.507084,139.930338,6,0.599,0.029,9.497,3.08
1425627270736,37.507084,139.930341,6,0.488,0.019,9.576,3.009
1425627270837,37.507084,139.930345,6,0.428,-0.081,9.554,2.937
1425627270937,37.507084,139.930348,6,0.42,-0.231,9.483,2.867
1425627271039,37.507084,139.930351,6,0.416,-0.337,9.557,2.797
1425627271139,37.507084,139.930354,6,0.377,-0.431,9.764,2.757
1425627271239,37.507084,139.930357,6,0.339,-0.423,9.66,2.781
1425627271340,37.507083,139.930361,6,0.303,-0.351,9.336,2.806
1425627271436,37.507083,139.930364,6,0.191,-0.306,9.365,2.829
1425627271537,37.507082,139.930367,6,0.077,-0.303,9.645,2.854
1425627271637,37.507082,139.930371,6,-0.054,-0.301,9.628,2.879
1425627271738,37.507082,139.930374,6,-0.141,-0.26,9.391,2.904
1425627271839,37.507081,139.930377,6,-0.13,-0.243,9.398,2.93
1425627271939,37.507081,139.930381,6,-0.104,-0.239,9.553,2.956
1425627272040,37.50708,139.930385,6,-0.085,-0.247,9.697,2.982
1425627272136,37.50708,139.930388,5,-0.12,-0.218,9.606,2.993
1425627272237,37.507079,139.930391,5,-0.155,-0.01,9.652,2.967
1425627280333,37.506989,139.93079,5,-0.134,0.215,9.568,5.25
1425627280338,37.506989,139.93079,5,-0.131,0.225,9.568,5.25
1425627280439,37.506987,139.930797,5,0.062,0.165,9.405,5.25
1425627280540,37.506986,139.930804,5,0.177,0.065,9.61,5.25
1425627280636,37.506985,139.93081,5,0.201,-0.004,9.69,5.25
1425627280736,37.506983,139.930817,5,0.174,-0.089,9.667,5.25
1425627280837,37.506982,139.930824,5,0.161,-0.109,9.506,5.25
1425627280938,37.50698,139.93083,5,0.208,-0.08,9.403,5.25
1425627281038,37.506979,139.930837,5,0.177,-0.098,9.508,5.25
1425627281139,37.506978,139.930844,5,0.221,-0.085,9.414,5.235
1425627281240,37.506976,139.93085,5,0.241,-0.115,9.529,5.182
1425627281336,37.506975,139.930856,5,0.202,-0.136,9.725,5.133
1425627281436,37.506974,139.930862,5,0.166,-0.238,9.871,5.082
1425627281537,37.506972,139.930867,5,0.098,-0.211,9.349,5.03
1425627281638,37.506971,139.930873,5,0.071,-0.221,9.085,4.98
1425627281738,37.50697,139.930879,5,0.071,-0.275,9.132,4.93
1425627281839,37.506968,139.930885,5,0.092,-0.359,9.604,4.881
1425627281940,37.506967,139.930891,5,0.151,-0.463,9.682,4.831
1425627282040,37.506966,139.930896,5,0.048,-0.575,9.995,4.783
1425627282136,37.506965,139.930901,5,-0.015,-0.483,9.747,4.736
1425627282237,37.506963,139.930906,5,-0.149,-0.359,9.144,4.683
1425627282338,37.506962,139.930911,5,-0.091,-0.409,9.19,4.631
1425627282438,37.506961,139.930916,5,-0.084,-0.481,9.622,4.58
1425627282539,37.50696,139.93092,5,-0.234,-0.498,9.939,4.529
1425627282640,37.506958,139.930925,5,-0.453,-0.494,9.746,4.478
1425627282740,37.506957,139.93093,5,-0.55,-0.424,9.334,4.429
1425627282836,37.506956,139.930934,5,-0.464,-0.422,9.119,4.381
1425627282937,37.506955,139.930938,5,-0.304,-0.413,9.29,4.333
1425627283038,37.506954,139.930943,5,-0.156,-0.487,9.579,4.284
1425627283138,37.506953,139.930947,5,-0.088,-0.521,9.804,4.243
1425627283239,37.506951,139.930952,5,-0.112,-0.491,9.7,4.217
1425627283340,37.50695,139.930956,5,-0.19,-0.434,9.449,4.191
1425627283440,37.506949,139.930961,5,-0.158,-0.399,9.225,4.166
1425627283536,37.506948,139.930965,5,-0.023,-0.392,9.305,4.142
1425627283637,37.506947,139.93097,5,0.048,-0.464,9.61,4.116
1425627283737,37.506945,139.930974,5,0.036,-0.471,9.712,4.091
1425627283838,37.506944,139.930978,5,-0.039,-0.459,9.542,4.066
1425627283939,37.506943,139.930983,5,-0.022,-0.458,9.351,4.042
1425627284040,37.506942,139.930987,5,0.053,-0.622,9.264,4.017
1425627284140,37.506941,139.930991,5,0.139,-0.831,9.384,3.975
1425627284236,37.50694,139.930995,5,0.258,-0.997,9.619,3.897
1425627284337,37.50694,139.931,5,0.361,-1.129,9.877,3.816
1425627284437,37.506939,139.931004,5,0.38,-1.176,9.714,3.738
1425627284538,37.506939,139.931008,5,0.387,-1.154,9.545,3.66
1425627284639,37.506938,139.931012,5,0.322,-1.136,9.449,3.584
1425627284739,37.506938,139.931015,5,0.258,-1.101,9.249,3.51
1425627284840,37.506937,139.931019,5,0.212,-1.137,9.523,3.437
1425627284936,37.506937,139.931023,5,0.19,-1.169,9.709,3.369
1425627285037,37.506936,139.931026,5,0.166,-1.216,9.722,3.299
1425627285137,37.506936,139.93103,5,0.184,-1.201,9.641,3.218
1425627285238,37.506936,139.931032,5,0.058,-1.142,9.244,3.102
1425627285339,37.506935,139.931034,5,-0.055,-1.125,9.196,2.989
1425627285439,37.506935,139.931036,5,-0.045,-1.145,9.435,2.881
1425627285540,37.506935,139.931038,5,0.021,-1.135,9.67,2.775
1425627285636,37.506935,139.93104,5,0.031,-1.133,9.726,2.679
1425627285736,37.506935,139.931042,5,-0.056,-1.094,9.527,2.581
1425627285837,37.506934,139.931043,5,-0.17,-1.101,9.295,2.487
1425627285938,37.506934,139.931045,5,-0.174,-1.162,9.417,2.396
1425627286039,37.506934,139.931047,5,-0.07,-1.257,9.628,2.309
1425627286139,37.506934,139.931048,6,0.055,-1.335,9.689,2.185
1425627286240,37.506933,139.931046,6,0.098,-1.299,9.614,1.97
1425627286336,37.506933,139.931045,6,0.065,-1.237,9.525,1.78
1425627286436,37.506932,139.931044,6,-0.011,-1.107,9.513,1.596
1425627286537,37.506932,139.931043,6,-0.101,-0.965,9.548,1.426
1425627286638,37.506931,139.931042,6,-0.137,-0.877,9.511,1.271
1425627286738,37.506931,139.931041,6,-0.118,-0.819,9.432,1.133
1425627286839,37.506931,139.931041,6,-0.057,-0.762,9.429,1.008
1425627286940,37.50693,139.93104,6,0.029,-0.734,9.53,0.899
1425627287036,37.50693,139.931039,6,0.063,-0.735,9.578,0.81
1425627287136,37.50693,139.931039,6,0.047,-0.733,9.553,0.712
1425627287237,37.50693,139.931037,6,0.012,-0.663,9.536,0.572
1425627287338,37.50693,139.931035,6,-0.003,-0.47,9.635,0.447
1425627287438,37.506929,139.931034,6,0.02,-0.236,9.695,0.339
1425627287539,37.506929,139.931033,6,0.038,-0.016,9.534,0.245
1425627287640,37.506929,139.931032,6,0.058,0.099,9.335,0.166
1425627287736,37.506929,139.931031,6,0.074,0.056,9.322,0.105
1425627287836,37.506929,139.931031,6,0.07,-0.0,9.508,0.056
1425627287937,37.506929,139.93103,6,0.066,-0.035,9.68,0.022
1425627288038,37.506929,139.93103,6,0.07,-0.042,9.641,0.004
1425627289140,37.506925,139.931027,4,0.162,0.961,9.623,0.001
1425627289236,37.506925,139.931027,4,0.178,0.943,9.576,0.012
1425627291331,37.506918,139.931052,5,0.164,0.939,9.476,0.939
1425627291336,37.506917,139.931052,5,0.164,0.931,9.472,0.937
1425627291437,37.506917,139.931052,5,0.146,0.441,9.464,0.91
1425627291537,37.506916,139.931052,5,0.03,0.034,9.487,0.885
1425627291638,37.506916,139.931053,5,-0.127,-0.206,9.528,0.859
1425627291739,37.506915,139.931053,5,-0.222,-0.311,9.51,0.834
1425627291839,37.506914,139.931053,5,-0.229,-0.357,9.458,0.811
1425627291940,37.506914,139.931053,5,-0.125,-0.382,9.465,0.787
1425627292036,37.506913,139.931053,5,-0.022,-0.43,9.51,0.766
1425627292136,37.506913,139.931053,5,0.047,-0.465,9.583,0.731
1425627292237,37.506913,139.931053,5,0.043,-0.485,9.625,0.659
1425627292338,37.506914,139.931053,5,0.007,-0.491,9.565,0.592
1425627292438,37.506914,139.931053,5,-0.044,-0.494,9.478,0.531
1425627292539,37.506914,139.931054,5,-0.082,-0.491,9.499,0.474
1425627292640,37.506914,139.931054,5,-0.092,-0.501,9.526,0.423
1425627292741,37.506914,139.931054,5,-0.071,-0.501,9.529,0.376
1425627292836,37.506915,139.931054,5,-0.038,-0.495,9.525,0.337
1425627292942,37.506915,139.931054,5,-0.011,-0.465,9.549,0.299
1425627293038,37.506915,139.931054,5,0.015,-0.278,9.641,0.269
1425627293137,37.506915,139.931054,4,0.045,-0.037,9.662,0.237
1425627293239,37.506915,139.931054,4,0.035,0.131,9.53,0.19
1425627293338,37.506915,139.931053,4,0.009,0.197,9.369,0.149
1425627293436,37.506916,139.931053,4,-0.018,0.17,9.411,0.114
1425627293536,37.506916,139.931053,4,-0.008,0.107,9.585,0.082
1425627293637,37.506916,139.931052,4,0.015,0.018,9.629,0.056
1425627293738,37.506916,139.931052,4,0.045,0.024,9.568,0.035
1425627293838,37.506916,139.931052,4,0.044,0.088,9.532,0.018
1425627293939,37.506916,139.931052,4,0.034,0.169,9.538,0.007
1425627294040,37.506916,139.931052,4,0.015,0.144,9.512,0.001
1425627344334,37.506911,139.931159,5,0.063,0.416,9.575,2.25
1425627344338,37.506911,139.931159,5,0.054,0.418,9.574,2.25
1425627344439,37.506912,139.931162,5,-0.764,0.272,9.768,2.25
1425627344540,37.506912,139.931166,5,-1.435,0.065,9.999,2.25
1425627344641,37.506913,139.931169,5,-1.854,-0.147,9.68,2.25
1425627344736,37.506913,139.931172,5,-1.975,-0.275,9.468,2.25
1425627344837,37.506914,139.931176,5,-2.016,-0.251,9.469,2.25
1425627344938,37.506914,139.931179,5,-1.971,-0.112,9.33,2.25
1425627345038,37.506915,139.931183,5,-1.976,-0.126,9.235,2.25
1425627345139,37.506916,139.931186,5,-1.907,-0.169,9.338,2.257
1425627345240,37.506918,139.931188,5,-1.763,-0.172,9.568,2.281
1425627345336,37.50692,139.931191,5,-1.564,-0.115,9.73,2.304
1425627345436,37.506922,139.931193,5,-1.347,0.02,9.676,2.329
1425627345537,37.506924,139.931196,5,-1.23,0.214,9.37,2.354
1425627345638,37.506926,139.931198,5,-1.233,0.43,9.051,2.379
1425627345738,37.506928,139.931201,5,-1.25,0.595,9.052,2.404
1425627345839,37.50693,139.931204,5,-1.269,0.599,9.306,2.43
1425627345940,37.506932,139.931206,5,-1.197,0.469,9.705,2.456
1425627346040,37.506934,139.931209,5,-0.949,0.445,9.979,2.482
1425627346136,37.506937,139.931211,5,-0.585,0.611,9.828,2.506
1425627346237,37.506939,139.931213,5,-0.351,0.75,9.466,2.53
1425627356333,37.507657,139.931508,5,-0.187,0.851,9.384,9.444
1425627356338,37.507657,139.931508,5,-0.178,0.846,9.378,9.442
1425627356438,37.507665,139.931512,5,-0.017,0.349,9.378,9.417
1425627356539,37.507674,139.931515,5,0.111,0.134,9.677,9.392
1425627356640,37.507682,139.931519,5,0.223,-0.04,9.698,9.367
1425627356736,37.50769,139.931523,5,0.286,-0.169,9.497,9.343
1425627356836,37.507698,139.931527,5,0.309,-0.195,9.613,9.318
1425627356937,37.507707,139.931531,5,0.278,-0.251,9.658,9.293
1425627357038,37.507715,139.931534,5,0.279,-0.201,9.358,9.268
1425627357139,37.507723,139.931538,5,0.315,-0.178,9.209,9.25
1425627357239,37.507731,139.931542,5,0.355,-0.18,9.375,9.25
1425627357340,37.507739,139.931546,5,0.325,-0.226,9.503,9.25
1425627357436,37.507747,139.93155,5,0.305,-0.262,9.477,9.25
1425627357536,37.507755,139.931554,5,0.272,-0.329,9.68,9.25
1425627357637,37.507763,139.931558,5,0.278,-0.333,9.89,9.25
1425627357738,37.507771,139.931561,5,0.302,-0.353,9.96,9.25
1425627357838,37.507779,139.931565,5,0.203,-0.268,9.301,9.25
1425627357939,37.507786,139.931569,5,0.098,-0.148,8.539,9.25
1425627358040,37.507794,139.931573,5,0.079,-0.099,8.634,9.25
1425627358141,37.507802,139.931577,5,0.14,-0.25,9.378,9.234
1425627358236,37.507809,139.93158,5,0.22,-0.35,9.797,9.185
1425627358337,37.507816,139.931583,5,0.237,-0.403,9.99,9.134
1425627358438,37.507824,139.931586,5,0.213,-0.406,10.081,9.083
1425627358538,37.507831,139.931589,5,0.175,-0.345,10.052,9.033
1425627358639,37.507838,139.931592,5,0.169,-0.207,9.555,8.982
1425627358740,37.507845,139.931594,5,0.212,-0.096,9.053,8.932
1425627358840,37.507852,139.931597,5,0.255,-0.11,8.843,8.882
1425627358936,37.507859,139.9316,5,0.296,-0.204,9.237,8.835
1425627359037,37.507866,139.931603,5,0.307,-0.304,9.848,8.786
1425627359137,37.507873,139.931606,6,0.311,-0.392,10.272,8.757
1425627359238,37.507881,139.93161,6,0.421,-0.328,9.94,8.782
1425627359339,37.507889,139.931613,6,0.453,-0.197,9.156,8.807
1425627359440,37.507897,139.931617,6,0.483,-0.119,8.872,8.832
1425627359540,37.507906,139.93162,6,0.531,-0.175,9.113,8.857
1425627359636,37.507913,139.931624,6,0.648,-0.222,9.356,8.881
1425627359737,37.507922,139.931627,6,0.765,-0.31,9.53,8.906
1425627359837,37.50793,139.931631,6,0.843,-0.399,9.774,8.931
1425627359938,37.507938,139.931635,6,0.917,-0.402,10.043,8.956
1425627360039,37.507946,139.931638,6,0.936,-0.324,9.846,8.982
1425627360139,37.507954,139.931642,6,0.892,-0.232,9.283,8.985
1425627360240,37.507961,139.931645,6,0.867,-0.266,9.285,8.933
1425627360336,37.507968,139.931648,6,0.921,-0.282,9.617,8.885
1425627360437,37.507975,139.931652,6,0.969,-0.324,9.738,8.833
1425627360537,37.507982,139.931655,6,1.056,-0.357,9.705,8.783
1425627360638,37.507988,139.931658,6,1.209,-0.279,9.534,8.732
1425627360739,37.507995,139.931661,6,1.258,-0.311,9.44,8.682
1425627360839,37.508002,139.931665,6,1.309,-0.293,9.336,8.633
1425627360940,37.508009,139.931668,6,1.278,-0.347,9.501,8.583
1425627361036,37.508015,139.931671,6,1.268,-0.342,9.477,8.536
1425627361137,37.508022,139.931674,5,1.262,-0.388,9.459,8.486
1425627361237,37.508028,139.931678,5,1.235,-0.458,9.381,8.435
1425627361338,37.508035,139.931682,5,1.255,-0.641,9.492,8.383
1425627361439,37.508042,139.931686,5,1.238,-0.776,9.535,8.332
1425627361539,37.508048,139.93169,5,1.101,-0.878,9.548,8.282
1425627361640,37.508055,139.931693,5,0.909,-0.945,9.621,8.231
1425627361736,37.508061,139.931697,5,0.759,-0.939,9.695,8.183
1425627361837,37.508068,139.931701,5,0.582,-0.864,10.024,8.133
1425627361937,37.508074,139.931705,5,0.365,-0.611,9.625,8.084
1425627362038,37.50808,139.931708,5,0.244,-0.413,9.223,8.035
1425627362139,37.508087,139.931712,5,0.18,-0.345,9.415,8.0
1425627362239,37.508094,139.931716,5,0.047,-0.327,9.658,8.0
1425627362340,37.508101,139.93172,5,-0.124,-0.507,10.263,8.0
1425627362436,37.508108,139.931724,5,-0.308,-0.365,9.376,8.0
1425627362536,37.508115,139.931728,5,-0.557,-0.115,8.255,8.0
1425627362637,37.508122,139.931733,5,-0.897,-0.124,8.744,8.0
1425627362738,37.50813,139.931737,5,-1.148,-0.289,9.83,8.0
1425627362838,37.508137,139.931741,5,-1.222,-0.36,10.146,8.0
1425627362939,37.508144,139.931745,5,-1.194,-0.307,9.476,8.0
1425627363040,37.508151,139.931749,5,-1.242,-0.259,9.16,8.0
1425627363136,37.508158,139.931753,6,-1.371,-0.356,9.779,7.98
1425627363236,37.508163,139.931756,6,-1.318,-0.192,10.105,7.901
1425627363337,37.508169,139.93176,6,-1.111,0.104,9.687,7.823
1425627363438,37.508175,139.931764,6,-0.947,0.255,8.69,7.746
1425627363538,37.50818,139.931767,6,-0.828,0.313,8.542,7.67
1425627363639,37.508186,139.93177,6,-0.809,0.201,9.392,7.594
1425627363740,37.508191,139.931774,6,-0.849,0.064,10.282,7.519
1425627363841,37.508197,139.931777,6,-0.891,0.05,10.343,7.444
1425627363936,37.508202,139.93178,6,-0.913,0.149,9.712,7.375
1425627364042,37.508207,139.931784,6,-0.903,0.257,9.159,7.299
1425627364138,37.508213,139.931787,6,-0.899,0.291,9.073,7.257
1425627364237,37.50822,139.931789,6,-0.909,0.293,9.211,7.281
1425627364339,37.508227,139.931792,6,-0.855,0.255,9.475,7.307
1425627364438,37.508233,139.931794,6,-0.788,0.242,9.901,7.331
1425627364540,37.50824,139.931797,6,-0.748,0.302,10.074,7.356
1425627364636,37.508247,139.9318,6,-0.652,0.415,9.8,7.38
1425627364738,37.508254,139.931802,6,-0.614,0.519,9.404,7.406
1425627364838,37.508261,139.931805,6,-0.661,0.626,9.311,7.431
1425627364938,37.508268,139.931807,6,-0.733,0.665,9.28,7.456
1425627365039,37.508275,139.93181,6,-0.825,0.635,9.272,7.482
1425627365140,37.508282,139.931813,6,-0.912,0.531,9.28,7.507
1425627365240,37.50829,139.931815,6,-1.038,0.452,9.752,7.532
1425627371333,37.508819,139.931749,7,-1.069,0.461,9.916,9.805
1425627376333,37.509322,139.931725,6,-1.06,0.462,9.921,11.25
1425627376338,37.509322,139.931725,6,-1.047,0.466,9.926,11.25
1425627376439,37.50933,139.931725,6,-0.618,0.236,10.283,11.25
1425627376540,37.509339,139.931725,6,-0.265,0.162,10.219,11.25
1425627376640,37.509347,139.931724,6,-0.049,0.162,9.82,11.25
1425627376736,37.509355,139.931724,6,0.041,0.122,9.788,11.25
1425627376837,37.509363,139.931724,6,0.15,0.035,9.812,11.25
1425627376938,37.509372,139.931724,6,0.189,0.06,9.44,11.25
1425627377038,37.50938,139.931724,6,0.138,-0.011,9.054,11.25
1425627377139,37.509389,139.931724,6,0.064,-0.022,9.211,11.25
1425627377240,37.5094,139.931723,6,0.109,-0.027,9.523,11.25
1425627377340,37.50941,139.931723,6,-0.066,-0.083,9.848,11.25
1425627377436,37.509421,139.931722,6,0.008,-0.0,9.768,11.25
1425627377537,37.509431,139.931722,6,0.118,0.06,9.807,11.25
1425627377638,37.509442,139.931721,6,0.207,0.04,9.804,11.25
1425627377738,37.509453,139.931721,6,0.194,0.05,9.461,11.25
1425627377839,37.509463,139.93172,6,0.116,0.006,9.275,11.25
1425627377940,37.509474,139.93172,6,0.047,-0.072,9.687,11.25
1425627378040,37.509485,139.931719,6,0.011,-0.069,9.71,11.25
1425627378141,37.509495,139.931719,6,0.017,-0.002,9.452,11.258
1425627378237,37.509505,139.931717,6,0.072,0.018,9.345,11.281
1425627378336,37.509516,139.931716,6,0.024,-0.038,9.295,11.306
1425627378438,37.509526,139.931715,6,0.102,-0.23,9.218,11.331
1425627378537,37.509537,139.931714,6,0.124,-0.231,9.471,11.356
1425627378640,37.509547,139.931713,6,0.167,-0.315,9.706,11.382
1425627378739,37.509558,139.931711,6,0.205,-0.34,9.66,11.407
1425627378836,37.509568,139.93171,6,0.13,-0.389,9.584,11.431
1425627378937,37.509579,139.931709,6,0.172,-0.312,9.479,11.456
1425627379037,37.509589,139.931708,6,0.167,-0.269,9.531,11.482
1425627379139,37.5096,139.931707,5,0.127,-0.333,9.724,11.485
1425627379239,37.50961,139.931706,5,0.119,-0.284,9.641,11.434
1425627379339,37.50962,139.931705,5,0.096,-0.276,9.518,11.384
1425627379440,37.509629,139.931704,5,0.113,-0.216,9.407,11.333
1425627379536,37.509639,139.931704,5,0.072,-0.225,9.485,11.284
1425627379637,37.509649,139.931703,5,0.073,-0.222,9.486,11.234
1425627379737,37.509658,139.931702,5,0.139,-0.235,9.622,11.184
1425627379838,37.509668,139.931701,5,0.175,-0.218,9.678,11.134
1425627379939,37.509678,139.9317,5,0.167,-0.15,9.248,11.084
1425627380039,37.509687,139.9317,5,0.188,-0.146,9.131,11.035
1425627380140,37.509697,139.931699,4,0.205,-0.19,9.244,11.007
1425627380236,37.509707,139.931698,4,0.218,-0.297,9.685,11.031
1425627380337,37.509718,139.931698,4,0.165,-0.386,10.166,11.056
1425627380437,37.509728,139.931697,4,0.139,-0.353,10.042,11.081
1425627380538,37.509739,139.931696,4,0.072,-0.29,9.785,11.106
1425627380639,37.509749,139.931696,4,0.047,-0.221,9.534,11.132
1425627380739,37.50976,139.931695,4,0.025,-0.212,9.264,11.157
1425627380840,37.50977,139.931695,4,0.012,-0.224,9.22,11.182
1425627380936,37.509781,139.931694,4,0.032,-0.293,9.548,11.206
1425627381036,37.509791,139.931693,4,0.119,-0.316,9.714,11.231
1425627381137,37.509802,139.931693,5,0.163,-0.285,9.672,11.25
1425627381238,37.509812,139.931691,5,0.16,-0.333,9.799,11.25
1425627381339,37.509822,139.931689,5,0.222,-0.242,9.423,11.25
1425627381439,37.509832,139.931687,5,0.244,-0.229,9.476,11.25
1425627381540,37.509842,139.931686,5,0.269,-0.184,9.481,11.25
1425627381636,37.509852,139.931684,5,0.224,-0.216,9.507,11.25
1425627381736,37.509862,139.931682,5,0.173,-0.246,9.691,11.25
1425627381837,37.509872,139.931681,5,0.096,-0.256,9.612,11.25
1425627381938,37.509882,139.931679,5,0.084,-0.232,9.58,11.25
1425627382039,37.509892,139.931677,5,0.042,-0.224,9.405,11.25
1425627382139,37.509902,139.931676,5,0.057,-0.212,9.357,11.243
1425627382241,37.509911,139.931675,5,0.059,-0.26,9.636,11.217
1425627382336,37.50992,139.931674,5,0.067,-0.289,9.738,11.193
1425627382436,37.50993,139.931673,5,0.081,-0.278,9.646,11.168
1425627382537,37.509939,139.931673,5,0.043,-0.209,9.388,11.143
1425627382638,37.509948,139.931672,5,-0.009,-0.215,9.454,11.117
1425627382738,37.509958,139.931671,5,0.002,-0.266,9.703,11.092
1425627382839,37.509967,139.93167,5,0.006,-0.292,9.685,11.067
1425627382940,37.509976,139.931669,5,-0.039,-0.256,9.445,11.042
1425627383040,37.509986,139.931669,5,-0.103,-0.21,9.232,11.017
1425627383136,37.509994,139.931668,5,-0.177,-0.155,9.175,10.993
1425627383237,37.510004,139.931667,5,-0.257,-0.237,9.502,10.968
1425627383338,37.510014,139.931666,5,-0.397,-0.284,9.664,10.942
1425627383438,37.510023,139.931665,5,-0.535,-0.317,9.978,10.917
1425627383539,37.510033,139.931664,5,-0.457,-0.219,9.613,10.892
1425627383640,37.510043,139.931663,5,-0.48,-0.15,9.321,10.867
1425627383740,37.510052,139.931662,5,-0.465,-0.245,9.548,10.842
1425627383836,37.510061,139.931661,5,-0.503,-0.214,9.439,10.818
1425627383937,37.510071,139.93166,5,-0.379,-0.329,9.638,10.793
1425627384038,37.51008,139.931659,5,-0.246,-0.296,9.998,10.768
1425627384138,37.51009,139.931657,4,-0.278,-0.217,9.536,10.75
1425627384239,37.5101,139.931656,4,-0.172,-0.144,9.071,10.75
1425627384340,37.510109,139.931654,4,-0.188,-0.172,9.376,10.75
1425627384440,37.510119,139.931652,4,-0.141,-0.258,9.672,10.75
1425627384536,37.510128,139.93165,4,-0.045,-0.282,9.612,10.75
1425627384637,37.510138,139.931648,4,0.015,-0.266,9.669,10.75
1425627384737,37.510148,139.931646,4,0.012,-0.249,9.527,10.75
1425627384838,37.510158,139.931644,4,0.12,-0.259,9.619,10.75
1425627384939,37.510167,139.931642,4,0.263,-0.276,9.774,10.75
1425627385040,37.510177,139.93164,4,0.307,-0.24,9.555,10.75
1425627385141,37.510187,139.931639,5,0.365,-0.287,9.656,10.742
1425627385236,37.510196,139.931637,5,0.357,-0.298,9.907,10.718
1425627385337,37.510206,139.931636,5,0.311,-0.258,9.675,10.693
1425627385437,37.510216,139.931634,5,0.296,-0.188,9.422,10.668
1425627385538,37.510226,139.931633,5,0.24,-0.173,9.243,10.642
1425627385639,37.510236,139.931632,5,0.211,-0.165,9.394,10.617
1425627385739,37.510246,139.93163,5,0.166,-0.202,9.563,10.592
1425627385840,37.510256,139.931629,5,0.069,-0.234,9.512,10.567
1425627385936,37.510265,139.931627,5,0.127,-0.198,9.451,10.543
1425627386037,37.510275,139.931626,5,0.18,-0.232,9.58,10.518
1425627386137,37.510285,139.931625,5,0.251,-0.211,9.514,10.5
1425627386238,37.510294,139.931623,5,0.315,-0.235,9.514,10.5
1425627386339,37.510304,139.931622,5,0.384,-0.231,9.51,10.5
1425627386439,37.510314,139.93162,5,0.41,-0.24,9.427,10.5
1425627386540,37.510323,139.931619,5,0.45,-0.249,9.442,10.5
1425627386636,37.510332,139.931617,5,0.439,-0.29,9.561,10.5
1425627386737,37.510342,139.931616,5,0.514,-0.329,9.709,10.5
1425627386837,37.510352,139.931614,5,0.533,-0.299,9.9,10.5
1425627386938,37.510361,139.931613,5,0.492,-0.33,9.918,10.5
1425627387039,37.510371,139.931611,5,0.533,-0.182,9.327,10.5
1425627387139,37.510381,139.93161,5,0.541,-0.149,8.874,10.493
1425627387240,37.51039,139.931609,5,0.573,-0.141,8.994,10.467
1425627387336,37.510398,139.931609,5,0.624,-0.282,9.603,10.443
1425627387436,37.510407,139.931609,5,0.73,-0.395,10.036,10.418
1425627387537,37.510416,139.931608,5,0.897,-0.517,10.453,10.393
1425627387638,37.510425,139.931608,5,0.896,-0.446,10.196,10.367
1425627387739,37.510434,139.931607,5,0.643,-0.237,9.284,10.342
1425627387839,37.510442,139.931607,5,0.335,-0.091,8.329,10.317
1425627387940,37.510451,139.931607,5,0.315,-0.105,8.553,10.292
1425627388036,37.51046,139.931606,5,0.367,-0.364,9.96,10.268
1425627388137,37.510468,139.931606,5,0.392,-0.564,10.775,10.263
1425627388237,37.510478,139.931605,5,0.308,-0.461,10.199,10.312
1425627388338,37.510487,139.931605,5,0.141,-0.339,9.662,10.362
1425627388438,37.510496,139.931605,5,0.152,-0.141,9.022,10.411
1425627388539,37.510506,139.931604,5,0.182,-0.048,8.792,10.462
1425627388640,37.510515,139.931604,5,0.189,-0.118,8.95,10.512
1425627388736,37.510524,139.931604,5,0.137,-0.266,9.479,10.56
1425627388836,37.510534,139.931603,5,0.035,-0.343,10.087,10.611
1425627388937,37.510543,139.931603,5,0.002,-0.324,9.991,10.662
1425627389038,37.510553,139.931602,5,-0.057,-0.218,9.359,10.713
1425627389138,37.510563,139.931602,5,-0.014,-0.093,8.955,10.736
1425627389239,37.510572,139.931602,5,-0.065,-0.213,9.346,10.684
1425627389340,37.510581,139.931602,5,-0.105,-0.289,9.836,10.633
1425627389440,37.51059,139.931602,5,-0.114,-0.33,10.091,10.582
1425627389536,37.510598,139.931602,5,-0.149,-0.267,9.704,10.534
1425627389637,37.510607,139.931603,5,-0.094,-0.156,9.363,10.484
1425627389738,37.510616,139.931603,5,-0.078,-0.111,9.018,10.433
1425627389838,37.510624,139.931603,5,-0.153,-0.141,9.014,10.384
1425627389939,37.510633,139.931603,5,-0.209,-0.227,9.701,10.334
1425627390040,37.510642,139.931603,5,-0.202,-0.316,10.103,10.284
1425627390140,37.510651,139.931603,5,-0.253,-0.325,10.062,10.242
1425627390236,37.510659,139.931603,5,-0.198,-0.337,10.051,10.218
1425627390337,37.510667,139.931603,5,-0.219,-0.34,9.923,10.193
1425627390438,37.510675,139.931603,5,-0.174,-0.206,9.112,10.167
1425627390538,37.510684,139.931603,5,-0.091,-0.119,9.046,10.142
1425627390639,37.510692,139.931603,5,-0.059,-0.101,9.046,10.117
1425627390740,37.510701,139.931603,5,-0.106,-0.176,9.208,10.092
1425627390840,37.510709,139.931603,5,-0.127,-0.248,9.109,10.067
1425627390936,37.510717,139.931603,5,-0.128,-0.532,9.637,10.043
1425627391037,37.510725,139.931603,5,-0.124,-0.871,10.249,10.018
1425627391137,37.510733,139.931603,5,-0.032,-0.95,9.578,9.979
1425627391238,37.510741,139.931602,5,-0.062,-1.063,9.3,9.901
1425627391339,37.510749,139.931601,5,-0.074,-1.184,9.688,9.823
1425627391440,37.510757,139.9316,5,-0.039,-1.186,9.579,9.746
1425627391540,37.510764,139.931599,5,-0.009,-1.166,9.494,9.67
1425627391636,37.510772,139.931598,5,0.07,-0.863,9.859,9.598
1425627391737,37.510779,139.931597,5,0.122,-0.598,9.956,9.523
1425627391837,37.510787,139.931596,5,0.147,-0.415,9.427,9.449
1425627391938,37.510794,139.931595,5,0.099,-0.479,8.892,9.375
1425627392039,37.510802,139.931594,5,0.035,-0.66,8.92,9.301
1425627392140,37.510809,139.931593,5,0.079,-0.822,9.227,9.227
1425627392240,37.510818,139.931593,5,0.024,-0.977,9.593,9.149
1425627392336,37.510825,139.931593,5,-0.034,-1.056,9.78,9.075
1425627392442,37.510834,139.931594,5,-0.07,-1.061,9.709,8.994
1425627392537,37.510841,139.931594,5,-0.127,-1.142,9.958,8.922
1425627392636,37.510849,139.931594,5,-0.161,-1.132,9.957,8.848
1425627392739,37.510857,139.931594,5,-0.092,-1.036,9.478,8.771
1425627392838,37.510864,139.931594,5,0.028,-0.971,9.3,8.698
1425627392940,37.510872,139.931595,5,0.135,-0.922,9.189,8.623
1425627393036,37.510879,139.931595,5,0.14,-0.925,9.146,8.553
1425627393136,37.510887,139.931595,5,0.128,-0.942,9.12,8.472
1425627393237,37.510894,139.931594,5,0.123,-1.037,9.479,8.366
1425627393338,37.510901,139.931593,5,0.115,-1.246,10.375,8.261
1425627393439,37.510908,139.931592,5,0.167,-1.235,10.353,8.157
1425627393539,37.510915,139.931591,5,0.217,-1.119,9.749,8.056
1425627393640,37.510922,139.931591,5,0.256,-0.953,9.112,7.954
1425627393736,37.510929,139.93159,5,0.2,-0.992,9.378,7.859
1425627393836,37.510935,139.931589,5,0.17,-0.982,9.461,7.762
1425627393937,37.510942,139.931588,5,0.1,-0.97,9.282,7.664
1425627394038,37.510948,139.931588,5,0.118,-1.021,9.284,7.568
1425627394139,37.510955,139.931587,5,0.15,-1.064,9.247,7.469
1425627394239,37.510961,139.931588,5,0.23,-1.201,9.828,7.363
1425627394340,37.510967,139.931588,5,0.397,-1.212,9.776,7.257
1425627394436,37.510973,139.931589,5,0.497,-1.308,9.622,7.158
1425627394536,37.510979,139.93159,5,0.481,-1.262,9.346,7.057
1425627394637,37.510985,139.93159,5,0.513,-1.299,9.295,6.955
1425627394738,37.51099,139.931591,5,0.661,-1.379,9.6,6.855
1425627394838,37.510996,139.931591,5,0.933,-1.436,9.723,6.758
1425627394939,37.511002,139.931592,5,1.117,-1.417,9.375,6.661
1425627395040,37.511007,139.931593,5,1.176,-1.48,9.576,6.565
1425627395136,37.511012,139.931593,5,1.036,-1.468,9.476,6.472
1425627395236,37.511017,139.931594,5,0.921,-1.525,9.37,6.365
1425627395337,37.511021,139.931595,5,0.835,-1.65,9.7,6.258
1425627395438,37.511026,139.931595,5,1.052,-1.616,9.602,6.154
1425627395538,37.51103,139.931596,5,1.323,-1.59,9.282,6.052
1425627395639,37.511035,139.931597,5,1.53,-1.673,9.569,5.95
1425627395740,37.511039,139.931598,5,1.788,-1.68,9.961,5.851
1425627395841,37.511043,139.931598,5,2.063,-1.391,9.891,5.753
1425627395936,37.511047,139.931599,5,2.182,-1.078,9.464,5.662
1425627396037,37.511051,139.9316,5,2.136,-0.885,9.213,5.567
1425627396138,37.511055,139.931601,4,2.093,-0.83,9.322,5.478
1425627396238,37.511059,139.931605,4,2.045,-0.851,9.329,5.398
1425627396339,37.511064,139.931609,4,2.073,-0.917,9.515,5.319
1425627396440,37.511068,139.931613,4,2.322,-1.078,10.054,5.24
1425627396540,37.511072,139.931617,4,2.562,-1.097,9.787,5.164
1425627396636,37.511076,139.93162,4,2.623,-0.985,9.306,5.092
1425627396737,37.51108,139.931624,4,2.506,-0.876,9.086,5.017
1425627396837,37.511084,139.931627,4,2.29,-0.913,9.557,4.944
1425627396938,37.511088,139.931631,4,2.086,-0.926,9.665,4.871
1425627397039,37.511091,139.931635,4,2.001,-0.835,9.031,4.8
1425627397140,37.511095,139.931638,4,1.861,-0.773,8.588,4.75
1425627397240,37.511096,139.931643,4,1.655,-0.757,8.994,4.75
1425627397336,37.511098,139.931647,4,1.444,-0.949,9.892,4.75
1425627397437,37.5111,139.931651,4,1.326,-1.093,10.528,4.75
1425627397537,37.511102,139.931655,4,1.26,-0.975,9.285,4.75
1425627397638,37.511104,139.93166,4,0.84,-0.646,8.133,4.75
1425627397739,37.511106,139.931664,4,0.67,-0.427,8.732,4.75
1425627397840,37.511108,139.931668,4,0.665,-0.271,9.788,4.75
1425627397940,37.51111,139.931673,4,0.839,-0.277,9.96,4.75
1425627398036,37.511112,139.931677,4,1.029,-0.286,9.408,4.75
1425627398137,37.511113,139.931681,4,0.81,-0.397,9.562,4.75
1425627398237,37.511115,139.931686,4,0.463,-0.531,10.243,4.75
1425627398338,37.511116,139.93169,4,0.126,-0.408,9.544,4.75
1425627398439,37.511118,139.931695,4,-0.255,-0.289,8.638,4.75
1425627398540,37.511119,139.9317,4,-0.372,-0.522,9.854,4.75
1425627398640,37.51112,139.931704,4,-0.376,-0.579,10.437,4.75
1425627398736,37.511122,139.931709,4,-0.258,-0.436,9.441,4.75
1425627398837,37.511123,139.931713,4,-0.13,-0.234,8.447,4.75
1425627398937,37.511125,139.931718,4,-0.025,-0.137,8.537,4.75
1425627399038,37.511126,139.931723,4,0.182,-0.088,8.98,4.75
1425627399139,37.511128,139.931727,4,0.246,-0.208,9.25,4.743
1425627399239,37.51113,139.931732,4,0.208,-0.37,9.582,4.717
1425627399340,37.511132,139.931736,4,0.204,-0.499,9.947,4.691
1425627399436,37.511135,139.931741,4,0.204,-0.435,9.876,4.667
1425627399536,37.511137,139.931745,4,0.368,-0.492,9.764,4.642
1425627399637,37.511139,139.931749,4,0.426,-0.565,10.084,4.617
1425627399738,37.511142,139.931754,4,0.359,-0.535,10.029,4.591
1425627399839,37.511144,139.931758,4,0.221,-0.478,9.843,4.566
1425627399939,37.511146,139.931763,4,0.079,-0.406,9.649,4.542
1425627400040,37.511148,139.931767,4,-0.131,-0.328,9.514,4.517
1425627400136,37.51115,139.931771,4,-0.314,-0.293,9.309,4.5
1425627400236,37.511152,139.931776,4,-0.315,-0.378,9.573,4.5
1425627400337,37.511153,139.93178,4,-0.253,-0.527,10.016,4.5
1425627400438,37.511155,139.931785,4,-0.112,-0.544,9.982,4.5
1425627400539,37.511156,139.931789,4,-0.07,-0.432,9.354,4.5
1425627400639,37.511157,139.931794,4,-0.039,-0.315,9.238,4.5
1425627400740,37.511159,139.931798,4,-0.038,-0.305,9.507,4.5
1425627400836,37.51116,139.931803,4,-0.061,-0.406,9.687,4.5
1425627400936,37.511162,139.931807,4,-0.203,-0.563,9.712,4.5
1425627401037,37.511163,139.931812,4,-0.333,-0.63,9.581,4.5
1425627401138,37.511165,139.931816,4,-0.566,-0.684,9.254,4.477
1425627401239,37.511167,139.93182,4,-0.844,-0.792,9.079,4.396
1425627401339,37.511169,139.931823,4,-1.097,-0.999,9.45,4.316
1425627401440,37.511171,139.931827,4,-1.242,-1.226,9.894,4.237
1425627401536,37.511173,139.93183,4,-1.286,-1.338,10.067,4.164
1425627401636,37.511174,139.931834,4,-1.351,-1.198,9.678,4.089
1425627401737,37.511176,139.931837,4,-1.48,-0.889,9.309,4.014
1425627401838,37.511178,139.93184,4,-1.647,-0.685,9.378,3.94
1425627401938,37.51118,139.931844,4,-1.784,-0.645,9.437,3.869
1425627402039,37.511182,139.931847,4,-1.731,-0.667,9.42,3.799
1425627402140,37.511184,139.931849,5,-1.677,-0.658,9.56,3.742
1425627402240,37.511186,139.931851,5,-1.717,-0.629,9.624,3.717
1425627402336,37.511189,139.931853,5,-1.778,-0.632,9.449,3.692
1425627402437,37.511192,139.931854,5,-1.842,-0.664,9.225,3.666
1425627402538,37.511194,139.931856,5,-1.941,-0.825,9.663,3.641
1425627402638,37.511197,139.931858,5,-2.039,-0.902,9.799,3.616
1425627402739,37.5112,139.931859,5,-2.032,-0.88,9.434,3.591
1425627402840,37.511202,139.931861,5,-2.018,-0.873,9.546,3.566
1425627402940,37.511205,139.931862,5,-1.978,-0.881,9.773,3.541
1425627403036,37.511207,139.931864,5,-2.006,-0.82,9.511,3.518
1425627403137,37.51121,139.931865,5,-2.006,-0.652,9.287,3.5
1425627403237,37.511213,139.931865,5,-1.921,-0.405,9.362,3.5
1425627403338,37.511216,139.931865,5,-1.889,-0.394,9.333,3.5
1425627403439,37.51122,139.931865,5,-1.906,-0.564,9.298,3.5
1425627403540,37.511223,139.931865,5,-1.911,-0.575,9.577,3.5
1425627403640,37.511226,139.931866,5,-1.923,-0.466,9.946,3.5
1425627403736,37.511229,139.931866,5,-1.964,-0.335,9.837,3.5
1425627403837,37.511232,139.931866,5,-1.897,-0.151,9.352,3.5
1425627403938,37.511235,139.931866,5,-1.752,0.11,9.021,3.5
1425627404038,37.511239,139.931866,5,-1.603,0.353,9.171,3.5
1425627404139,37.511242,139.931865,5,-1.607,0.416,9.372,3.52
1425627404240,37.511246,139.931864,5,-1.606,0.405,9.517,3.589
1425627404340,37.51125,139.931862,5,-1.54,0.336,9.616,3.66
1425627404436,37.511253,139.93186,5,-1.311,0.463,9.725,3.729
1425627404537,37.511257,139.931858,5,-1.008,0.662,9.668,3.802
1425627404637,37.511261,139.931856,5,-0.809,0.786,9.551,3.877
1425627404738,37.511265,139.931854,5,-0.748,0.813,9.318,3.954
1425627404839,37.511269,139.931853,5,-0.795,0.8,9.273,4.032
1425627404939,37.511274,139.931851,5,-0.864,0.752,9.382,4.111
1425627405040,37.511278,139.931848,5,-0.806,0.705,9.549,4.193
1425627405136,37.511282,139.931846,5,-0.578,0.739,9.559,4.273
1425627405237,37.511287,139.931844,5,-0.26,0.886,9.53,4.365
1425627417332,37.51225,139.931545,4,-0.006,1.049,9.525,12.0
1425627417337,37.51225,139.931545,4,0.013,1.053,9.525,12.0
1425627417437,37.512261,139.931543,4,0.442,0.548,9.649,12.0
1425627417538,37.512273,139.931542,4,0.533,0.172,9.545,12.0
1425627417639,37.512284,139.931541,4,0.499,0.006,9.36,12.0
1425627417739,37.512295,139.93154,4,0.411,-0.058,9.272,12.0
1425627417840,37.512306,139.931539,4,0.314,-0.133,9.435,12.0
1425627417936,37.512317,139.931538,4,0.244,-0.204,9.513,12.0
1425627418036,37.512328,139.931537,4,0.225,-0.246,9.882,12.0
1425627418137,37.512339,139.931536,5,0.171,-0.195,9.962,12.0
1425627418238,37.51235,139.931536,5,0.099,-0.134,9.582,12.0
1425627418339,37.512361,139.931536,5,0.002,-0.086,9.441,12.0
1425627418439,37.512373,139.931535,5,-0.043,-0.031,9.359,12.0
1425627418540,37.512384,139.931535,5,-0.047,-0.011,9.263,12.0
1425627418636,37.512394,139.931535,5,-0.077,-0.006,9.296,12.0
1425627418736,37.512405,139.931535,5,-0.145,-0.039,9.368,12.0
1425627418837,37.512417,139.931535,5,-0.165,-0.065,9.645,12.0
1425627418938,37.512428,139.931534,5,-0.126,-0.065,9.676,12.0
1425627419039,37.512439,139.931534,5,-0.058,-0.014,9.391,12.0
1425627419139,37.51245,139.931534,6,0.033,0.002,9.499,12.0
1425627419240,37.512459,139.931534,6,0.168,0.002,9.531,12.0
1425627419336,37.512468,139.931534,6,0.267,-0.019,9.606,12.0
1425627419436,37.512478,139.931534,6,0.343,-0.044,9.874,12.0
1425627419537,37.512487,139.931534,6,0.352,-0.018,9.865,12.0
1425627419638,37.512497,139.931534,6,0.323,0.08,9.444,12.0
1425627419738,37.512506,139.931534,6,0.246,0.185,9.03,12.0
1425627419839,37.512516,139.931534,6,0.176,0.157,9.327,12.0
1425627419940,37.512525,139.931534,6,0.148,0.056,9.835,12.0
1425627420036,37.512534,139.931534,6,0.127,0.006,10.126,12.0
1425627420136,37.512544,139.931534,6,0.124,0.087,9.915,12.0
1425627420237,37.512555,139.931534,6,0.1,0.215,9.384,12.0
1425627420338,37.512565,139.931533,6,0.093,0.283,8.941,12.0
1425627420438,37.512576,139.931533,6,0.138,0.232,9.095,12.0
1425627420539,37.512587,139.931533,6,0.3,0.16,9.513,12.0
1425627420640,37.512598,139.931532,6,0.443,0.081,9.89,12.0
1425627420736,37.512608,139.931532,6,0.563,0.107,9.85,12.0
1425627420841,37.512619,139.931532,6,0.616,0.187,9.47,12.0
1425627420937,37.512629,139.931532,6,0.545,0.117,9.632,12.0
1425627421036,37.51264,139.931531,6,0.457,0.08,9.823,12.0
1425627421138,37.512651,139.931531,5,0.389,0.148,9.531,12.007
1425627421237,37.512661,139.931531,5,0.347,0.225,9.136,12.031
1425627421340,37.512671,139.931531,5,0.337,0.2,9.147,12.057
1425627421439,37.512681,139.931531,5,0.416,0.151,9.287,12.082
1425627421536,37.512691,139.931531,5,0.528,0.096,9.515,12.106
1425627421637,37.512701,139.93153,5,0.568,0.023,10.022,12.131
1425627421738,37.512711,139.93153,5,0.552,0.054,9.882,12.156
1425627421838,37.512721,139.93153,5,0.529,0.084,9.593,12.181
1425627421939,37.512732,139.93153,5,0.444,0.119,9.473,12.207
1425627422040,37.512742,139.93153,5,0.305,0.132,9.406,12.232
1425627422140,37.512753,139.93153,5,0.159,0.069,9.447,12.257
1425627422236,37.512764,139.93153,5,0.064,0.096,9.533,12.281
1425627422337,37.512776,139.931531,5,-0.067,0.083,9.685,12.306
1425627422438,37.512787,139.931531,5,-0.148,0.125,9.504,12.331
1425627422538,37.512799,139.931531,5,-0.222,0.114,9.515,12.356
1425627422639,37.512811,139.931532,5,-0.275,0.132,9.588,12.382
1425627422740,37.512823,139.931532,5,-0.33,0.14,9.666,12.407
1425627422840,37.512835,139.931532,5,-0.362,0.149,9.478,12.432
1425627422936,37.512846,139.931532,5,-0.339,0.201,9.361,12.456
1425627423037,37.512858,139.931533,5,-0.296,0.209,9.369,12.482
1425627423137,37.51287,139.931533,5,-0.192,0.164,9.408,12.5
1425627423238,37.512881,139.931534,5,-0.119,0.107,9.665,12.5
1425627423339,37.512893,139.931536,5,-0.073,0.055,9.976,12.5
1425627423440,37.512904,139.931537,5,-0.076,0.102,9.797,12.5
1425627423540,37.512916,139.931538,5,-0.107,0.125,9.5,12.5
1425627423636,37.512926,139.931539,5,-0.215,0.128,9.385,12.5
1425627423737,37.512938,139.93154,5,-0.309,0.137,9.331,12.5
1425627423837,37.512949,139.931541,5,-0.319,0.133,9.362,12.5
1425627423938,37.512961,139.931542,5,-0.202,0.144,9.466,12.5
1425627424039,37.512972,139.931543,5,-0.058,0.119,9.546,12.5
1425627424139,37.512983,139.931544,5,0.086,0.122,9.625,12.507
1425627424240,37.512996,139.931543,5,0.209,0.118,9.668,12.532
1425627424336,37.513007,139.931542,5,0.268,0.077,9.661,12.556
1425627424437,37.51302,139.931541,5,0.353,0.127,9.475,12.581
1425627424537,37.513032,139.931541,5,0.386,0.093,9.443,12.606
1425627424638,37.513044,139.93154,5,0.459,0.103,9.475,12.631
1425627424739,37.513056,139.931539,5,0.464,0.059,9.475,12.657
1425627424839,37.513069,139.931538,5,0.479,0.085,9.468,12.682
1425627424940,37.513081,139.931537,5,0.442,0.036,9.59,12.707
1425627425036,37.513093,139.931537,5,0.42,-0.024,9.605,12.731
1425627425137,37.513105,139.931536,5,0.415,0.012,9.639,12.75
1425627425237,37.513117,139.931536,5,0.373,0.0,9.703,12.75
1425627425338,37.513129,139.931536,5,0.398,0.091,9.496,12.75
1425627425439,37.513141,139.931537,5,0.405,0.048,9.553,12.75
1425627425539,37.513153,139.931537,5,0.422,0.041,9.471,12.75
1425627425640,37.513166,139.931537,5,0.432,0.056,9.474,12.75
1425627425736,37.513177,139.931537,5,0.453,0.036,9.524,12.75
1425627425836,37.513189,139.931537,5,0.499,0.042,9.483,12.75
1425627425937,37.513201,139.931538,5,0.521,0.014,9.376,12.75
1425627426038,37.513213,139.931538,5,0.504,-0.019,9.622,12.75
1425627426139,37.513225,139.931538,5,0.487,-0.038,9.796,12.757
1425627426239,37.513237,139.931539,5,0.473,-0.042,9.714,12.782
1425627426340,37.513249,139.931539,5,0.435,-0.017,9.546,12.807
1425627426436,37.513261,139.93154,5,0.432,0.041,9.235,12.831
1425627426536,37.513273,139.931541,5,0.449,0.072,9.18,12.856
1425627426637,37.513285,139.931541,5,0.455,0.029,9.387,12.881
1425627426738,37.513297,139.931542,5,0.478,-0.036,9.774,12.906
1425627426838,37.513309,139.931542,5,0.434,-0.079,9.948,12.932
1425627426939,37.513321,139.931543,5,0.403,-0.031,9.731,12.957
1425627427036,37.513333,139.931544,5,0.416,0.058,9.237,12.981
1425627427136,37.513345,139.931544,4,0.384,0.09,9.089,13.0
1425627427236,37.513356,139.931546,4,0.326,0.027,9.385,13.0
1425627427337,37.513367,139.931547,4,0.386,-0.031,9.59,13.0
1425627427438,37.513378,139.931549,4,0.413,-0.095,9.86,13.0
1425627427538,37.513389,139.93155,4,0.461,-0.035,9.596,13.0
1425627427639,37.5134,139.931551,4,0.502,0.015,9.294,13.0
1425627427740,37.513411,139.931553,4,0.556,-0.05,9.568,13.0
1425627427840,37.513422,139.931554,4,0.584,-0.069,9.745,13.0
1425627427936,37.513432,139.931556,4,0.569,-0.083,9.763,13.0
1425627428037,37.513443,139.931557,4,0.541,-0.018,9.442,13.0
1425627428138,37.513455,139.931558,4,0.508,0.025,9.197,13.0
1425627428238,37.513467,139.93156,4,0.465,-0.001,9.33,13.0
1425627428339,37.51348,139.931561,4,0.407,-0.092,9.807,13.0
1425627428440,37.513493,139.931562,4,0.345,-0.113,9.873,13.0
1425627428540,37.513506,139.931564,4,0.291,-0.069,9.636,13.0
1425627428636,37.513518,139.931565,4,0.295,-0.011,9.407,13.0
1425627428737,37.513531,139.931566,4,0.347,-0.007,9.333,13.0
1425627428838,37.513543,139.931567,4,0.398,-0.057,9.594,13.0
1425627428938,37.513556,139.931569,4,0.445,-0.069,9.794,13.0
1425627429039,37.513569,139.93157,4,0.509,-0.074,9.685,13.0
1425627429140,37.513582,139.931572,4,0.568,-0.01,9.365,13.007
1425627429240,37.513593,139.931573,4,0.613,0.003,9.221,13.032
1425627429336,37.513605,139.931575,4,0.596,-0.022,9.392,13.056
1425627429437,37.513617,139.931577,4,0.597,-0.099,9.7,13.081
1425627429537,37.513629,139.931579,4,0.591,-0.104,9.719,13.106
1425627429638,37.513641,139.93158,4,0.601,-0.062,9.578,13.131
1425627429739,37.513653,139.931582,4,0.587,-0.026,9.284,13.157
1425627429840,37.513665,139.931584,4,0.61,-0.032,9.257,13.182
1425627429936,37.513676,139.931586,4,0.651,-0.087,9.493,13.206
1425627430037,37.513688,139.931588,4,0.683,-0.083,9.727,13.232
1425627430137,37.5137,139.931589,4,0.683,-0.053,9.543,13.25
1425627430237,37.513712,139.93159,4,0.684,-0.043,9.644,13.25
1425627430338,37.513724,139.931592,4,0.64,-0.063,9.638,13.25
1425627430439,37.513736,139.931593,4,0.602,-0.014,9.516,13.25
1425627430539,37.513748,139.931594,4,0.561,-0.054,9.738,13.25
1425627430640,37.51376,139.931595,4,0.55,-0.004,9.433,13.25
1425627430736,37.513771,139.931596,4,0.518,0.001,9.192,13.25
1425627430836,37.513783,139.931597,4,0.509,-0.003,9.431,13.25
1425627430937,37.513795,139.931598,4,0.501,-0.065,9.761,13.25
1425627431038,37.513807,139.931599,4,0.515,-0.089,9.729,13.25
1425627431139,37.513818,139.931601,6,0.498,-0.056,9.529,13.25
1425627431239,37.513829,139.931604,6,0.486,0.006,9.362,13.25
1425627431340,37.51384,139.931608,6,0.452,0.035,9.156,13.25
1425627431436,37.51385,139.931611,6,0.468,-0.012,9.362,13.25
1425627431536,37.513861,139.931614,6,0.478,-0.088,9.854,13.25
1425627431637,37.513872,139.931617,6,0.542,-0.143,10.191,13.25
1425627431738,37.513883,139.931621,6,0.567,-0.138,10.114,13.25
1425627431839,37.513894,139.931624,6,0.588,-0.066,9.823,13.25
1425627431939,37.513905,139.931627,6,0.624,-0.058,9.865,13.25
1425627432040,37.513915,139.931631,6,0.618,-0.052,9.88,13.25
1425627432136,37.513926,139.931634,6,0.537,0.159,8.21,13.25
1425627432236,37.513937,139.931636,6,0.5,0.332,7.444,13.25
1425627432337,37.513949,139.931639,6,0.581,0.171,8.221,13.25
1425627432438,37.51396,139.931642,6,0.561,-0.221,9.815,13.25
1425627432538,37.513971,139.931645,6,0.598,-0.523,11.664,13.25
1425627432639,37.513983,139.931647,6,0.573,-0.644,12.184,13.25
1425627432740,37.513994,139.93165,6,0.59,-0.378,10.894,13.25
1425627432836,37.514005,139.931653,6,0.587,0.017,9.024,13.25
1425627432936,37.514016,139.931655,6,0.583,0.302,7.794,13.25
1425627433038,37.514028,139.931658,6,0.617,0.268,7.606,13.25
1425627433138,37.514039,139.931661,4,0.734,0.05,8.606,13.25
1425627433238,37.514051,139.931665,4,0.881,-0.232,10.115,13.25
1425627433339,37.514063,139.931669,4,0.898,-0.364,11.031,13.25
1425627433440,37.514076,139.931674,4,0.852,-0.356,10.732,13.25
1425627433536,37.514087,139.931677,4,0.809,-0.167,9.628,13.25
1425627433636,37.514099,139.931682,4,0.698,0.018,8.586,13.25
1425627433737,37.514111,139.931686,4,0.61,0.046,8.467,13.25
1425627433838,37.514123,139.93169,4,0.671,-0.074,9.234,13.25
1425627433938,37.514135,139.931694,4,0.733,-0.303,10.321,13.25
1425627434039,37.514147,139.931698,4,0.718,-0.306,10.367,13.25
1425627434140,37.514159,139.931702,4,0.679,-0.126,9.451,13.25
1425627434240,37.514171,139.931707,4,0.667,-0.047,8.992,13.25
1425627434336,37.514182,139.931711,4,0.607,-0.046,8.875,13.25
1425627434437,37.514194,139.931715,4,0.596,-0.153,9.437,13.25
1425627434538,37.514205,139.931719,4,0.593,-0.231,10.117,13.25
1425627434638,37.514217,139.931724,4,0.523,-0.228,9.963,13.25
1425627434739,37.514228,139.931728,4,0.451,-0.146,9.379,13.25
1425627434840,37.51424,139.931732,4,0.411,-0.105,9.075,13.25
1425627434940,37.514251,139.931737,4,0.469,-0.157,9.478,13.25
1425627435036,37.514262,139.931741,4,0.465,-0.2,9.834,13.25
1425627435142,37.514274,139.931746,5,0.503,-0.184,9.721,13.242
1425627435238,37.514284,139.931751,5,0.469,-0.098,9.456,13.218
1425627435337,37.514295,139.931756,5,0.444,-0.12,9.51,13.193
1425627435439,37.514305,139.931762,5,0.403,-0.135,9.483,13.167
1425627435538,37.514316,139.931767,5,0.389,-0.103,9.432,13.142
1425627435640,37.514326,139.931773,5,0.344,-0.086,9.364,13.117
1425627435736,37.514336,139.931778,5,0.353,-0.113,9.563,13.093
1425627435837,37.514347,139.931783,5,0.382,-0.162,9.644,13.068
1425627435937,37.514357,139.931789,5,0.451,-0.183,9.812,13.043
1425627436038,37.514368,139.931794,5,0.529,-0.203,9.909,13.018
1425627436139,37.514378,139.9318,5,0.585,-0.098,9.263,13.0
1425627436240,37.51439,139.931805,5,0.669,-0.042,8.887,13.0
1425627436340,37.514401,139.93181,5,0.707,-0.084,9.077,13.0
1425627436436,37.514412,139.931816,5,0.675,-0.193,9.622,13.0
1425627436537,37.514423,139.931821,5,0.618,-0.278,10.121,13.0
1425627436637,37.514435,139.931826,5,0.566,-0.263,10.098,13.0
1425627436738,37.514446,139.931832,5,0.512,-0.198,9.758,13.0
1425627436839,37.514457,139.931837,5,0.507,-0.075,9.122,13.0
1425627436939,37.514469,139.931843,5,0.473,-0.059,8.966,13.0
1425627437040,37.51448,139.931848,5,0.439,-0.069,9.27,13.0
1425627437136,37.514491,139.931854,5,0.442,-0.112,9.622,13.0
1425627437237,37.514502,139.931859,5,0.416,-0.169,9.834,13.0
1425627437337,37.514513,139.931865,5,0.33,-0.16,9.809,13.0
1425627437438,37.514524,139.931871,5,0.286,-0.115,9.594,13.0
1425627437539,37.514535,139.931877,5,0.265,-0.065,9.341,13.0
1425627437639,37.514546,139.931883,5,0.209,-0.085,9.31,13.0
1425627437740,37.514557,139.931889,5,0.23,-0.236,9.396,13.0
1425627437836,37.514567,139.931895,5,0.249,-0.318,9.603,13.0
1425627437936,37.514578,139.931901,5,0.227,-0.309,9.76,13.0
1425627438037,37.514589,139.931907,5,0.195,-0.367,9.612,13.0
1425627438138,37.5146,139.931912,5,0.146,-0.342,9.656,12.993
1425627438239,37.51461,139.931917,5,0.093,-0.303,9.578,12.967
1425627438339,37.514621,139.931922,5,0.049,-0.29,9.382,12.942
1425627438440,37.514631,139.931927,5,0.004,-0.277,9.409,12.917
1425627438536,37.514641,139.931932,5,0.003,-0.3,9.458,12.893
1425627438636,37.514651,139.931937,5,0.049,-0.317,9.609,12.868
1425627438738,37.514661,139.931942,5,0.109,-0.324,9.748,12.842
1425627438839,37.514672,139.931947,5,0.109,-0.305,9.677,12.817
1425627438939,37.514682,139.931952,5,0.115,-0.287,9.587,12.792
1425627439039,37.514692,139.931957,5,0.112,-0.266,9.386,12.768
1425627439140,37.514702,139.931962,5,0.1,-0.234,9.261,12.742
1425627439236,37.514713,139.931967,5,0.104,-0.246,9.336,12.718
1425627439336,37.514723,139.931972,5,0.102,-0.272,9.486,12.693
1425627439437,37.514734,139.931977,5,0.078,-0.343,9.7,12.668
1425627439538,37.514745,139.931982,5,0.073,-0.357,9.741,12.642
1425627439638,37.514756,139.931988,5,0.11,-0.304,9.592,12.617
1425627439739,37.514767,139.931993,5,0.132,-0.267,9.488,12.592
1425627439840,37.514777,139.931998,5,0.077,-0.259,9.296,12.567
1425627439936,37.514788,139.932003,5,0.062,-0.274,9.446,12.543
1425627440036,37.514798,139.932008,5,0.044,-0.294,9.693,12.518
1425627440137,37.514809,139.932014,6,0.053,-0.294,9.533,12.493
1425627440238,37.514819,139.932019,6,0.002,-0.31,9.617,12.468
1425627440338,37.514829,139.932025,6,0.026,-0.292,9.566,12.443
1425627440439,37.514839,139.932031,6,0.034,-0.28,9.486,12.417
1425627440540,37.514849,139.932037,6,0.065,-0.322,9.716,12.392
1425627440641,37.514859,139.932043,6,0.034,-0.371,9.795,12.367
1425627440736,37.514869,139.932048,6,0.068,-0.348,9.7,12.343
1425627440837,37.514879,139.932054,6,0.083,-0.275,9.389,12.318
1425627440938,37.514889,139.93206,6,0.078,-0.216,9.124,12.293
1425627441038,37.514899,139.932066,6,0.003,-0.257,9.378,12.268
1425627441139,37.514909,139.932072,7,-0.056,-0.324,9.697,12.25
1425627441240,37.51492,139.932077,7,-0.12,-0.342,9.611,12.25
1425627441340,37.514931,139.932082,7,-0.153,-0.314,9.644,12.25
1425627441436,37.514941,139.932087,7,-0.194,-0.28,9.613,12.25
1425627441537,37.514952,139.932093,7,-0.214,-0.325,9.582,12.25
1425627441638,37.514963,139.932098,7,-0.189,-0.348,9.598,12.25
1425627441738,37.514973,139.932103,7,-0.141,-0.281,9.519,12.25
1425627441839,37.514984,139.932109,7,-0.122,-0.212,9.231,12.25
1425627441940,37.514995,139.932114,7,-0.091,-0.182,8.999,12.25
1425627442040,37.515006,139.932119,7,-0.054,-0.304,9.555,12.25
1425627442136,37.515015,139.932124,7,-0.041,-0.399,10.057,12.23
1425627442237,37.515024,139.932129,7,-0.049,-0.443,10.075,12.152
1425627442337,37.515033,139.932134,7,-0.045,-0.45,9.885,12.076
1425627442438,37.515042,139.932139,7,-0.082,-0.405,9.067,11.999
1425627442539,37.515051,139.932144,7,-0.099,-0.417,8.505,11.922
1425627442639,37.51506,139.932149,7,-0.16,-0.542,9.047,11.847
1425627442740,37.515068,139.932154,7,-0.163,-0.718,9.911,11.772
1425627442836,37.515077,139.932159,7,-0.154,-0.872,10.363,11.701
1425627442937,37.515085,139.932164,7,-0.143,-0.904,10.196,11.626
1425627443037,37.515094,139.932169,7,-0.024,-0.782,9.767,11.553
1425627443138,37.515103,139.932173,6,0.083,-0.694,9.551,11.478
1425627443239,37.515112,139.932177,6,0.191,-0.649,9.07,11.4
1425627443339,37.515121,139.93218,6,0.226,-0.634,8.952,11.324
1425627443440,37.51513,139.932183,6,0.294,-0.794,9.496,11.247
1425627443536,37.515139,139.932187,6,0.342,-0.935,9.772,11.174
1425627443637,37.515148,139.93219,6,0.199,-1.007,9.458,11.098
1425627443737,37.515157,139.932194,6,0.1,-1.129,9.325,11.024
1425627443838,37.515166,139.932197,6,0.022,-1.254,9.911,10.949
1425627443939,37.515175,139.9322,6,-0.002,-1.321,9.976,10.875
1425627444039,37.515184,139.932204,6,0.024,-1.196,9.122,10.802
1425627444140,37.515193,139.932207,5,0.066,-1.228,9.316,10.719
1425627444236,37.515201,139.932212,5,0.186,-1.152,9.367,10.619
1425627444336,37.51521,139.932216,5,0.187,-1.096,8.689,10.515
1425627444437,37.515218,139.932221,5,0.23,-1.093,8.767,10.412
1425627444538,37.515227,139.932225,5,0.26,-1.258,9.77,10.31
1425627444639,37.515235,139.93223,5,0.306,-1.271,10.299,10.209
1425627444739,37.515244,139.932234,5,0.144,-1.36,10.519,10.11
1425627444840,37.515252,139.932239,5,-0.024,-1.211,9.931,10.01
1425627444936,37.51526,139.932243,5,-0.071,-1.092,9.464,9.917
1425627445036,37.515268,139.932247,5,-0.094,-0.963,9.285,9.821
1425627445137,37.515276,139.932251,5,0.016,-0.936,9.339,9.729
1425627445238,37.515284,139.932254,5,0.112,-1.018,9.69,9.651
1425627445339,37.515291,139.932257,5,0.086,-1.049,9.644,9.573
1425627445439,37.515299,139.93226,5,0.1,-1.041,9.569,9.497
1425627445540,37.515307,139.932264,5,0.192,-0.976,9.522,9.42
1425627445636,37.515314,139.932267,5,0.277,-0.97,9.537,9.348
1425627445736,37.515321,139.93227,5,0.341,-0.945,9.305,9.273
1425627445837,37.515328,139.932273,5,0.337,-0.935,9.174,9.199
1425627445938,37.515336,139.932276,5,0.288,-0.978,9.654,9.125
1425627446038,37.515343,139.932279,5,0.126,-1.116,9.892,9.052
1425627446139,37.51535,139.932282,5,0.057,-1.057,9.62,8.977
1425627446240,37.515357,139.932285,5,-0.021,-1.033,9.316,8.899
1425627446341,37.515363,139.932289,5,-0.053,-1.056,9.375,8.821
1425627446436,37.515369,139.932292,5,-0.055,-1.085,9.626,8.748
1425627446537,37.515376,139.932295,5,0.013,-1.117,9.598,8.672
1425627446638,37.515382,139.932298,5,0.0,-1.093,9.424,8.596
1425627446738,37.515389,139.932301,5,-0.048,-1.105,9.389,8.521
1425627446839,37.515395,139.932305,5,-0.079,-1.084,9.528,8.447
1425627446940,37.515402,139.932308,5,-0.036,-1.117,9.57,8.373
1425627447040,37.515408,139.932311,5,0.052,-1.183,9.794,8.3
1425627447136,37.515413,139.932314,5,0.075,-1.179,9.724,8.199
1425627447237,37.515418,139.932317,5,0.151,-1.159,9.546,8.005
1425627447338,37.515423,139.932321,5,0.194,-1.183,9.473,7.814
1425627447438,37.515428,139.932324,5,0.177,-1.201,9.391,7.63
1425627447540,37.515433,139.932328,5,0.19,-1.261,9.549,7.447
1425627447640,37.515437,139.932331,5,0.18,-1.291,9.661,7.271
1425627447740,37.515442,139.932334,5,0.101,-1.334,9.681,7.099
1425627447836,37.515446,139.932337,5,0.022,-1.324,9.618,6.938
1425627447937,37.51545,139.93234,5,-0.074,-1.329,9.502,6.773
1425627448038,37.515454,139.932343,5,-0.105,-1.283,9.425,6.612
1425627448138,37.515458,139.932346,4,-0.127,-1.244,9.435,6.461
1425627448239,37.515463,139.932348,4,-0.052,-1.221,9.351,6.324
1425627448340,37.515468,139.93235,4,0.06,-1.197,9.306,6.189
1425627448440,37.515473,139.932352,4,0.066,-1.238,9.619,6.058
1425627448536,37.515477,139.932354,4,0.069,-1.257,9.824,5.935
1425627448637,37.515481,139.932356,4,0.084,-1.217,9.612,5.808
1425627448737,37.515486,139.932357,4,0.071,-1.141,9.372,5.685
1425627448838,37.51549,139.932359,4,0.067,-1.093,9.506,5.564
1425627448939,37.515494,139.932361,4,0.033,-1.008,9.65,5.445
1425627449040,37.515498,139.932363,4,-0.005,-0.901,9.591,5.329
1425627449140,37.515502,139.932365,4,0.018,-0.815,9.492,5.226
1425627449241,37.515507,139.932367,4,0.062,-0.787,9.474,5.145
1425627449337,37.515511,139.932369,4,0.14,-0.738,9.308,5.07
1425627449436,37.515515,139.932372,4,0.101,-0.73,9.514,4.993
1425627449538,37.515519,139.932374,4,0.057,-0.752,9.745,4.915
1425627449637,37.515523,139.932376,4,-0.057,-0.763,9.685,4.84
1425627449739,37.515528,139.932378,4,-0.087,-0.685,9.53,4.765
1425627449838,37.515531,139.93238,4,-0.054,-0.693,9.482,4.693
1425627449936,37.515535,139.932382,4,-0.045,-0.707,9.479,4.622
1425627450036,37.515539,139.932384,4,-0.013,-0.676,9.546,4.552
1425627450137,37.515543,139.932386,4,-0.065,-0.681,9.596,4.478
1425627450238,37.515546,139.932388,4,-0.111,-0.722,9.637,4.396
1425627450339,37.515549,139.932389,4,-0.065,-0.694,9.598,4.316
1425627450440,37.515552,139.932391,4,-0.041,-0.627,9.4,4.237
1425627450540,37.515556,139.932392,4,-0.07,-0.653,9.406,4.161
1425627450636,37.515558,139.932394,4,-0.1,-0.707,9.522,4.089
1425627450736,37.515561,139.932395,4,-0.09,-0.736,9.689,4.015
1425627450837,37.515564,139.932396,4,-0.07,-0.708,9.738,3.941
1425627450938,37.515567,139.932398,4,-0.061,-0.679,9.502,3.869
1425627451039,37.51557,139.932399,4,-0.043,-0.624,9.305,3.799
1425627451139,37.515573,139.9324,4,-0.039,-0.612,9.533,3.743
1425627451240,37.515575,139.932402,4,-0.056,-0.637,9.733,3.717
1425627451336,37.515578,139.932403,4,-0.096,-0.667,9.577,3.692
1425627451436,37.515581,139.932404,4,-0.114,-0.657,9.429,3.667
1425627451537,37.515583,139.932406,4,-0.125,-0.621,9.553,3.641
1425627451638,37.515586,139.932407,4,-0.095,-0.579,9.565,3.616
1425627451738,37.515589,139.932408,4,-0.076,-0.589,9.423,3.591
1425627451839,37.515591,139.93241,4,-0.085,-0.621,9.443,3.566
1425627451940,37.515594,139.932411,4,-0.079,-0.641,9.639,3.541
1425627452036,37.515596,139.932412,4,-0.058,-0.574,9.535,3.518
1425627452136,37.515598,139.932414,5,-0.054,-0.509,9.255,3.47
1425627452237,37.5156,139.932415,5,-0.015,-0.549,9.483,3.355
1425627452338,37.515601,139.932417,5,0.031,-0.598,9.77,3.243
1425627452438,37.515603,139.932419,5,-0.006,-0.604,9.738,3.135
1425627452539,37.515604,139.932421,5,-0.066,-0.557,9.578,3.03
1425627452640,37.515605,139.932423,5,-0.066,-0.506,9.373,2.928
1425627452741,37.515607,139.932424,5,-0.042,-0.504,9.356,2.83
1425627452836,37.515608,139.932426,5,-0.045,-0.55,9.565,2.741
1425627452937,37.515609,139.932427,5,-0.069,-0.559,9.727,2.649
1425627453038,37.51561,139.932429,5,-0.067,-0.561,9.654,2.561
1425627453138,37.515612,139.93243,5,-0.031,-0.53,9.558,2.493
1425627453239,37.515614,139.932431,5,-0.011,-0.466,9.38,2.466
1425627453340,37.515617,139.932432,5,-0.024,-0.46,9.349,2.44
1425627453440,37.515619,139.932433,5,-0.055,-0.509,9.546,2.415
1425627453536,37.515622,139.932434,5,-0.05,-0.552,9.653,2.39
1425627453637,37.515624,139.932434,5,-0.005,-0.548,9.646,2.365
1425627453738,37.515626,139.932435,5,0.006,-0.49,9.584,2.34
1425627453838,37.515629,139.932436,5,-0.027,-0.435,9.4,2.315
1425627453939,37.515631,139.932437,5,-0.015,-0.418,9.287,2.291
1425627454040,37.515633,139.932437,5,0.047,-0.472,9.462,2.267
1425627454140,37.515635,139.932438,5,0.113,-0.524,9.746,2.233
1425627454236,37.515637,139.932438,5,0.13,-0.545,9.727,2.18
1425627454337,37.515638,139.932437,5,0.089,-0.533,9.52,2.126
1425627454437,37.51564,139.932437,5,0.039,-0.525,9.388,2.073
1425627454538,37.515641,139.932437,5,-0.003,-0.555,9.491,2.021
1425627454639,37.515643,139.932437,5,-0.029,-0.582,9.585,1.97
1425627454740,37.515644,139.932437,5,-0.015,-0.604,9.588,1.92
1425627454840,37.515646,139.932436,5,0.016,-0.615,9.554,1.873
1425627454936,37.515647,139.932436,5,0.037,-0.6,9.502,1.828
1425627455037,37.515648,139.932436,5,0.055,-0.603,9.469,1.782
1425627455137,37.515649,139.932436,5,0.08,-0.616,9.55,1.724
1425627455238,37.515651,139.932436,5,0.066,-0.647,9.6,1.631
1425627455339,37.515652,139.932436,5,0.065,-0.662,9.522,1.542
1425627455440,37.515653,139.932436,5,0.035,-0.653,9.467,1.457
1425627455540,37.515654,139.932436,5,-0.006,-0.642,9.519,1.377
1425627455636,37.515655,139.932436,5,-0.02,-0.63,9.54,1.305
1425627455737,37.515656,139.932436,5,-0.0,-0.613,9.552,1.232
1425627455837,37.515657,139.932436,5,0.023,-0.599,9.549,1.164
1425627455938,37.515658,139.932436,5,0.073,-0.59,9.527,1.1
1425627456039,37.515658,139.932436,5,0.085,-0.587,9.544,1.04
1425627456139,37.515659,139.932436,5,0.086,-0.577,9.559,0.981
1425627456241,37.515658,139.932435,5,0.062,-0.576,9.535,0.916
1425627456336,37.515658,139.932435,5,0.017,-0.568,9.504,0.858
1425627456437,37.515658,139.932435,5,0.005,-0.567,9.507,0.8
1425627456537,37.515657,139.932434,5,0.02,-0.577,9.512,0.746
1425627456638,37.515657,139.932434,5,0.043,-0.591,9.526,0.694
1425627456739,37.515657,139.932434,5,0.064,-0.608,9.554,0.647
1425627456839,37.515657,139.932434,5,0.074,-0.621,9.551,0.603
1425627456940,37.515656,139.932433,5,0.078,-0.61,9.533,0.561
1425627457036,37.515656,139.932433,5,0.06,-0.59,9.542,0.526
1425627457137,37.515657,139.932433,5,0.068,-0.432,9.636,0.473
1425627457237,37.515659,139.932433,5,0.077,-0.186,9.698,0.381
1425627457338,37.515661,139.932433,5,0.067,0.026,9.588,0.298
1425627457439,37.515663,139.932434,5,0.063,0.088,9.342,0.225
1425627457539,37.515665,139.932434,5,0.07,0.091,9.373,0.163
1425627457640,37.515666,139.932434,5,0.091,0.029,9.579,0.11
1425627457736,37.515667,139.932434,5,0.103,-0.079,9.666,0.07
1425627457836,37.515668,139.932434,5,0.089,-0.102,9.628,0.038
1425627457937,37.515669,139.932434,5,0.09,-0.028,9.563,0.015
1425627458038,37.515669,139.932434,5,0.072,0.044,9.51,0.003
1425627486332,37.516211,139.932684,7,0.06,-0.038,9.541,8.805
1425627492334,37.516622,139.932964,13,0.06,-0.036,9.543,9.36
1425627492337,37.516622,139.932964,13,0.061,-0.035,9.547,9.361
1425627492440,37.516637,139.93297,13,0.019,-0.062,9.716,9.412
1425627492536,37.516652,139.932976,13,0.016,-0.107,9.861,9.46
1425627492636,37.516666,139.932982,13,0.054,-0.124,9.789,9.51
1425627492737,37.516682,139.932988,13,0.005,-0.1,9.557,9.56
1425627492837,37.516697,139.932994,13,-0.059,0.01,8.83,9.611
1425627492938,37.516712,139.933,13,-0.073,0.041,8.696,9.662
1425627493039,37.516727,139.933007,13,0.037,-0.128,9.589,9.714
1425627493140,37.516741,139.933012,13,-0.017,-0.338,10.177,9.735
1425627493240,37.51675,139.933016,13,-0.017,-0.45,10.029,9.684
1425627493336,37.516758,139.933019,13,-0.061,-0.37,9.715,9.635
1425627493437,37.516767,139.933023,13,-0.067,-0.204,9.304,9.584
1425627493537,37.516776,139.933026,13,0.012,-0.098,8.975,9.533
1425627493638,37.516785,139.93303,13,0.071,-0.138,8.991,9.483
1425627493739,37.516793,139.933033,13,0.049,-0.297,9.627,9.432
1425627493839,37.516802,139.933037,13,-0.024,-0.492,10.512,9.383
1425627493940,37.516811,139.93304,13,-0.259,-0.568,10.878,9.333
1425627494036,37.516819,139.933043,13,-0.452,-0.381,10.31,9.286
1425627494137,37.516827,139.933046,6,-0.649,-0.176,9.507,9.243
1425627494237,37.516836,139.933048,6,-0.748,0.005,8.774,9.218
1425627494338,37.516844,139.933049,6,-0.844,0.067,8.627,9.192
1425627494439,37.516853,139.933051,6,-0.9,0.035,9.146,9.167
1425627494539,37.516861,139.933052,6,-0.893,-0.036,9.709,9.142
1425627494640,37.516869,139.933053,6,-0.807,-0.087,9.826,9.117
1425627494736,37.516877,139.933055,6,-0.687,-0.031,9.52,9.093
1425627494836,37.516885,139.933056,6,-0.679,-0.009,9.562,9.068
1425627494937,37.516894,139.933058,6,-0.709,-0.018,9.742,9.043
1425627495038,37.516902,139.933059,6,-0.768,-0.063,9.841,9.018
1425627495139,37.51691,139.933061,6,-0.805,-0.077,9.892,9.007
1425627495239,37.516918,139.933063,6,-0.765,-0.014,9.848,9.032
1425627495340,37.516926,139.933065,6,-0.798,0.061,9.576,9.057
1425627495436,37.516934,139.933068,6,-0.856,0.098,9.304,9.081
1425627495536,37.516941,139.93307,6,-0.928,0.098,9.314,9.106
1425627495638,37.516949,139.933073,6,-0.97,0.059,9.473,9.131
1425627495738,37.516957,139.933075,6,-0.937,0.055,9.584,9.156
1425627495838,37.516965,139.933077,6,-0.815,0.056,9.578,9.181
1425627495939,37.516973,139.93308,6,-0.692,0.033,9.643,9.207
1425627496040,37.516981,139.933082,6,-0.587,0.023,9.714,9.232
1425627496136,37.516989,139.933084,6,-0.537,0.02,9.759,9.243
1425627496236,37.516997,139.933086,6,-0.53,0.035,9.616,9.218
1425627496337,37.517005,139.933087,6,-0.515,0.101,9.433,9.193
1425627496438,37.517013,139.933089,6,-0.492,0.078,9.503,9.167
1425627496538,37.517021,139.93309,6,-0.476,-0.006,9.61,9.142
1425627496639,37.517029,139.933091,6,-0.466,-0.067,9.59,9.117
1425627496740,37.517036,139.933093,6,-0.43,-0.278,9.497,9.092
1425627496836,37.517044,139.933094,6,-0.384,-0.324,9.536,9.068
1425627496936,37.517052,139.933096,6,-0.352,-0.363,9.619,9.043
1425627497037,37.517059,139.933097,6,-0.328,-0.603,9.641,9.018
1425627497138,37.517067,139.933098,5,-0.303,-0.75,9.682,9.0
1425627497238,37.517076,139.933099,5,-0.253,-0.724,9.73,9.0
1425627497339,37.517084,139.933101,5,-0.229,-0.737,9.603,9.0
1425627497440,37.517092,139.933102,5,-0.21,-0.746,9.486,9.0
1425627497536,37.5171,139.933103,5,-0.197,-0.727,9.558,9.0
1425627497636,37.517109,139.933104,5,-0.19,-0.75,9.659,9.0
1425627497737,37.517117,139.933105,5,-0.197,-0.773,9.547,9.0
1425627497838,37.517125,139.933106,5,-0.174,-0.717,9.464,9.0
1425627497938,37.517134,139.933107,5,-0.126,-0.713,9.529,9.0
1425627498039,37.517142,139.933108,5,-0.049,-0.744,9.57,9.0
1425627498140,37.51715,139.933109,7,-0.008,-0.743,9.604,9.0
1425627498240,37.517158,139.93311,7,-0.007,-0.546,9.735,9.0
1425627498336,37.517166,139.933111,7,0.02,-0.327,9.668,9.0
1425627498437,37.517174,139.933112,7,0.009,-0.222,9.461,9.0
1425627498538,37.517182,139.933113,7,-0.013,-0.272,9.269,9.0
1425627498638,37.51719,139.933114,7,0.016,-0.253,9.479,9.0
1425627498739,37.517198,139.933115,7,0.03,-0.251,9.744,9.0
1425627498840,37.517206,139.933116,7,0.065,-0.279,9.617,9.0
1425627498940,37.517214,139.933117,7,0.132,-0.27,9.493,9.0
1425627499036,37.517221,139.933118,7,0.212,-0.256,9.544,9.0
1425627499137,37.517229,139.933119,7,0.267,-0.275,9.584,8.948
1425627499237,37.517235,139.933118,7,0.297,-0.269,9.483,8.757
1425627499338,37.51724,139.933118,7,0.26,-0.253,9.565,8.568
1425627499439,37.517246,139.933118,7,0.25,-0.245,9.618,8.383
1425627499540,37.517252,139.933117,7,0.239,-0.279,9.608,8.201
1425627499640,37.517257,139.933117,7,0.176,-0.276,9.6,8.026
1425627499736,37.517262,139.933116,7,0.143,-0.249,9.532,7.86
1425627499837,37.517267,139.933116,7,0.09,-0.274,9.619,7.69
1425627499937,37.517272,139.933116,7,0.058,-0.304,9.732,7.526
1425627500038,37.517277,139.933115,7,0.081,-0.272,9.54,7.363
1425627500139,37.517283,139.933115,7,0.144,-0.244,9.416,7.227
1425627500239,37.51729,139.933117,7,0.116,-0.272,9.539,7.149
1425627500340,37.517296,139.933118,7,0.194,-0.234,9.441,7.07
1425627500436,37.517302,139.933119,7,0.211,-0.208,9.372,6.997
1425627500537,37.517309,139.933121,7,0.144,-0.247,9.436,6.92
1425627500637,37.517315,139.933122,7,0.126,-0.279,9.415,6.845
1425627500738,37.517321,139.933123,7,0.118,-0.318,9.685,6.769
1425627500839,37.517328,139.933125,7,0.117,-0.325,9.772,6.695
1425627500939,37.517334,139.933126,7,0.109,-0.258,9.51,6.622
1425627501040,37.51734,139.933127,7,0.091,-0.261,9.561,6.55
1425627501136,37.517345,139.933128,6,0.088,-0.297,9.676,6.479
1425627501236,37.517351,139.933129,6,0.078,-0.296,9.505,6.4
1425627501337,37.517356,139.93313,6,-0.033,-0.343,9.521,6.322
1425627501438,37.517361,139.933131,6,-0.175,-0.435,9.615,6.244
1425627501539,37.517367,139.933132,6,-0.247,-0.474,9.441,6.167
1425627501639,37.517372,139.933132,6,-0.251,-0.522,9.408,6.092
1425627501740,37.517377,139.933133,6,-0.282,-0.614,9.52,6.017
1425627501836,37.517382,139.933134,6,-0.232,-0.606,9.546,5.946
1425627501936,37.517387,139.933135,6,-0.173,-0.646,9.528,5.874
1425627502037,37.517391,139.933135,6,-0.204,-0.623,9.675,5.802
1425627502138,37.517396,139.933136,5,-0.252,-0.542,9.528,5.728
1425627502239,37.517401,139.933138,5,-0.28,-0.499,9.397,5.647
1425627502339,37.517406,139.933139,5,-0.29,-0.495,9.59,5.569
1425627502440,37.51741,139.93314,5,-0.311,-0.496,9.62,5.491
1425627502536,37.517414,139.933141,5,-0.35,-0.474,9.488,5.418
1425627502636,37.517419,139.933143,5,-0.372,-0.454,9.46,5.342
1425627502737,37.517423,139.933144,5,-0.371,-0.452,9.475,5.268
1425627502838,37.517428,139.933145,5,-0.351,-0.405,9.461,5.194
1425627502938,37.517432,139.933146,5,-0.359,-0.442,9.572,5.122
1425627503039,37.517436,139.933147,5,-0.351,-0.455,9.627,5.05
1425627503140,37.51744,139.933148,5,-0.343,-0.411,9.48,4.984
1425627503236,37.517443,139.933148,5,-0.298,-0.434,9.467,4.934
1425627503336,37.517447,139.933147,5,-0.284,-0.481,9.594,4.882
1425627503437,37.51745,139.933147,5,-0.278,-0.489,9.638,4.831
1425627503538,37.517454,139.933147,5,-0.241,-0.449,9.597,4.78
1425627503638,37.517457,139.933146,5,-0.191,-0.462,9.509,4.729
1425627503739,37.51746,139.933146,5,-0.193,-0.452,9.471,4.679
1425627503840,37.517463,139.933146,5,-0.249,-0.447,9.523,4.63
1425627503940,37.517467,139.933145,5,-0.268,-0.425,9.534,4.581
1425627504036,37.51747,139.933145,5,-0.272,-0.438,9.639,4.535
1425627504137,37.517473,139.933145,5,-0.239,-0.397,9.639,4.478
1425627504238,37.517477,139.933145,5,-0.214,-0.356,9.494,4.396
1425627504338,37.51748,139.933145,5,-0.215,-0.325,9.521,4.317
1425627504440,37.517484,139.933145,5,-0.243,-0.285,9.491,4.237
1425627504540,37.517487,139.933145,5,-0.233,-0.261,9.356,4.161
1425627504640,37.517491,139.933144,5,-0.183,-0.308,9.486,4.086
1425627504736,37.517494,139.933144,5,-0.173,-0.396,9.746,4.015
1425627504837,37.517497,139.933144,5,-0.164,-0.306,9.618,3.941
1425627504937,37.517501,139.933144,5,-0.182,-0.287,9.441,3.87
1425627505038,37.517504,139.933144,5,-0.196,-0.281,9.482,3.799
1425627505139,37.517507,139.933144,4,-0.207,-0.307,9.474,3.734
1425627505240,37.517511,139.933145,4,-0.189,-0.319,9.393,3.681
1425627505340,37.517514,139.933145,4,-0.165,-0.345,9.557,3.629
1425627505436,37.517517,139.933145,4,-0.18,-0.377,9.671,3.579
1425627505537,37.517521,139.933146,4,-0.214,-0.344,9.657,3.528
1425627505637,37.517524,139.933146,4,-0.294,-0.321,9.546,3.478
1425627505738,37.517527,139.933147,4,-0.28,-0.272,9.38,3.428
1425627505839,37.517531,139.933147,4,-0.214,-0.282,9.396,3.378
1425627505940,37.517534,139.933147,4,-0.25,-0.33,9.575,3.33
1425627506040,37.517537,139.933148,4,-0.334,-0.363,9.697,3.283
1425627506136,37.51754,139.933148,5,-0.353,-0.352,9.692,3.236
1425627506242,37.517544,139.933147,5,-0.315,-0.334,9.529,3.179
1425627506337,37.517547,139.933146,5,-0.221,-0.287,9.409,3.129
1425627506436,37.51755,139.933145,5,-0.146,-0.318,9.507,3.078
1425627506539,37.517553,139.933144,5,-0.154,-0.349,9.538,3.025
1425627506638,37.517557,139.933144,5,-0.181,-0.381,9.614,2.976
1425627506740,37.51756,139.933143,5,-0.238,-0.418,9.61,2.925
1425627506836,37.517563,139.933142,5,-0.257,-0.44,9.5,2.879
1425627506936,37.517566,139.933141,5,-0.191,-0.441,9.418,2.831
1425627507037,37.517569,139.933141,5,-0.194,-0.493,9.488,2.784
1425627507138,37.517572,139.93314,5,-0.184,-0.502,9.649,2.726
1425627507239,37.517574,139.933139,5,-0.185,-0.477,9.608,2.64
1425627507339,37.517576,139.933139,5,-0.191,-0.469,9.529,2.557
1425627507441,37.517578,139.933138,5,-0.179,-0.467,9.47,2.476
1425627507536,37.517579,139.933138,5,-0.209,-0.493,9.472,2.402
1425627507636,37.517581,139.933137,5,-0.238,-0.533,9.548,2.326
1425627507737,37.517583,139.933137,5,-0.203,-0.534,9.54,2.252
1425627507838,37.517585,139.933136,5,-0.187,-0.554,9.456,2.181
1425627507939,37.517586,139.933136,5,-0.177,-0.538,9.561,2.111
1425627508039,37.517588,139.933135,5,-0.118,-0.566,9.64,2.045
1425627508140,37.517589,139.933135,5,-0.11,-0.581,9.573,1.972
1425627508236,37.51759,139.933135,5,-0.089,-0.564,9.511,1.886
1425627508336,37.517591,139.933136,5,-0.145,-0.576,9.507,1.8
1425627508437,37.517592,139.933136,5,-0.172,-0.566,9.622,1.717
1425627508538,37.517593,139.933136,5,-0.188,-0.495,9.629,1.637
1425627508639,37.517594,139.933137,5,-0.182,-0.375,9.515,1.56
1425627508739,37.517594,139.933137,5,-0.135,-0.282,9.466,1.488
1425627508840,37.517595,139.933137,5,-0.124,-0.268,9.484,1.418
1425627508936,37.517596,139.933138,5,-0.099,-0.238,9.555,1.356
1425627509036,37.517597,139.933138,5,-0.1,-0.21,9.557,1.294
1425627509137,37.517597,139.933138,5,-0.098,-0.144,9.519,1.233
1425627509238,37.517597,139.933139,5,-0.116,-0.154,9.571,1.172
1425627509338,37.517597,139.933139,5,-0.138,-0.143,9.684,1.114
1425627509439,37.517597,139.93314,5,-0.102,-0.09,9.624,1.058
1425627509540,37.517597,139.93314,5,-0.122,-0.042,9.488,1.004
1425627509636,37.517597,139.93314,5,-0.122,0.014,9.456,0.956
1425627509736,37.517597,139.933141,5,-0.148,0.004,9.535,0.908
1425627509837,37.517597,139.933141,5,-0.13,0.105,9.683,0.862
1425627509938,37.517597,139.933141,5,-0.109,0.263,9.644,0.818
1425627510038,37.517597,139.933142,5,-0.075,0.491,9.594,0.778
1425627510139,37.517597,139.933142,5,-0.064,0.666,9.479,0.756
1425627510240,37.517598,139.933143,5,-0.069,0.805,9.426,0.778
1425627518332,37.517794,139.933155,4,-0.062,1.004,9.565,3.0
1425627518337,37.517794,139.933155,4,-0.061,1.001,9.575,3.0
1425627518437,37.517797,139.933155,4,-0.15,0.558,9.473,3.0
1425627518538,37.5178,139.933155,4,-0.184,0.279,9.605,3.0
1425627518639,37.517802,139.933154,4,-0.195,0.123,9.694,3.0
1425627518740,37.517805,139.933154,4,-0.239,0.005,9.471,3.0
1425627518840,37.517808,139.933154,4,-0.278,-0.005,9.417,3.0
1425627518936,37.51781,139.933154,4,-0.335,-0.014,9.586,3.0
1425627519037,37.517813,139.933154,4,-0.333,-0.036,9.74,3.0
1425627519137,37.517816,139.933154,4,-0.353,-0.026,9.575,2.993
1425627519238,37.517818,139.933154,4,-0.372,-0.08,9.444,2.967
1425627519339,37.517821,139.933154,4,-0.414,-0.16,9.425,2.941
1425627519439,37.517823,139.933154,4,-0.398,-0.244,9.465,2.915
1425627519540,37.517826,139.933154,4,-0.367,-0.317,9.561,2.89
1425627519636,37.517828,139.933155,4,-0.359,-0.331,9.659,2.866
1425627519737,37.51783,139.933155,4,-0.372,-0.338,9.548,2.841
1425627519837,37.517833,139.933155,4,-0.418,-0.39,9.357,2.816
1425627519938,37.517835,139.933155,4,-0.419,-0.422,9.48,2.791
1425627520039,37.517837,139.933155,4,-0.408,-0.479,9.646,2.767
1425627520139,37.51784,139.933155,4,-0.343,-0.45,9.613,2.725
1425627520240,37.517842,139.933155,4,-0.322,-0.404,9.442,2.639
1425627520341,37.517843,139.933155,4,-0.296,-0.354,9.507,2.556
1425627520436,37.517845,139.933155,4,-0.275,-0.331,9.623,2.479
1425627520542,37.517847,139.933155,4,-0.297,-0.355,9.601,2.397
1425627520638,37.517849,139.933156,4,-0.332,-0.35,9.54,2.324
1425627520737,37.51785,139.933156,4,-0.399,-0.332,9.446,2.252
1425627520839,37.517852,139.933156,4,-0.432,-0.325,9.429,2.18
1425627520938,37.517853,139.933156,4,-0.446,-0.355,9.526,2.112
1425627521036,37.517855,139.933156,4,-0.421,-0.385,9.611,2.047
1425627521136,37.517856,139.933156,4,-0.357,-0.373,9.608,1.985
1425627521237,37.517858,139.933156,4,-0.314,-0.356,9.512,1.929
1425627521338,37.517859,139.933156,4,-0.29,-0.335,9.514,1.873
1425627521438,37.51786,139.933156,4,-0.327,-0.324,9.533,1.82
1425627521539,37.517862,139.933156,4,-0.362,-0.342,9.556,1.768
1425627521640,37.517863,139.933157,4,-0.389,-0.341,9.566,1.717
1425627521736,37.517864,139.933157,4,-0.402,-0.331,9.522,1.67
1425627521836,37.517865,139.933157,4,-0.374,-0.335,9.487,1.623
1425627521937,37.517866,139.933157,4,-0.35,-0.342,9.527,1.576
1425627522038,37.517867,139.933157,4,-0.318,-0.346,9.578,1.531
1425627522138,37.517868,139.933157,4,-0.315,-0.352,9.558,1.483
1425627522239,37.517869,139.933157,4,-0.353,-0.32,9.492,1.424
1425627522340,37.51787,139.933157,4,-0.384,-0.331,9.499,1.367
1425627522436,37.517871,139.933157,4,-0.411,-0.372,9.542,1.315
1425627522536,37.517872,139.933157,4,-0.414,-0.381,9.556,1.263
1425627522637,37.517873,139.933158,4,-0.366,-0.357,9.55,1.212
1425627522738,37.517874,139.933158,4,-0.342,-0.368,9.509,1.163
1425627522838,37.517875,139.933158,4,-0.316,-0.372,9.54,1.116
1425627522939,37.517876,139.933158,4,-0.328,-0.358,9.556,1.071
1425627523040,37.517876,139.933158,4,-0.365,-0.329,9.543,1.028
1425627523136,37.517877,139.933158,6,-0.368,-0.222,9.578,1.0
1425627523236,37.517877,139.933158,6,-0.378,-0.15,9.558,1.0
1425627523337,37.517877,139.933159,6,-0.349,-0.05,9.484,1.0
1425627523438,37.517878,139.933159,6,-0.328,-0.037,9.441,1.0
1425627523538,37.517878,139.93316,6,-0.323,0.007,9.539,1.0
1425627523639,37.517878,139.93316,6,-0.315,0.079,9.61,1.0
1425627523740,37.517878,139.933161,6,-0.297,0.253,9.626,1.0
1425627523840,37.517878,139.933161,6,-0.293,0.442,9.607,1.0
1425627523936,37.517879,139.933161,6,-0.315,0.697,9.589,1.0
1425627524037,37.517879,139.933162,6,-0.299,0.999,9.549,1.0
1425627524137,37.517879,139.933162,6,-0.244,1.283,9.547,1.0
1425627524238,37.517879,139.933162,6,-0.237,1.499,9.495,1.0
1425627534334,37.517988,139.933631,7,-0.257,1.652,9.508,8.055
1425627534339,37.517988,139.933631,7,-0.256,1.644,9.505,8.057
1425627534440,37.517986,139.933643,7,-0.108,0.768,9.646,8.082
1425627534536,37.517985,139.933653,7,0.029,0.323,9.911,8.106
1425627534641,37.517984,139.933665,7,0.144,0.272,10.074,8.132
1425627534737,37.517983,139.933676,7,0.257,0.222,9.764,8.156
1425627534836,37.517982,139.933687,7,0.313,0.287,9.468,8.181
1425627534938,37.517981,139.933698,7,0.313,0.408,9.473,8.206
1425627535037,37.51798,139.93371,7,0.29,0.424,9.613,8.231
1425627535140,37.517979,139.933721,7,0.236,0.496,9.72,8.25
1425627535236,37.517978,139.933729,7,0.165,0.616,9.657,8.25
1425627555332,37.517877,139.936572,5,0.141,0.69,9.565,14.33
1425627555337,37.517877,139.936573,5,0.136,0.682,9.571,14.326
1425627555437,37.517876,139.936588,5,0.152,0.238,9.58,14.25
1425627555538,37.517874,139.936604,5,0.146,-0.018,9.786,14.174
1425627555639,37.517872,139.936619,5,0.061,-0.253,10.146,14.098
1425627555740,37.517871,139.936635,5,0.059,-0.337,9.929,14.023
1425627555840,37.517869,139.93665,5,0.056,-0.355,9.65,13.949
1425627555936,37.517868,139.936665,5,0.062,-0.299,9.408,13.878
1425627556037,37.517866,139.93668,5,0.042,-0.302,9.318,13.803
1425627556137,37.517865,139.936695,6,-0.04,-0.305,9.442,13.743
1425627556238,37.517864,139.936709,6,-0.109,-0.322,9.704,13.718
1425627556339,37.517862,139.936723,6,-0.159,-0.24,9.637,13.692
1425627556440,37.517861,139.936737,6,-0.143,-0.177,9.598,13.667
1425627556540,37.51786,139.936751,6,-0.111,-0.047,9.489,13.642
1425627556636,37.517859,139.936764,6,-0.071,-0.004,9.492,13.618
1425627556737,37.517858,139.936778,6,-0.027,0.066,9.453,13.593
1425627556837,37.517857,139.936792,6,-0.045,0.064,9.44,13.568
1425627556938,37.517856,139.936806,6,-0.056,0.103,9.401,13.543
1425627557039,37.517855,139.93682,6,-0.088,0.1,9.476,13.518
1425627557140,37.517854,139.936835,6,-0.126,0.105,9.518,13.5
1425627557240,37.517853,139.93685,6,-0.165,0.104,9.647,13.5
1425627557336,37.517852,139.936865,6,-0.18,0.124,9.631,13.5
1425627557437,37.517852,139.936881,6,-0.2,0.113,9.563,13.5
1425627557537,37.517851,139.936897,6,-0.194,0.131,9.464,13.5
1425627557638,37.51785,139.936912,6,-0.224,0.106,9.638,13.5
1425627557739,37.51785,139.936928,6,-0.217,0.118,9.57,13.5
1425627557839,37.517849,139.936944,6,-0.24,0.071,9.544,13.5
1425627557940,37.517848,139.936959,6,-0.219,0.098,9.531,13.5
1425627558037,37.517848,139.936975,6,-0.207,0.094,9.607,13.5
1425627558137,37.517847,139.93699,6,-0.165,0.035,9.88,13.5
1425627558237,37.517846,139.937005,6,-0.153,0.012,9.877,13.5
1425627558338,37.517846,139.937021,6,-0.155,0.061,9.658,13.5
1425627558439,37.517845,139.937036,6,-0.131,0.126,9.393,13.5
1425627558539,37.517845,139.937051,6,-0.111,0.209,9.032,13.5
1425627558640,37.517844,139.937067,6,-0.14,0.198,8.977,13.5
1425627558736,37.517844,139.937081,6,-0.166,0.125,9.222,13.5
1425627558836,37.517843,139.937096,6,-0.189,0.029,9.746,13.5
1425627558937,37.517843,139.937112,6,-0.172,0.004,9.83,13.5
1425627559038,37.517842,139.937127,6,-0.126,0.042,9.631,13.5
1425627559138,37.517842,139.937142,6,-0.067,0.119,9.394,13.5
1425627559239,37.517842,139.937159,6,-0.029,0.111,9.352,13.5
1425627559340,37.517841,139.937175,6,0.024,0.076,9.581,13.5
1425627559436,37.517841,139.93719,6,0.019,0.043,9.868,13.5
1425627559536,37.517841,139.937206,6,0.032,0.083,9.631,13.5
1425627559637,37.51784,139.937222,6,0.039,0.147,9.386,13.5
1425627559738,37.51784,139.937238,6,0.037,0.125,9.394,13.5
1425627559839,37.51784,139.937255,6,-0.009,0.089,9.59,13.5
1425627559939,37.51784,139.937271,6,-0.029,0.063,9.704,13.5
1425627560040,37.517839,139.937287,6,-0.06,0.091,9.583,13.5
1425627560136,37.517839,139.937302,6,-0.035,0.13,9.287,13.506
1425627560236,37.517838,139.937318,6,-0.054,0.061,9.479,13.531
1425627560337,37.517838,139.937333,6,-0.029,0.012,9.883,13.556
1425627560438,37.517837,139.937349,6,-0.027,0.009,9.905,13.581
1425627560538,37.517836,139.937365,6,-0.024,0.122,9.377,13.606
1425627560639,37.517836,139.937381,6,-0.0,0.217,8.969,13.632
1425627560740,37.517835,139.937397,6,0.029,0.2,8.898,13.657
1425627560841,37.517835,139.937412,6,-0.003,0.115,9.411,13.682
1425627560936,37.517834,139.937427,6,-0.057,0.014,10.005,13.706
1425627561038,37.517833,139.937444,6,-0.048,0.004,9.991,13.732
1425627561138,37.517833,139.937459,7,-0.064,0.064,9.618,13.736
1425627561238,37.517833,139.937473,7,-0.015,0.182,9.34,13.685
1425627561339,37.517833,139.937488,7,-0.001,0.152,9.364,13.634
1425627561440,37.517833,139.937502,7,0.024,0.119,9.63,13.583
1425627561540,37.517833,139.937517,7,0.005,0.083,9.643,13.533
1425627561636,37.517833,139.93753,7,-0.029,0.138,9.427,13.485
1425627561737,37.517833,139.937545,7,-0.056,0.156,9.195,13.434
1425627561837,37.517833,139.937559,7,-0.098,0.151,9.339,13.385
1425627561938,37.517833,139.937573,7,-0.149,0.09,9.626,13.335
1425627562039,37.517833,139.937587,7,-0.176,0.07,9.618,13.285
1425627562140,37.517833,139.937602,7,-0.196,0.08,9.773,13.25
1425627562240,37.517832,139.937618,7,-0.144,0.079,9.941,13.25
1425627562336,37.517832,139.937633,7,-0.107,0.088,9.831,13.25
1425627562437,37.517832,139.937649,7,-0.098,0.137,9.576,13.25
1425627562537,37.517831,139.937664,7,-0.115,0.22,9.116,13.25
1425627562638,37.517831,139.93768,7,-0.155,0.234,8.984,13.25
1425627562739,37.51783,139.937696,7,-0.226,0.14,9.256,13.25
1425627562840,37.51783,139.937712,7,-0.268,0.113,9.661,13.25
1425627562940,37.51783,139.937728,7,-0.329,0.117,9.682,13.25
1425627563041,37.517829,139.937744,7,-0.341,0.166,9.371,13.25
1425627563137,37.517829,139.937759,7,-0.301,0.175,9.178,13.257
1425627563236,37.517829,139.937774,7,-0.262,0.151,9.38,13.281
1425627563338,37.51783,139.93779,7,-0.247,0.075,9.772,13.307
1425627563437,37.51783,139.937806,7,-0.245,0.053,10.027,13.331
1425627563539,37.51783,139.937822,7,-0.233,0.056,9.981,13.357
1425627563639,37.517831,139.937837,7,-0.262,0.06,9.732,13.382
1425627563736,37.517831,139.937852,7,-0.3,0.089,9.505,13.406
1425627563837,37.517831,139.937868,7,-0.298,0.14,9.351,13.431
1425627563937,37.517831,139.937884,7,-0.275,0.152,9.25,13.456
1425627564038,37.517832,139.9379,7,-0.241,0.116,9.37,13.482
1425627564139,37.517832,139.937916,7,-0.274,0.109,9.562,13.5
1425627564239,37.517833,139.937932,7,-0.247,0.101,9.596,13.5
1425627564340,37.517833,139.937948,7,-0.195,0.135,9.417,13.5
1425627564436,37.517834,139.937963,7,-0.197,0.172,9.362,13.5
1425627564537,37.517835,139.937979,7,-0.258,0.161,9.22,13.5
1425627564637,37.517835,139.937995,7,-0.214,0.11,9.554,13.5
1425627564738,37.517836,139.938011,7,-0.176,0.012,10.159,13.5
1425627564839,37.517836,139.938027,7,-0.176,0.018,10.104,13.5
1425627564939,37.517837,139.938043,7,-0.197,0.104,9.567,13.5
1425627565040,37.517838,139.938059,7,-0.135,0.228,9.081,13.5
1425627565136,37.517838,139.938074,7,-0.079,0.253,8.921,13.5
1425627565236,37.517838,139.93809,7,-0.078,0.156,9.347,13.5
1425627565337,37.517839,139.938107,7,-0.088,0.077,9.878,13.5
1425627565438,37.517839,139.938123,7,-0.131,0.042,10.037,13.5
1425627565539,37.517839,139.938139,7,-0.151,0.091,9.572,13.5
1425627565639,37.51784,139.938155,7,-0.175,0.153,9.215,13.5
1425627565740,37.51784,139.938171,7,-0.165,0.182,9.125,13.5
1425627565836,37.51784,139.938187,7,-0.173,0.127,9.492,13.5
1425627565936,37.51784,139.938203,7,-0.17,0.079,9.861,13.5
1425627566037,37.517841,139.938219,7,-0.184,0.057,9.975,13.5
1425627566138,37.517841,139.938235,6,-0.161,0.176,9.627,13.5
1425627566239,37.517843,139.93825,6,-0.16,0.2,9.229,13.5
1425627566339,37.517844,139.938265,6,-0.168,0.197,9.179,13.5
1425627566440,37.517845,139.93828,6,-0.18,0.097,9.568,13.5
1425627566536,37.517847,139.938294,6,-0.172,0.07,9.707,13.5
1425627566636,37.517848,139.938309,6,-0.185,0.066,9.781,13.5
1425627566737,37.517849,139.938324,6,-0.184,0.07,9.874,13.5
1425627566838,37.51785,139.938339,6,-0.173,0.08,9.695,13.5
1425627566938,37.517852,139.938354,6,-0.155,0.1,9.456,13.5
1425627567040,37.517853,139.938369,6,-0.141,0.185,9.348,13.5
1425627567140,37.517854,139.938383,6,-0.128,0.204,9.215,13.5
1425627567240,37.517856,139.938398,6,-0.149,0.126,9.402,13.5
1425627567336,37.517858,139.938412,6,-0.133,0.104,9.701,13.5
1425627567437,37.517859,139.938427,6,-0.107,0.1,9.773,13.5
1425627567538,37.517861,139.938442,6,-0.071,0.115,9.549,13.5
1425627567638,37.517862,139.938457,6,-0.003,0.134,9.376,13.5
1425627567739,37.517864,139.938472,6,0.03,0.098,9.423,13.5
1425627567840,37.517866,139.938487,6,0.038,0.046,9.627,13.5
1425627567940,37.517867,139.938502,6,0.023,-0.05,9.691,13.5
1425627568036,37.517869,139.938516,6,0.014,-0.106,9.677,13.5
1425627568137,37.517871,139.938531,5,0.013,-0.119,9.48,13.493
1425627568238,37.517873,139.938546,5,0.035,-0.262,9.391,13.468
1425627568338,37.517875,139.938561,5,0.043,-0.295,9.645,13.443
1425627568439,37.517877,139.938575,5,0.044,-0.319,9.771,13.417
1425627568540,37.51788,139.93859,5,0.071,-0.338,9.578,13.392
1425627568640,37.517882,139.938605,5,0.091,-0.317,9.49,13.367
1425627568736,37.517884,139.938619,5,0.148,-0.363,9.656,13.343
1425627568837,37.517886,139.938633,5,0.139,-0.353,9.651,13.318
1425627568937,37.517888,139.938648,5,0.086,-0.351,9.564,13.293
1425627569038,37.51789,139.938663,5,0.049,-0.359,9.58,13.268
1425627569139,37.517893,139.938677,5,0.007,-0.311,9.448,13.243
1425627569240,37.517894,139.938691,5,-0.017,-0.345,9.65,13.217
1425627569340,37.517896,139.938706,5,-0.066,-0.306,9.578,13.192
1425627569436,37.517898,139.938719,5,-0.064,-0.255,9.443,13.168
1425627569537,37.517899,139.938734,5,-0.107,-0.267,9.488,13.143
1425627569637,37.517901,139.938748,5,-0.136,-0.283,9.557,13.118
1425627569738,37.517903,139.938762,5,-0.183,-0.317,9.569,13.092
1425627569839,37.517904,139.938776,5,-0.232,-0.268,9.546,13.067
1425627569939,37.517906,139.93879,5,-0.275,-0.249,9.452,13.042
1425627570041,37.517908,139.938804,5,-0.318,-0.253,9.356,13.017
1425627570136,37.517909,139.938818,5,-0.318,-0.278,9.529,12.987
1425627570237,37.517911,139.938832,5,-0.319,-0.291,9.78,12.935
1425627570337,37.517913,139.938846,5,-0.257,-0.317,9.747,12.885
1425627570438,37.517914,139.93886,5,-0.232,-0.321,9.746,12.834
1425627570539,37.517916,139.938874,5,-0.224,-0.24,9.572,12.783
1425627570639,37.517918,139.938888,5,-0.204,-0.205,9.301,12.733
1425627570740,37.517919,139.938902,5,-0.131,-0.207,9.36,12.683
1425627570836,37.517921,139.938915,5,-0.147,-0.257,9.538,12.635
1425627570937,37.517922,139.938929,5,-0.145,-0.293,9.668,12.585
1425627571037,37.517924,139.938943,5,-0.032,-0.334,9.925,12.536
1425627571138,37.517926,139.938956,6,-0.108,-0.447,10.412,12.493
1425627571239,37.517928,139.938968,6,-0.11,-0.272,9.22,12.467
1425627571339,37.51793,139.93898,6,-0.109,-0.173,8.429,12.442
1425627571440,37.517932,139.938992,6,-0.003,-0.178,8.783,12.417
1425627571536,37.517934,139.939004,6,-0.072,-0.325,9.446,12.393
1425627571636,37.517936,139.939015,6,-0.123,-0.433,10.009,12.368
1425627571737,37.517938,139.939027,6,-0.192,-0.523,10.451,12.343
1425627571838,37.51794,139.939039,6,-0.21,-0.451,10.18,12.317
1425627571938,37.517942,139.939051,6,-0.218,-0.218,9.416,12.293
1425627572039,37.517945,139.939063,6,-0.204,-0.114,8.767,12.268
1425627572140,37.517947,139.939075,6,-0.244,-0.135,8.714,12.235
1425627572236,37.517949,139.939087,6,-0.247,-0.27,9.29,12.186
1425627572336,37.517951,139.9391,6,-0.197,-0.365,10.035,12.135
1425627572437,37.517953,139.939113,6,-0.227,-0.367,10.175,12.084
1425627572538,37.517955,139.939126,6,-0.322,-0.25,9.352,12.033
1425627572638,37.517957,139.939138,6,-0.328,-0.186,9.002,11.983
1425627572739,37.517959,139.939151,6,-0.24,-0.219,9.454,11.933
1425627572840,37.517961,139.939164,6,-0.174,-0.294,9.761,11.883
1425627572936,37.517963,139.939175,6,-0.103,-0.324,9.898,11.836
1425627573037,37.517966,139.939188,6,-0.06,-0.298,9.747,11.786
1425627573137,37.517968,139.939201,4,-0.016,-0.25,9.443,11.743
1425627573238,37.51797,139.939214,4,0.033,-0.203,9.11,11.718
1425627573338,37.517973,139.939227,4,0.018,-0.216,9.132,11.693
1425627573439,37.517975,139.93924,4,0.01,-0.223,9.407,11.667
1425627573540,37.517978,139.939253,4,-0.012,-0.285,9.784,11.642
1425627573636,37.51798,139.939266,4,-0.068,-0.311,9.93,11.618
1425627573736,37.517983,139.939279,4,-0.152,-0.277,9.752,11.593
1425627573837,37.517985,139.939292,4,-0.22,-0.205,9.478,11.568
1425627573938,37.517988,139.939305,4,-0.283,-0.143,8.95,11.543
1425627574038,37.51799,139.939318,4,-0.192,-0.216,9.186,11.518
1425627574139,37.517993,139.93933,5,-0.109,-0.423,10.085,11.478
1425627574240,37.517995,139.939342,5,-0.093,-0.694,10.156,11.4
1425627574341,37.517998,139.939353,5,-0.089,-0.867,9.669,11.322
1425627574436,37.518,139.939364,5,-0.125,-0.957,9.304,11.25
1425627574537,37.518003,139.939375,5,-0.028,-1.052,9.114,11.174
1425627574638,37.518005,139.939387,5,-0.013,-1.182,9.252,11.098
1425627574738,37.518008,139.939398,5,-0.049,-1.309,9.675,11.023
1425627574839,37.51801,139.939409,5,-0.154,-1.384,9.933,10.948
1425627574940,37.518013,139.93942,5,-0.215,-1.371,9.951,10.874
1425627575040,37.518015,139.93943,5,-0.269,-1.281,9.488,10.801
1425627575136,37.518018,139.939441,5,-0.294,-1.265,9.238,10.716
1425627575237,37.51802,139.939451,5,-0.309,-1.292,9.322,10.583
1425627575337,37.518023,139.93946,5,-0.282,-1.306,9.627,10.453
1425627575438,37.518025,139.93947,5,-0.284,-1.348,9.7,10.323
1425627575539,37.518028,139.93948,5,-0.197,-1.324,9.671,10.195
1425627575640,37.51803,139.939489,5,-0.197,-1.325,9.546,10.068
1425627575740,37.518032,139.939499,5,-0.262,-1.257,8.943,9.945
1425627575836,37.518035,139.939507,5,-0.178,-1.35,9.301,9.827
1425627575937,37.518037,139.939517,5,-0.119,-1.608,10.097,9.705
1425627576037,37.518039,139.939526,5,-0.125,-1.79,9.978,9.586
1425627576138,37.518042,139.939534,4,-0.114,-1.789,9.434,9.446
1425627576239,37.518044,139.939543,4,-0.178,-1.819,9.321,9.254
1425627576339,37.518046,139.939551,4,-0.179,-1.835,9.375,9.068
1425627576440,37.518048,139.939558,4,-0.094,-1.756,9.287,8.883
1425627576536,37.51805,139.939566,4,0.013,-1.763,9.284,8.711
1425627576637,37.518051,139.939573,4,0.024,-1.696,9.631,8.533
1425627576737,37.518053,139.939581,4,-0.038,-1.67,9.785,8.361
1425627576838,37.518055,139.939588,4,-0.114,-1.583,9.615,8.191
1425627576939,37.518057,139.939595,4,-0.199,-1.467,9.295,8.024
1425627577039,37.518059,139.939602,4,-0.212,-1.443,9.268,7.863
1425627577140,37.518061,139.939609,4,-0.184,-1.432,9.374,7.691
1425627577236,37.518062,139.939616,4,-0.149,-1.523,9.688,7.505
1425627577342,37.518064,139.939624,4,-0.117,-1.561,9.935,7.304
1425627577437,37.518066,139.93963,4,-0.123,-1.492,9.673,7.129
1425627577536,37.518068,139.939637,4,-0.153,-1.419,9.381,6.95
1425627577639,37.51807,139.939643,4,-0.084,-1.363,9.325,6.769
1425627577738,37.518071,139.93965,4,-0.057,-1.344,9.481,6.599
1425627577840,37.518073,139.939656,4,-0.098,-1.34,9.594,6.429
1425627577936,37.518074,139.939662,4,-0.185,-1.281,9.408,6.272
1425627578036,37.518076,139.939668,4,-0.197,-1.215,9.091,6.114
1425627578137,37.518078,139.939674,5,-0.085,-1.262,9.471,5.962
1425627578238,37.51808,139.939679,5,0.061,-1.377,10.206,5.824
1425627578338,37.518083,139.939685,5,-0.03,-1.427,10.192,5.689
1425627578439,37.518085,139.93969,5,-0.12,-1.273,9.478,5.557
1425627578540,37.518088,139.939695,5,-0.079,-1.209,9.275,5.427
1425627578636,37.51809,139.9397,5,-0.041,-1.14,9.268,5.306
1425627578736,37.518092,139.939705,5,-0.104,-1.185,9.429,5.183
1425627578837,37.518094,139.93971,5,-0.251,-1.206,9.603,5.062
1425627578938,37.518096,139.939715,5,-0.257,-1.15,9.675,4.944
1425627579038,37.518099,139.93972,5,-0.189,-1.117,9.545,4.83
1425627579139,37.518101,139.939724,5,-0.089,-1.06,9.335,4.718
1425627579240,37.518103,139.939729,5,0.01,-1.04,9.473,4.607
1425627579336,37.518105,139.939733,5,-0.007,-1.049,9.827,4.503
1425627579436,37.518107,139.939737,5,-0.13,-1.034,9.804,4.398
1425627579537,37.518109,139.939741,5,-0.273,-1.015,9.471,4.294
1425627579638,37.518111,139.939745,5,-0.362,-0.936,9.352,4.193
1425627579738,37.518113,139.939749,5,-0.488,-0.877,9.518,4.095
1425627579839,37.518115,139.939753,5,-0.573,-0.864,9.606,3.998
1425627579940,37.518117,139.939757,5,-0.535,-0.812,9.398,3.903
1425627580036,37.518119,139.93976,5,-0.433,-0.743,9.433,3.816
1425627580136,37.518121,139.939764,5,-0.296,-0.561,9.484,3.728
1425627580237,37.518123,139.939766,5,-0.2,-0.446,9.609,3.646
1425627580338,37.518124,139.939769,5,-0.129,-0.401,9.734,3.564
1425627580438,37.518126,139.939771,5,-0.091,-0.397,9.847,3.486
1425627580539,37.518128,139.939773,5,-0.112,-0.296,9.528,3.408
1425627580640,37.51813,139.939776,5,-0.099,-0.24,9.296,3.332
1425627580740,37.518132,139.939778,5,-0.047,-0.203,9.405,3.258
1425627580836,37.518133,139.93978,5,0.019,-0.293,9.758,3.189
1425627580937,37.518135,139.939782,5,-0.005,-0.298,9.927,3.118
1425627581038,37.518137,139.939785,5,-0.031,-0.178,9.568,3.048
1425627581138,37.518138,139.939787,6,-0.048,-0.107,9.412,2.976
1425627581239,37.518139,139.939791,6,-0.125,-0.084,9.307,2.891
1425627581340,37.518139,139.939795,6,-0.126,-0.056,9.458,2.809
1425627581440,37.518139,139.939799,6,-0.218,-0.076,9.619,2.729
1425627581536,37.51814,139.939802,6,-0.249,-0.094,9.605,2.654
1425627581637,37.51814,139.939806,6,-0.155,-0.121,9.617,2.578
1425627581737,37.518141,139.939809,6,-0.061,-0.086,9.578,2.505
1425627581838,37.518141,139.939812,6,0.035,-0.032,9.331,2.433
1425627581939,37.518141,139.939816,6,0.075,-0.065,9.43,2.363
1425627582040,37.518142,139.939819,6,-0.005,-0.119,9.799,2.296
1425627582140,37.518142,139.939822,6,-0.154,-0.127,9.724,2.25
1425627582236,37.518143,139.939824,6,-0.245,-0.115,9.474,2.25
1425627582337,37.518144,139.939826,6,-0.254,-0.072,9.351,2.25
1425627582437,37.518145,139.939829,6,-0.063,-0.139,9.618,2.25
1425627582538,37.518146,139.939831,6,0.068,-0.124,9.942,2.25
1425627582639,37.518147,139.939833,6,0.006,-0.091,9.713,2.25
1425627582739,37.518148,139.939835,6,-0.136,-0.068,9.424,2.25
1425627582840,37.518149,139.939838,6,-0.159,-0.06,9.506,2.25
1425627582936,37.518149,139.93984,6,-0.168,-0.091,9.504,2.25
1425627583037,37.51815,139.939842,6,-0.156,-0.075,9.478,2.25
1425627583137,37.518151,139.939845,5,0.027,-0.073,9.663,2.243
1425627583238,37.518152,139.939847,5,0.027,-0.036,9.717,2.216
1425627583339,37.518152,139.939849,5,0.084,0.029,9.411,2.19
1425627583439,37.518152,139.939852,5,0.103,0.027,9.244,2.165
1425627583540,37.518153,139.939854,5,0.007,-0.043,9.691,2.139
1425627583636,37.518153,139.939856,5,0.039,-0.074,9.857,2.115
1425627583736,37.518154,139.939858,5,-0.006,-0.07,9.614,2.09
1425627583837,37.518154,139.93986,5,0.066,-0.024,9.39,2.065
1425627583938,37.518154,139.939862,5,0.008,-0.024,9.393,2.041
1425627584039,37.518155,139.939865,5,-0.002,-0.054,9.603,2.017
1425627584139,37.518155,139.939867,5,0.02,-0.122,9.976,2.0
1425627584240,37.518156,139.939869,5,-0.074,-0.113,9.894,2.0
1425627584336,37.518157,139.939871,5,-0.115,-0.052,9.477,2.0
1425627584436,37.518158,139.939873,5,-0.115,0.022,9.166,2.0
1425627584537,37.518159,139.939875,5,-0.136,-0.011,9.321,2.0
1425627584638,37.51816,139.939877,5,-0.193,-0.032,9.635,2.0
1425627584738,37.518161,139.939879,5,-0.246,-0.028,9.724,2.0
1425627584839,37.518162,139.939881,5,-0.196,-0.009,9.608,2.0
1425627584940,37.518163,139.939883,5,-0.024,-0.001,9.516,2.0
1425627585036,37.518164,139.939885,5,0.076,-0.034,9.512,2.0
1425627585136,37.518165,139.939886,6,0.084,-0.043,9.55,1.985
1425627585237,37.518167,139.939887,6,0.059,-0.069,9.594,1.929
1425627585338,37.518168,139.939888,6,-0.029,-0.068,9.732,1.873
1425627585438,37.51817,139.939889,6,-0.066,-0.059,9.683,1.82
1425627585539,37.518171,139.93989,6,-0.076,-0.026,9.441,1.768
1425627585640,37.518172,139.939891,6,-0.039,0.012,9.314,1.717
1425627585736,37.518174,139.939891,6,-0.03,-0.013,9.443,1.67
1425627585836,37.518175,139.939892,6,-0.075,-0.03,9.61,1.623
1425627585937,37.518176,139.939893,6,-0.078,-0.035,9.538,1.576
1425627586038,37.518177,139.939894,6,-0.058,-0.048,9.547,1.531
1425627586138,37.518179,139.939894,11,-0.037,-0.046,9.669,1.5
1425627586239,37.518183,139.939895,11,-0.038,-0.029,9.532,1.5
1425627586340,37.518187,139.939896,11,-0.061,0.0,9.395,1.5
1425627586440,37.51819,139.939896,11,-0.107,-0.011,9.515,1.5
1425627586536,37.518194,139.939897,11,-0.166,-0.045,9.652,1.5
1425627586637,37.518197,139.939898,11,-0.176,-0.029,9.561,1.5
1425627586737,37.518201,139.939898,11,-0.155,-0.0,9.456,1.5
1425627586838,37.518205,139.939899,11,-0.139,-0.018,9.476,1.5
1425627586939,37.518209,139.9399,11,-0.131,-0.047,9.538,1.5
1425627587040,37.518212,139.939901,11,-0.16,-0.084,9.607,1.5
1425627587140,37.518215,139.939901,11,-0.177,-0.088,9.657,1.492
1425627587236,37.518215,139.939903,11,-0.202,-0.051,9.542,1.466
1425627587337,37.518215,139.939904,11,-0.246,-0.036,9.378,1.439
1425627587437,37.518215,139.939906,11,-0.254,-0.011,9.397,1.413
1425627587538,37.518215,139.939907,11,-0.245,-0.051,9.53,1.387
1425627587639,37.518216,139.939909,11,-0.204,-0.071,9.622,1.362
1425627587740,37.518216,139.93991,11,-0.184,-0.065,9.621,1.337
1425627587840,37.518216,139.939911,11,-0.202,-0.092,9.554,1.313
1425627587936,37.518216,139.939913,11,-0.185,-0.122,9.563,1.29
1425627588037,37.518216,139.939914,11,-0.197,-0.14,9.62,1.267
1425627588137,37.518217,139.939915,12,-0.212,-0.146,9.621,1.25
1425627588238,37.518219,139.939917,12,-0.185,-0.125,9.59,1.25
1425627588339,37.518222,139.939919,12,-0.201,-0.11,9.599,1.25
1425627588440,37.518225,139.93992,12,-0.212,-0.109,9.592,1.25
1425627588540,37.518227,139.939922,12,-0.179,-0.108,9.55,1.25
1425627588636,37.51823,139.939923,12,-0.158,-0.124,9.579,1.25
1425627588737,37.518232,139.939925,12,-0.165,-0.115,9.608,1.25
1425627588837,37.518235,139.939927,12,-0.188,-0.082,9.554,1.25
1425627588938,37.518238,139.939928,12,-0.216,0.017,9.564,1.25
1425627589039,37.51824,139.93993,12,-0.185,0.119,9.595,1.25
1425627589140,37.518242,139.939932,12,-0.11,0.205,9.62,1.242
1425627589240,37.518242,139.939933,12,-0.08,0.275,9.597,1.214
1425627592332,37.518262,139.939985,12,-0.047,0.333,9.593,1.25
1425627592337,37.518262,139.939985,12,-0.049,0.339,9.591,1.25
1425627592438,37.518262,139.939987,12,-0.182,0.222,9.604,1.25
1425627592538,37.518263,139.939989,12,-0.282,0.105,9.538,1.25
1425627592639,37.518264,139.939992,12,-0.301,0.055,9.474,1.25
1425627592740,37.518264,139.939994,12,-0.295,0.019,9.52,1.25
1425627592836,37.518265,139.939996,12,-0.291,-0.035,9.547,1.25
1425627592936,37.518266,139.939998,12,-0.282,-0.121,9.535,1.25
1425627593037,37.518266,139.94,12,-0.256,-0.185,9.532,1.25
1425627593138,37.518267,139.940002,12,-0.242,-0.271,9.531,1.256
1425627593238,37.518268,139.940004,12,-0.255,-0.362,9.583,1.279
1425627593339,37.518269,139.940006,12,-0.298,-0.404,9.564,1.303
1425627593440,37.51827,139.940008,12,-0.34,-0.393,9.515,1.327
1425627593540,37.518271,139.94001,12,-0.323,-0.285,9.513,1.352
1425627593636,37.518272,139.940012,12,-0.3,-0.223,9.519,1.376
1425627593737,37.518272,139.940014,12,-0.29,-0.229,9.555,1.401
1425627593837,37.518273,139.940015,12,-0.288,-0.24,9.586,1.427
1425627593938,37.518274,139.940017,12,-0.295,-0.266,9.626,1.454
1425627594039,37.518275,139.94002,12,-0.31,-0.257,9.583,1.481
1425627594140,37.518276,139.940022,10,-0.321,-0.264,9.533,1.492
1425627594240,37.518277,139.940024,10,-0.337,-0.297,9.587,1.465
1425627594336,37.518277,139.940027,10,-0.332,-0.317,9.637,1.44
1425627594437,37.518277,139.940029,10,-0.337,-0.328,9.61,1.413
1425627594537,37.518278,139.940032,10,-0.346,-0.375,9.514,1.388
1425627594638,37.518278,139.940034,10,-0.351,-0.432,9.489,1.362
1425627594739,37.518279,139.940037,10,-0.328,-0.507,9.563,1.337
1425627594840,37.518279,139.940039,10,-0.287,-0.548,9.639,1.313
1425627594940,37.518279,139.940041,10,-0.264,-0.531,9.642,1.289
1425627595036,37.51828,139.940043,10,-0.275,-0.43,9.642,1.267
1425627595137,37.51828,139.940046,10,-0.302,-0.289,9.611,1.25
1425627595237,37.518281,139.940048,10,-0.333,-0.207,9.541,1.25
1425627595338,37.518281,139.940051,10,-0.338,-0.153,9.528,1.25
1425627595439,37.518281,139.940054,10,-0.337,-0.142,9.565,1.25
1425627595539,37.518282,139.940056,10,-0.336,-0.165,9.567,1.25
1425627595640,37.518282,139.940059,10,-0.31,-0.213,9.527,1.25
1425627595736,37.518282,139.940061,10,-0.308,-0.25,9.519,1.25
1425627595837,37.518283,139.940064,10,-0.323,-0.524,9.373,1.25
1425627595937,37.518283,139.940067,10,-0.343,-1.073,9.212,1.25
1425627596038,37.518284,139.940069,10,-0.337,-1.437,9.524,1.25
1425627596139,37.518284,139.940073,9,-0.276,-1.155,10.139,1.179
1425627596239,37.518283,139.940078,9,-0.275,-0.734,10.224,0.948
1425627596340,37.518282,139.940084,9,-0.302,-0.381,9.681,0.741
1425627596436,37.518281,139.940088,9,-0.305,-0.148,9.152,0.568
1425627596536,37.518281,139.940092,9,-0.304,-0.038,8.989,0.412
1425627596637,37.51828,139.940095,9,-0.285,-0.054,9.329,0.28
1425627596738,37.51828,139.940098,9,-0.272,-0.116,9.758,0.173
1425627596839,37.518279,139.9401,9,-0.279,-0.109,9.845,0.092
1425627596939,37.518279,139.940101,9,-0.282,-0.029,9.596,0.037
1425627597040,37.518279,139.940102,9,-0.303,0.014,9.379,0.006
1425627598239,37.518279,139.940124,8,-0.289,0.437,9.596,0.004
1425627600333,37.518282,139.940139,7,-0.305,0.461,9.516,0.25
1425627600338,37.518282,139.940139,7,-0.299,0.46,9.516,0.25
1425627600439,37.518282,139.94014,7,-0.258,0.313,9.537,0.25
1425627600540,37.518283,139.94014,7,-0.254,0.152,9.512,0.25
1425627600640,37.518283,139.94014,7,-0.243,0.074,9.578,0.25
1425627600736,37.518284,139.94014,7,-0.245,0.043,9.637,0.25
1425627600837,37.518284,139.94014,7,-0.247,0.033,9.611,0.25
1425627600937,37.518284,139.940141,7,-0.257,0.007,9.546,0.25
1425627601038,37.518285,139.940141,7,-0.244,0.025,9.54,0.25
1425627601140,37.518285,139.940141,7,-0.234,0.004,9.579,0.25
1425627601240,37.518285,139.940141,7,-0.235,0.023,9.624,0.25
1425627601340,37.518286,139.940141,7,-0.237,0.023,9.57,0.25
1425627601436,37.518286,139.940142,7,-0.255,-0.01,9.506,0.25
1425627601537,37.518286,139.940142,7,-0.249,-0.136,9.473,0.25
1425627601637,37.518287,139.940142,7,-0.241,-0.46,9.377,0.25
1425627601738,37.518287,139.940142,7,-0.264,-0.957,9.333,0.25
1425627601839,37.518287,139.940142,7,-0.257,-0.932,9.846,0.25
1425627601939,37.518287,139.940143,7,-0.24,-0.438,10.296,0.25
1425627602040,37.518288,139.940143,7,-0.232,0.005,9.968,0.25
1425627602136,37.518288,139.940143,5,-0.216,0.274,9.333,0.237
1425627602237,37.518289,139.940142,5,-0.193,0.449,9.007,0.191
1425627602337,37.51829,139.940141,5,-0.18,0.466,9.212,0.149
1425627602438,37.518291,139.940141,5,-0.204,0.26,9.547,0.113
1425627602539,37.518292,139.94014,5,-0.24,-0.002,9.799,0.082
1425627602639,37.518293,139.94014,5,-0.265,-0.078,9.819,0.055
1425627602740,37.518293,139.94014,5,-0.25,0.051,9.684,0.034
1425627602836,37.518294,139.940139,5,-0.224,0.213,9.543,0.019
1425627602937,37.518294,139.940139,5,-0.198,0.306,9.417,0.007
1425627603037,37.518294,139.940139,5,-0.2,0.231,9.458,0.001
1425627757332,37.518323,139.940167,4,-0.207,0.161,9.557,0.593
1425627757337,37.518323,139.940167,4,-0.21,0.16,9.558,0.589
1425627757438,37.518323,139.940168,4,-0.467,-0.17,9.541,0.524
1425627757538,37.518323,139.940169,4,-0.622,-0.389,9.513,0.463
1425627757639,37.518323,139.94017,4,-0.728,-0.496,9.526,0.406
1425627757740,37.518324,139.940171,4,-0.793,-0.541,9.54,0.352
1425627757841,37.518324,139.940172,4,-0.893,-0.569,9.513,0.302
1425627757936,37.518324,139.940173,4,-0.917,-0.579,9.505,0.258
1425627758037,37.518324,139.940174,4,-0.959,-0.597,9.493,0.216
1425627758138,37.518324,139.940175,4,-0.933,-0.605,9.522,0.177
1425627758238,37.518324,139.940175,4,-0.797,-0.441,9.618,0.143
1425627758339,37.518324,139.940176,4,-0.523,-0.179,9.625,0.111
1425627758440,37.518324,139.940176,4,-0.374,-0.031,9.49,0.084
1425627758540,37.518324,139.940177,4,-0.305,0.041,9.378,0.061
1425627758636,37.518324,139.940177,4,-0.313,0.153,9.516,0.042
1425627758737,37.518324,139.940178,4,-0.3,0.235,9.658,0.026
1425627758838,37.518324,139.940178,4,-0.212,0.303,9.598,0.014
1425627758938,37.518324,139.940178,4,-0.081,0.368,9.497,0.006
1425627759039,37.518324,139.940178,4,-0.005,0.446,9.516,0.001
1425627759240,37.518324,139.940178,4,0.134,0.792,9.614,0.004
1425627761335,37.518318,139.940187,5,0.289,0.904,9.502,0.5
1425627761340,37.518318,139.940187,5,0.297,0.896,9.499,0.5
1425627761436,37.518317,139.940188,5,0.112,0.501,9.434,0.5
1425627761536,37.518317,139.940188,5,-0.14,0.276,9.062,0.5
1425627761637,37.518316,139.940189,5,-0.377,0.22,8.882,0.5
1425627761738,37.518316,139.940189,5,-0.548,0.173,9.153,0.5
1425627761839,37.518315,139.94019,5,-0.589,0.051,9.55,0.5
1425627761939,37.518315,139.94019,5,-0.396,-0.116,9.701,0.5
1425627762040,37.518314,139.940191,5,-0.177,-0.266,9.659,0.5
1425627762136,37.518314,139.940191,5,-0.118,-0.338,9.565,0.474
1425627762241,37.518314,139.940192,5,-0.413,-0.417,9.472,0.378
1425627762337,37.518313,139.940193,5,-0.813,-0.457,9.495,0.299
1425627762436,37.518313,139.940193,5,-1.157,-0.512,9.553,0.227
1425627762538,37.518313,139.940194,5,-1.015,-0.366,9.635,0.164
1425627762638,37.518312,139.940194,5,-0.456,-0.084,9.601,0.111
1425627762740,37.518312,139.940194,5,-0.045,0.083,9.461,0.068
1425627762836,37.518312,139.940195,5,-0.054,0.096,9.375,0.038
1425627762936,37.518312,139.940195,5,-0.356,0.056,9.465,0.015
1425627763037,37.518312,139.940195,5,-0.498,0.001,9.65,0.003
1425627772332,37.518285,139.940264,4,-0.019,0.572,9.612,1.25
1425627772337,37.518285,139.940264,4,-0.012,0.573,9.612,1.25
1425627772438,37.518285,139.940266,4,-0.073,0.191,9.639,1.25
1425627772539,37.518285,139.940267,4,-0.104,-0.048,9.552,1.25
1425627772639,37.518286,139.940269,4,-0.106,-0.162,9.485,1.25
1425627772740,37.518286,139.94027,4,-0.086,-0.226,9.563,1.25
1425627772836,37.518286,139.940272,4,-0.056,-0.234,9.626,1.25
1425627772937,37.518286,139.940273,4,-0.054,-0.238,9.57,1.25
1425627773037,37.518287,139.940275,4,-0.037,-0.208,9.502,1.25
1425627773138,37.518287,139.940276,4,0.062,-0.17,9.497,1.25
1425627773239,37.518288,139.940277,4,0.185,-0.113,9.531,1.25
1425627773339,37.518289,139.940278,4,0.286,-0.073,9.589,1.25
1425627773440,37.51829,139.940279,4,0.301,-0.056,9.581,1.25
1425627773536,37.518291,139.94028,4,0.267,-0.058,9.503,1.25
1425627773637,37.518292,139.940281,4,0.257,-0.032,9.458,1.25
1425627773737,37.518293,139.940282,4,0.29,0.032,9.447,1.25
1425627773838,37.518294,139.940283,4,0.362,0.072,9.532,1.25
1425627773939,37.518294,139.940283,4,0.421,0.063,9.635,1.25
1425627774039,37.518295,139.940284,4,0.403,0.036,9.638,1.25
1425627774140,37.518296,139.940285,4,0.346,0.003,9.61,1.25
1425627774236,37.518297,139.940286,4,0.34,0.001,9.601,1.25
1425627774336,37.518298,139.940287,4,0.379,-0.017,9.616,1.25
1425627774437,37.518299,139.940287,4,0.411,-0.01,9.638,1.25
1425627774538,37.5183,139.940288,4,0.386,0.007,9.548,1.25
1425627774639,37.518301,139.940289,4,0.339,-0.004,9.48,1.25
1425627774739,37.518302,139.940289,4,0.295,-0.01,9.532,1.25
1425627774840,37.518303,139.94029,4,0.297,0.08,9.613,1.25
1425627774936,37.518304,139.940291,4,0.306,0.098,9.567,1.25
1425627775036,37.518305,139.940291,4,0.301,0.224,9.559,1.25
1425627775137,37.518306,139.940292,4,0.289,0.332,9.577,1.25
1425627775238,37.518307,139.940293,4,0.295,0.404,9.577,1.25
1425627785334,37.518499,139.940762,6,0.284,0.511,9.583,6.885
1425627785339,37.518499,139.940763,6,0.279,0.502,9.581,6.882
1425627785440,37.518501,139.94077,6,0.199,0.046,9.596,6.831
1425627785540,37.518504,139.940777,6,0.183,-0.247,9.535,6.78
1425627785636,37.518506,139.940784,6,0.174,-0.35,9.512,6.732
1425627785737,37.518508,139.940791,6,0.115,-0.391,9.514,6.682
1425627785837,37.518511,139.940798,6,0.086,-0.421,9.674,6.633
1425627785938,37.518513,139.940805,6,0.094,-0.44,9.596,6.583
1425627786039,37.518515,139.940812,6,0.083,-0.433,9.352,6.534
1425627786139,37.518518,139.940819,6,0.087,-0.432,9.445,6.477
1425627786240,37.518521,139.940825,6,0.086,-0.448,9.654,6.397
1425627786336,37.518523,139.94083,6,0.118,-0.481,9.768,6.322
1425627786436,37.518526,139.940836,6,0.134,-0.492,9.768,6.245
1425627786537,37.518529,139.940841,6,0.113,-0.416,9.504,6.169
1425627786638,37.518532,139.940847,6,0.08,-0.384,9.18,6.093
1425627786739,37.518534,139.940852,6,0.055,-0.447,9.315,6.018
1425627786839,37.518537,139.940858,6,0.02,-0.602,9.745,5.944
1425627786940,37.51854,139.940863,6,0.035,-0.751,9.665,5.871
1425627787036,37.518542,139.940868,6,0.027,-0.847,9.495,5.802
1425627787136,37.518545,139.940873,8,0.026,-0.919,9.442,5.736
1425627787237,37.518548,139.940878,8,0.009,-0.894,9.554,5.684
1425627787338,37.518552,139.940883,8,-0.013,-0.825,9.739,5.632
1425627787439,37.518555,139.940888,8,-0.016,-0.75,9.636,5.58
1425627787539,37.518559,139.940893,8,0.02,-0.692,9.638,5.53
1425627787640,37.518562,139.940897,8,0.045,-0.604,9.425,5.479
1425627787736,37.518565,139.940902,8,0.038,-0.576,9.336,5.432
1425627787836,37.518568,139.940907,8,0.066,-0.558,9.515,5.382
1425627787937,37.518572,139.940911,8,0.08,-0.536,9.596,5.333
1425627788038,37.518575,139.940916,8,0.085,-0.524,9.512,5.284
1425627788139,37.518578,139.94092,8,0.097,-0.468,9.626,5.218
1425627788239,37.51858,139.940925,8,0.115,-0.337,9.671,5.109
1425627788340,37.518582,139.94093,8,0.12,-0.221,9.428,5.001
1425627788436,37.518585,139.940935,8,0.168,-0.115,9.324,4.901
1425627788536,37.518587,139.940939,8,0.188,-0.116,9.522,4.798
1425627788638,37.518589,139.940944,8,0.206,-0.145,9.752,4.696
1425627788738,37.518591,139.940948,8,0.197,-0.137,9.684,4.597
1425627788838,37.518593,139.940953,8,0.172,-0.117,9.568,4.501
1425627788939,37.518596,139.940957,8,0.141,-0.098,9.403,4.406
1425627789040,37.518598,139.940961,8,0.135,-0.108,9.506,4.313
1425627789136,37.5186,139.940965,7,0.155,-0.075,9.561,4.25
1425627789236,37.518602,139.940971,7,0.143,-0.185,9.494,4.25
1425627789337,37.518604,139.940977,7,0.171,-0.153,9.933,4.25
1425627789438,37.518606,139.940982,7,0.063,0.004,10.01,4.25
1425627789538,37.518608,139.940988,7,0.035,0.256,9.534,4.25
1425627789639,37.518611,139.940994,7,0.023,0.543,9.306,4.25
1425627789740,37.518613,139.940999,7,0.027,0.746,9.493,4.25
1425627789841,37.518615,139.941005,7,0.061,0.76,9.291,4.25
1425627789936,37.518617,139.94101,7,0.038,0.679,9.454,4.25
1425627790037,37.518619,139.941016,7,-0.024,0.842,9.853,4.25
1425627790138,37.518621,139.941021,7,0.044,0.915,9.656,4.263
1425627790238,37.518623,139.941027,7,0.085,0.84,9.437,4.311
1425627808335,37.51972,139.942695,4,0.154,0.926,9.449,14.5
1425627808341,37.51972,139.942696,4,0.143,0.916,9.465,14.5
1425627808436,37.51973,139.942706,4,0.16,0.592,9.474,14.5
1425627808537,37.51974,139.942716,4,0.076,0.475,8.798,14.5
1425627808638,37.51975,139.942727,4,0.007,0.345,8.452,14.5
1425627808738,37.51976,139.942737,4,0.023,0.231,8.74,14.5
1425627808839,37.519771,139.942748,4,0.014,0.013,9.73,14.5
1425627808940,37.519781,139.942758,4,0.052,-0.171,10.434,14.5
1425627809040,37.519791,139.942769,4,-0.001,-0.324,10.596,14.5
1425627809136,37.519801,139.942779,4,-0.021,-0.349,9.813,14.493
1425627809237,37.519811,139.942789,4,-0.043,-0.187,9.089,14.468
1425627809337,37.519822,139.9428,4,-0.108,-0.153,8.593,14.443
1425627809438,37.519833,139.94281,4,-0.062,-0.271,8.944,14.418
1425627809539,37.519843,139.94282,4,0.063,-0.365,9.688,14.392
1425627809640,37.519854,139.942831,4,-0.03,-0.466,9.925,14.367
1425627809740,37.519864,139.942841,4,-0.072,-0.385,9.74,14.342
1425627809836,37.519874,139.942851,4,-0.126,-0.391,9.685,14.318
1425627809937,37.519885,139.942861,4,-0.144,-0.366,9.644,14.293
1425627810037,37.519895,139.942872,4,-0.154,-0.416,10.038,14.268
1425627810138,37.519906,139.942882,4,-0.097,-0.409,9.962,14.243
1425627810239,37.519915,139.942891,4,-0.022,-0.297,9.576,14.218
1425627810340,37.519925,139.942901,4,0.041,-0.236,9.13,14.192
1425627810440,37.519935,139.94291,4,0.164,-0.198,8.916,14.167
1425627810536,37.519944,139.942919,4,0.219,-0.253,9.201,14.143
1425627810637,37.519953,139.942928,4,0.237,-0.41,9.78,14.118
1425627810737,37.519963,139.942937,4,0.19,-0.434,9.914,14.093
1425627810838,37.519972,139.942947,4,0.118,-0.483,9.975,14.068
1425627810939,37.519982,139.942956,4,0.091,-0.377,9.64,14.042
1425627811040,37.519991,139.942966,4,0.048,-0.28,9.387,14.017
1425627811140,37.520001,139.942975,4,0.059,-0.286,9.298,13.985
1425627811236,37.52001,139.942983,4,0.057,-0.299,9.404,13.936
1425627811337,37.520019,139.942992,4,0.054,-0.395,9.643,13.885
1425627811437,37.520029,139.943001,4,0.07,-0.38,9.702,13.834
1425627811538,37.520038,139.94301,4,0.032,-0.401,9.67,13.784
1425627811639,37.520048,139.943019,4,-0.028,-0.422,9.704,13.733
1425627811739,37.520057,139.943028,4,-0.069,-0.383,9.72,13.683
1425627811840,37.520066,139.943037,4,-0.123,-0.285,9.415,13.633
1425627811936,37.520075,139.943045,4,-0.141,-0.252,9.213,13.586
1425627812037,37.520084,139.943054,4,-0.126,-0.251,9.383,13.536
1425627812137,37.520094,139.943062,4,-0.109,-0.33,9.684,13.493
1425627812238,37.520104,139.943071,4,-0.11,-0.389,9.779,13.468
1425627812339,37.520114,139.943081,4,-0.102,-0.375,9.722,13.442
1425627812439,37.520124,139.943089,4,-0.077,-0.328,9.285,13.417
1425627812540,37.520134,139.943098,4,-0.058,-0.374,9.176,13.392
1425627812636,37.520143,139.943107,4,-0.054,-0.513,9.563,13.368
1425627812736,37.520153,139.943116,4,-0.093,-0.682,9.971,13.343
1425627812837,37.520163,139.943125,4,-0.088,-0.701,9.924,13.318
1425627812938,37.520173,139.943134,4,-0.086,-0.656,9.616,13.293
1425627813039,37.520183,139.943143,4,-0.065,-0.614,9.332,13.268
1425627813139,37.520193,139.943151,4,-0.031,-0.632,9.27,13.231
1425627813240,37.520202,139.943159,4,-0.008,-0.679,9.551,13.165
1425627813336,37.52021,139.943167,4,0.02,-0.68,9.538,13.103
1425627813436,37.520219,139.943174,4,0.041,-0.703,9.526,13.038
1425627813537,37.520228,139.943182,4,0.043,-0.721,9.604,12.973
1425627813638,37.520237,139.94319,4,0.039,-0.737,9.725,12.908
1425627813738,37.520246,139.943197,4,0.003,-0.757,9.758,12.844
1425627813839,37.520254,139.943205,4,-0.008,-0.668,9.403,12.78
1425627813940,37.520263,139.943213,4,0.024,-0.646,9.271,12.716
1425627814036,37.520271,139.94322,4,0.07,-0.66,9.407,12.656
1425627814136,37.52028,139.943227,4,0.105,-0.709,9.597,12.593
1425627814237,37.520288,139.943235,4,0.09,-0.741,9.726,12.53
1425627814338,37.520297,139.943242,4,0.054,-0.691,9.517,12.468
1425627814438,37.520305,139.94325,4,0.007,-0.677,9.368,12.406
1425627814539,37.520314,139.943257,4,-0.072,-0.717,9.569,12.344
1425627814640,37.520322,139.943264,4,-0.098,-0.778,10.009,12.283
1425627814740,37.520331,139.943272,4,-0.095,-0.805,10.107,12.222
1425627814836,37.520339,139.943278,4,-0.115,-0.703,9.571,12.164
1425627814937,37.520347,139.943286,4,-0.114,-0.615,9.178,12.103
1425627815038,37.520355,139.943293,4,-0.061,-0.611,9.087,12.043
1425627815138,37.520363,139.9433,5,-0.008,-0.688,9.403,11.978
1425627815239,37.520372,139.943307,5,-0.016,-0.778,9.8,11.901
1425627815340,37.52038,139.943314,5,0.016,-0.799,9.954,11.823
1425627815440,37.520388,139.94332,5,0.051,-0.762,9.83,11.747
1425627815536,37.520396,139.943327,5,0.024,-0.731,9.576,11.675
1425627815637,37.520404,139.943333,5,-0.009,-0.707,9.291,11.599
1425627815738,37.520412,139.94334,5,-0.022,-0.715,9.353,11.523
1425627815838,37.52042,139.943346,5,-0.025,-0.73,9.488,11.449
1425627815939,37.520429,139.943353,5,-0.031,-0.768,9.555,11.375
1425627816040,37.520437,139.94336,5,-0.016,-0.808,9.64,11.301
1425627816140,37.520444,139.943366,5,0.003,-0.85,9.722,11.227
1425627816236,37.520452,139.943371,5,0.006,-0.781,9.574,11.153
1425627816337,37.52046,139.943377,5,-0.002,-0.793,9.444,11.075
1425627816437,37.520468,139.943383,5,0.025,-0.816,9.573,10.999
1425627816538,37.520476,139.943388,5,0.012,-0.909,10.063,10.923
1425627816639,37.520484,139.943394,5,0.039,-0.876,9.431,10.847
1425627816740,37.520492,139.9434,5,0.079,-0.774,8.726,10.771
1425627816840,37.520499,139.943405,5,0.11,-0.796,8.864,10.697
1425627816936,37.520507,139.943411,5,0.073,-0.937,9.39,10.627
1425627817037,37.520514,139.943416,5,0.08,-1.083,9.943,10.553
1425627817137,37.520522,139.943421,4,0.057,-1.223,10.392,10.472
1425627817238,37.520531,139.943427,4,0.116,-1.212,10.475,10.366
1425627817339,37.520539,139.943433,4,0.149,-1.048,9.978,10.262
1425627817439,37.520547,139.943438,4,0.195,-0.898,9.333,10.16
1425627817540,37.520555,139.943443,4,0.222,-0.805,8.844,10.058
1425627817636,37.520563,139.943449,4,0.197,-0.863,8.93,9.962
1425627817737,37.52057,139.943454,4,0.156,-1.032,9.524,9.861
1425627817837,37.520578,139.943459,4,0.158,-1.083,9.943,9.763
1425627817938,37.520586,139.943464,4,0.152,-1.016,9.654,9.665
1425627818039,37.520594,139.943469,4,0.147,-0.919,9.475,9.568
1425627818139,37.520601,139.943474,5,0.127,-0.778,9.486,9.485
1425627818240,37.520608,139.943478,5,0.077,-0.677,9.447,9.433
1425627818336,37.520615,139.943482,5,0.021,-0.63,9.448,9.385
1425627818436,37.520623,139.943486,5,-0.002,-0.573,9.646,9.334
1425627818537,37.52063,139.94349,5,0.022,-0.514,9.695,9.283
1425627818638,37.520637,139.943494,5,0.117,-0.453,9.567,9.233
1425627818739,37.520644,139.943498,5,0.174,-0.405,9.488,9.182
1425627818839,37.520651,139.943502,5,0.153,-0.389,9.441,9.133
1425627818940,37.520658,139.943506,5,0.149,-0.413,9.584,9.083
1425627819041,37.520665,139.943509,5,0.184,-0.402,9.674,9.034
1425627819136,37.520672,139.943513,5,0.177,-0.39,9.485,8.98
1425627819242,37.520678,139.943517,5,0.104,-0.401,9.413,8.897
1425627819338,37.520685,139.943521,5,0.096,-0.389,9.531,8.823
1425627819437,37.520691,139.943525,5,0.122,-0.408,9.651,8.748
1425627819539,37.520697,139.94353,5,0.104,-0.432,9.678,8.67
1425627819638,37.520703,139.943534,5,0.156,-0.344,9.746,8.596
1425627819736,37.520709,139.943537,5,0.133,-0.311,9.634,8.523
1425627819836,37.520716,139.943541,5,0.13,-0.212,9.381,8.449
1425627819937,37.520722,139.943545,5,0.121,-0.214,9.401,8.375
1425627820038,37.520728,139.943549,5,0.126,-0.169,9.636,8.302
1425627820138,37.520734,139.943553,4,0.138,-0.113,9.693,8.25
1425627820239,37.52074,139.943557,4,0.115,-0.058,9.614,8.25
1425627820340,37.520747,139.943562,4,0.166,-0.026,9.557,8.25
1425627820436,37.520753,139.943566,4,0.143,0.156,9.512,8.25
1425627820536,37.520759,139.94357,4,0.183,0.397,9.539,8.25
1425627820637,37.520766,139.943574,4,0.173,0.438,9.517,8.25
1425627820738,37.520772,139.943578,4,0.132,0.555,9.474,8.25
1425627820838,37.520779,139.943583,4,0.183,0.59,9.454,8.25
1425627820939,37.520785,139.943587,4,0.15,0.577,9.626,8.25
1425627821040,37.520792,139.943591,4,0.13,0.54,9.697,8.25
1425627821141,37.520797,139.943596,7,0.196,0.582,9.63,8.25
1425627821236,37.520802,139.943601,7,0.24,0.609,9.523,8.25
1425627830335,37.521498,139.944034,4,0.231,0.642,9.477,10.443
1425627830340,37.521498,139.944034,4,0.23,0.639,9.475,10.442
1425627830436,37.521506,139.944038,4,0.121,0.333,9.382,10.418
1425627830537,37.521514,139.944042,4,0.083,0.164,9.285,10.393
1425627830637,37.521521,139.944046,4,0.064,0.052,9.512,10.367
1425627830738,37.521529,139.94405,4,0.069,-0.038,9.691,10.342
1425627830839,37.521537,139.944055,4,0.074,-0.069,9.621,10.317
1425627830939,37.521545,139.944059,4,0.12,-0.084,9.683,10.292
1425627831040,37.521553,139.944063,4,0.133,-0.054,9.608,10.267
1425627831136,37.52156,139.944067,4,0.171,-0.027,9.428,10.25
1425627831236,37.521569,139.944071,4,0.213,-0.026,9.48,10.25
1425627831337,37.521578,139.944076,4,0.233,0.0,9.604,10.25
1425627831438,37.521586,139.94408,4,0.263,-0.011,9.677,10.25
1425627831539,37.521595,139.944084,4,0.277,0.036,9.572,10.25
1425627831639,37.521603,139.944089,4,0.245,0.055,9.551,10.25
1425627831740,37.521612,139.944093,4,0.259,0.084,9.58,10.25
1425627831836,37.52162,139.944097,4,0.234,0.108,9.565,10.25
1425627831936,37.521629,139.944102,4,0.204,0.108,9.572,10.25
1425627832037,37.521638,139.944106,4,0.238,0.163,9.691,10.25
1425627832138,37.521646,139.94411,4,0.242,0.249,9.596,10.25
1425627832239,37.521655,139.944114,4,0.222,0.327,9.497,10.25
1425627851333,37.523639,139.945063,5,0.227,0.383,9.515,13.944
1425627851338,37.523639,139.945064,5,0.224,0.387,9.513,13.943
1425627851439,37.523651,139.945068,5,0.165,0.327,9.545,13.917
1425627851539,37.523662,139.945072,5,0.137,0.249,9.494,13.892
1425627851640,37.523674,139.945076,5,0.124,0.184,9.384,13.867
1425627851736,37.523685,139.94508,5,0.11,0.134,9.405,13.843
1425627851836,37.523696,139.945085,5,0.107,0.077,9.566,13.818
1425627851937,37.523707,139.945089,5,0.103,-0.032,9.782,13.793
1425627852038,37.523719,139.945093,5,0.118,-0.02,9.603,13.768
1425627852138,37.523731,139.945098,6,0.075,-0.037,9.504,13.757
1425627852239,37.523743,139.945105,6,0.098,0.018,9.383,13.782
1425627852340,37.523756,139.945111,6,0.094,-0.069,9.65,13.807
1425627852441,37.523769,139.945118,6,0.086,-0.042,9.652,13.832
1425627852536,37.523781,139.945124,6,0.034,-0.067,9.688,13.856
1425627852637,37.523794,139.945131,6,0.001,-0.045,9.536,13.881
1425627852738,37.523806,139.945138,6,0.017,-0.062,9.628,13.906
1425627852838,37.523819,139.945145,6,0.033,-0.069,9.574,13.932
1425627852939,37.523832,139.945151,6,0.037,0.031,9.174,13.957
1425627853040,37.523845,139.945158,6,0.03,0.056,9.249,13.982
1425627853140,37.523858,139.945165,6,0.045,0.053,9.42,13.985
1425627853236,37.52387,139.94517,6,0.031,0.005,9.676,13.936
1425627853337,37.523882,139.945175,6,-0.002,0.013,9.892,13.885
1425627853438,37.523894,139.945181,6,-0.066,0.058,9.752,13.834
1425627853538,37.523907,139.945186,6,-0.139,0.124,9.506,13.784
1425627853639,37.523919,139.945192,6,-0.206,0.163,9.417,13.733
1425627853740,37.523931,139.945197,6,-0.23,0.139,9.481,13.683
1425627853840,37.523944,139.945203,6,-0.28,0.147,9.621,13.633
1425627853936,37.523955,139.945208,6,-0.289,0.179,9.605,13.586
1425627854037,37.523967,139.945213,6,-0.273,0.256,9.474,13.536
1425627854137,37.523979,139.945219,5,-0.266,0.351,9.476,13.507
1425627854238,37.523992,139.945224,5,-0.255,0.358,9.527,13.532
1425627865331,37.525403,139.945616,7,-0.269,0.362,9.497,15.25
1425627865336,37.525403,139.945616,7,-0.274,0.367,9.492,15.25
1425627865437,37.525418,139.945616,7,-0.41,0.068,9.865,15.25
1425627865538,37.525432,139.945616,7,-0.471,-0.171,10.361,15.25
1425627865638,37.525447,139.945617,7,-0.384,-0.234,10.122,15.25
1425627865739,37.525461,139.945617,7,-0.345,-0.111,9.365,15.25
1425627865840,37.525475,139.945617,7,-0.326,0.028,8.609,15.25
1425627865940,37.52549,139.945617,7,-0.3,-0.005,8.561,15.25
1425627866036,37.525503,139.945617,7,-0.282,-0.118,9.218,15.25
1425627866137,37.525518,139.945617,7,-0.242,-0.285,10.134,15.236
1425627866238,37.525532,139.945619,7,-0.267,-0.344,10.41,15.185
1425627866338,37.525545,139.94562,7,-0.331,-0.258,9.748,15.135
1425627866439,37.525559,139.945622,7,-0.352,-0.143,9.061,15.084
1425627866540,37.525573,139.945624,7,-0.328,-0.138,8.992,15.033
1425627866640,37.525586,139.945625,7,-0.335,-0.216,9.36,14.983
1425627866736,37.525599,139.945626,7,-0.306,-0.278,9.791,14.935
1425627866837,37.525613,139.945628,7,-0.217,-0.299,9.953,14.885
1425627866937,37.525626,139.945629,7,-0.199,-0.252,9.665,14.835
1425627867038,37.525639,139.945631,7,-0.148,-0.232,9.626,14.785
1425627867139,37.525653,139.945631,8,-0.052,-0.227,9.784,14.75
1425627867240,37.525665,139.945629,8,-0.084,-0.229,9.85,14.75
1425627867340,37.525678,139.945626,8,-0.108,-0.149,9.451,14.75
1425627867436,37.525689,139.945624,8,-0.162,-0.108,9.157,14.75
1425627867537,37.525702,139.945621,8,-0.147,-0.094,9.249,14.75
1425627867637,37.525714,139.945619,8,-0.161,-0.155,9.634,14.75
1425627867738,37.525727,139.945616,8,-0.199,-0.191,9.829,14.75
1425627867839,37.525739,139.945614,8,-0.259,-0.09,9.694,14.75
1425627867940,37.525752,139.945611,8,-0.217,0.066,9.05,14.75
1425627868040,37.525764,139.945609,8,-0.232,0.096,8.864,14.75
1425627868136,37.525776,139.945607,8,-0.2,-0.01,9.709,14.743
1425627868237,37.52579,139.945606,8,-0.209,-0.128,10.624,14.718
1425627868337,37.525803,139.945604,8,-0.139,0.008,10.401,14.693
1425627868438,37.525816,139.945603,8,-0.105,0.17,9.688,14.668
1425627868539,37.525829,139.945602,8,-0.09,0.303,9.02,14.642
1425627868639,37.525842,139.945601,8,-0.067,0.319,8.813,14.617
1425627868740,37.525855,139.9456,8,-0.096,0.223,9.339,14.592
1425627868836,37.525868,139.945599,8,-0.136,0.134,9.822,14.568
1425627868937,37.525881,139.945598,8,-0.216,0.136,9.787,14.543
1425627869037,37.525894,139.945597,8,-0.291,0.193,9.436,14.518
1425627869138,37.525907,139.945595,6,-0.303,0.236,9.302,14.5
1425627869239,37.52592,139.945593,6,-0.305,0.205,9.556,14.5
1425627869339,37.525933,139.945591,6,-0.296,0.173,9.836,14.5
1425627869440,37.525946,139.945589,6,-0.256,0.178,9.848,14.5
1425627869536,37.525958,139.945587,6,-0.212,0.274,9.408,14.5
1425627869636,37.525971,139.945585,6,-0.194,0.285,9.162,14.5
1425627869737,37.525985,139.945583,6,-0.156,0.266,9.32,14.5
1425627869838,37.525998,139.945581,6,-0.149,0.164,9.713,14.5
1425627869939,37.526011,139.945579,6,-0.147,0.146,9.909,14.5
1425627870039,37.526024,139.945576,6,-0.163,0.131,9.861,14.5
1425627870140,37.526037,139.945574,6,-0.099,0.178,9.563,14.5
1425627870236,37.526051,139.945573,6,-0.082,0.177,9.482,14.5
1425627870336,37.526064,139.945571,6,-0.062,0.212,9.543,14.5
1425627870437,37.526078,139.945569,6,-0.05,0.198,9.622,14.5
1425627870538,37.526092,139.945567,6,-0.093,0.163,9.57,14.5
1425627870639,37.526107,139.945565,6,-0.123,0.183,9.346,14.5
1425627870739,37.52612,139.945563,6,-0.146,0.144,9.415,14.5
1425627870840,37.526134,139.945561,6,-0.15,0.191,9.273,14.5
1425627870936,37.526148,139.945559,6,-0.185,0.145,9.479,14.5
1425627871036,37.526162,139.945557,6,-0.204,0.097,9.599,14.5
1425627871137,37.526175,139.945555,6,-0.229,0.082,9.67,14.5
1425627871238,37.526188,139.945551,6,-0.217,0.167,9.405,14.5
1425627871338,37.526201,139.945548,6,-0.255,0.127,9.357,14.5
1425627871440,37.526214,139.945544,6,-0.227,0.174,9.376,14.5
1425627871540,37.526227,139.94554,6,-0.165,0.114,9.559,14.5
1425627871640,37.526239,139.945536,6,-0.228,0.052,9.89,14.5
1425627871736,37.526252,139.945533,6,-0.276,0.035,10.08,14.5
1425627871837,37.526264,139.945529,6,-0.281,0.03,10.057,14.5
1425627871938,37.526277,139.945525,6,-0.284,0.124,9.804,14.5
1425627872038,37.52629,139.945522,6,-0.29,0.163,9.427,14.5
1425627872139,37.526303,139.945518,5,-0.28,0.215,9.167,14.5
1425627872240,37.526315,139.945516,5,-0.267,0.201,9.138,14.5
1425627882331,37.527676,139.944996,5,-0.269,0.14,9.455,15.75
1425627882336,37.527677,139.944995,5,-0.267,0.141,9.467,15.75
1425627882436,37.52769,139.94499,5,-0.143,0.092,9.523,15.75
1425627882537,37.527703,139.944984,5,-0.054,0.007,9.907,15.75
1425627882638,37.527717,139.944978,5,-0.017,-0.021,10.042,15.75
1425627882739,37.52773,139.944973,5,0.054,0.027,9.917,15.75
1425627882839,37.527743,139.944967,5,0.143,0.072,9.738,15.75
1425627882940,37.527757,139.944962,5,0.134,0.059,9.552,15.75
1425627883036,37.527769,139.944956,5,0.092,0.113,9.206,15.75
1425627883136,37.527783,139.944951,4,0.09,0.163,8.936,15.75
1425627883237,37.527796,139.944945,4,0.034,0.155,8.854,15.75
1425627883338,37.52781,139.94494,4,-0.006,0.078,9.135,15.75
1425627883439,37.527823,139.944934,4,-0.005,-0.066,9.898,15.75
1425627883539,37.527837,139.944929,4,0.028,-0.103,10.407,15.75
1425627883640,37.527851,139.944923,4,0.055,-0.046,10.152,15.75
1425627883736,37.527864,139.944918,4,0.048,0.056,9.47,15.75
1425627883836,37.527877,139.944913,4,-0.003,0.169,8.887,15.75
1425627883937,37.527891,139.944907,4,0.058,0.131,9.117,15.75
1425627884038,37.527904,139.944902,4,0.081,0.021,9.878,15.75
1425627884138,37.527918,139.944896,5,0.115,0.003,10.343,15.75
1425627884239,37.527931,139.94489,5,0.094,0.041,9.934,15.75
1425627888333,37.528464,139.944671,8,0.143,0.172,9.328,15.944
1425627888338,37.528464,139.944671,8,0.145,0.17,9.319,15.943
1425627888439,37.528477,139.944666,8,0.299,0.17,9.089,15.917
1425627888539,37.52849,139.944662,8,0.411,0.195,8.662,15.892
1425627888640,37.528503,139.944657,8,0.431,0.192,8.696,15.867
1425627888736,37.528515,139.944652,8,0.455,0.108,9.167,15.843
1425627888836,37.528528,139.944648,8,0.39,0.025,9.489,15.818
1425627888937,37.528541,139.944643,8,0.341,0.034,9.569,15.793
1425627889038,37.528554,139.944638,8,0.36,-0.003,9.891,15.768
1425627889138,37.528567,139.944634,7,0.399,-0.061,10.493,15.764
1425627889239,37.528581,139.944628,7,0.387,-0.109,10.75,15.814
1425627889340,37.528596,139.944623,7,0.306,0.042,10.022,15.864
1425627889436,37.52861,139.944618,7,0.243,0.236,8.933,15.911
1425627889536,37.528624,139.944613,7,0.172,0.358,8.188,15.961
1425627889637,37.528639,139.944607,7,0.025,0.289,8.427,16.012
1425627889738,37.528654,139.944602,7,-0.157,0.083,9.537,16.062
1425627889838,37.528668,139.944597,7,-0.353,-0.076,10.627,16.112
1425627889939,37.528683,139.944591,7,-0.487,-0.07,10.513,16.163
1425627890040,37.528698,139.944586,7,-0.472,0.115,9.4,16.214
1425627890141,37.528713,139.94458,8,-0.375,0.162,8.706,16.25
1425627890236,37.528727,139.944574,8,-0.307,-0.104,8.791,16.25
1425627890342,37.528743,139.944567,8,-0.231,-0.254,9.714,16.25
1425627890438,37.528757,139.944561,8,-0.137,-0.404,10.469,16.25
1425627890537,37.528772,139.944554,8,-0.124,-0.416,10.224,16.25
1425627890639,37.528787,139.944548,8,-0.059,-0.359,9.903,16.25
1425627890738,37.528802,139.944541,8,-0.111,-0.304,9.902,16.25
1425627890841,37.528817,139.944534,8,-0.027,-0.366,9.947,16.25
1425627890936,37.528831,139.944528,8,-0.141,-0.272,9.538,16.25
1425627891037,37.528846,139.944522,8,-0.135,-0.317,9.504,16.25
1425627891138,37.528861,139.944516,8,-0.206,-0.177,9.333,16.236
1425627891238,37.528873,139.94451,8,-0.323,-0.239,9.182,16.185
1425627891339,37.528886,139.944505,8,-0.442,-0.193,9.079,16.134
1425627891440,37.528899,139.9445,8,-0.597,0.002,7.944,16.083
1425627891540,37.528911,139.944495,8,-0.608,-0.176,8.805,16.033
1425627891636,37.528923,139.94449,8,-0.568,-0.424,9.873,15.985
1425627891737,37.528936,139.944485,8,-0.482,-0.516,11.09,15.935
1425627891837,37.528948,139.94448,8,-0.31,-0.791,11.283,15.885
1425627891938,37.528961,139.944475,8,-0.196,-0.477,10.526,15.835
1425627892039,37.528973,139.94447,8,-0.069,0.018,9.619,15.785
1425627892140,37.528986,139.944464,8,0.011,0.162,8.842,15.742
1425627892240,37.528999,139.944458,8,0.071,0.141,8.803,15.717
1425627892336,37.529011,139.944453,8,0.003,-0.053,9.178,15.693
1425627892437,37.529024,139.944447,8,0.073,-0.285,9.535,15.668
1425627892537,37.529037,139.944441,8,-0.016,-0.322,9.983,15.643
1425627892638,37.52905,139.944435,8,-0.04,-0.36,9.922,15.618
1425627892739,37.529063,139.944429,8,-0.12,-0.35,9.811,15.592
1425627892840,37.529076,139.944423,8,0.0,0.015,10.06,15.567
1425627892940,37.529088,139.944417,8,0.029,0.299,10.164,15.542
1425627893036,37.529101,139.944411,8,0.158,0.438,9.764,15.518
1425627893137,37.529114,139.944406,8,0.182,0.61,9.38,15.493
1425627893237,37.529126,139.9444,8,0.256,0.689,8.82,15.468
1425627893338,37.52914,139.944395,8,0.485,0.686,8.914,15.443
1425627893439,37.529153,139.94439,8,0.801,0.573,9.654,15.417
1425627893540,37.529166,139.944385,8,1.054,0.367,10.097,15.392
1425627893640,37.529179,139.944379,8,1.136,0.368,9.991,15.367
1425627893736,37.529191,139.944374,8,1.134,0.392,9.771,15.343
1425627893837,37.529204,139.944369,8,1.008,0.479,9.384,15.318
1425627893937,37.529217,139.944364,8,0.874,0.452,9.2,15.293
1425627894038,37.52923,139.944359,8,0.771,0.36,9.384,15.268
1425627894139,37.529243,139.944354,8,0.649,-0.011,9.844,15.25
1425627894239,37.529258,139.94435,8,0.497,-0.283,9.939,15.25
1425627900332,37.530151,139.944164,6,0.298,-0.334,10.317,16.138
1425627900337,37.530152,139.944164,6,0.289,-0.328,10.312,16.135
1425627900438,37.530167,139.944163,6,0.423,0.006,9.516,16.084
1425627900539,37.530182,139.944163,6,0.536,0.261,8.685,16.034
1425627900639,37.530196,139.944162,6,0.543,0.166,8.462,15.984
1425627900740,37.530211,139.944161,6,0.611,-0.1,8.931,15.933
1425627900836,37.530225,139.94416,6,0.788,-0.141,9.729,15.885
1425627900936,37.53024,139.944159,6,0.623,-0.047,10.121,15.836
1425627901037,37.530254,139.944159,6,0.575,-0.011,10.161,15.786
1425627901138,37.530269,139.944158,5,0.579,0.135,9.613,15.75
1425627901239,37.530283,139.944159,5,0.544,0.282,9.202,15.75
1425627903333,37.530561,139.944173,6,0.282,0.332,8.84,15.444
1425627903338,37.530561,139.944173,6,0.275,0.341,8.839,15.443
1425627903439,37.530575,139.944174,6,0.393,0.249,9.202,15.417
1425627903540,37.530589,139.944175,6,0.527,0.135,9.074,15.392
1425627903640,37.530603,139.944176,6,0.429,0.067,8.914,15.367
1425627903736,37.530616,139.944177,6,0.36,0.01,9.214,15.343
1425627903837,37.53063,139.944178,6,0.39,-0.133,9.946,15.318
1425627903938,37.530644,139.944179,6,0.336,-0.198,10.375,15.293
1425627904038,37.530657,139.94418,6,0.313,-0.105,10.164,15.268
1425627904139,37.530671,139.944181,4,0.174,0.045,9.586,15.243
1425627904240,37.530684,139.944182,4,0.058,0.203,8.9,15.217
1425627904340,37.530698,139.944182,4,0.02,0.271,8.568,15.192
1425627904441,37.530711,139.944183,4,-0.071,0.213,9.072,15.167
1425627904537,37.530724,139.944184,4,-0.015,0.048,9.53,15.143
1425627904636,37.530737,139.944184,4,-0.086,0.061,10.068,15.118
1425627904738,37.53075,139.944185,4,-0.173,0.088,10.239,15.093
1425627904837,37.530763,139.944185,4,-0.157,0.153,9.708,15.068
1425627904940,37.530777,139.944186,4,-0.084,0.36,9.143,15.042
1425627905039,37.53079,139.944187,4,-0.046,0.511,8.577,15.018
1425627905136,37.530803,139.944187,4,0.094,0.403,9.049,15.0
1425627905237,37.530816,139.944189,4,0.146,0.253,9.827,15.0
1425627907331,37.531097,139.944223,4,0.235,0.145,10.198,14.944
1425627907337,37.531097,139.944223,4,0.222,0.167,10.159,14.943
1425627907437,37.531111,139.944225,4,0.019,0.35,9.467,14.918
1425627907538,37.531124,139.944227,4,-0.108,0.244,9.265,14.892
1425627907639,37.531138,139.944229,4,-0.018,0.335,9.388,14.867
1425627907739,37.531151,139.944231,4,0.135,0.283,9.598,14.842
1425627907840,37.531164,139.944233,4,0.177,0.25,9.81,14.817
1425627907936,37.531177,139.944235,4,0.162,0.147,9.718,14.793
1425627908036,37.53119,139.944237,4,0.236,0.308,9.418,14.768
1425627908137,37.531204,139.944238,5,0.246,0.303,9.233,14.75
1425627908238,37.531217,139.94424,5,0.286,0.238,9.504,14.75
1425627916335,37.532283,139.944346,4,0.349,0.233,9.644,14.443
1425627916340,37.532283,139.944346,4,0.346,0.241,9.635,14.442
1425627916441,37.532296,139.944348,4,0.165,0.118,9.75,14.417
1425627916536,37.532308,139.944349,4,0.047,0.1,9.526,14.393
1425627916637,37.532321,139.944351,4,-0.057,0.077,9.523,14.368
1425627916738,37.532334,139.944352,4,-0.141,0.075,9.37,14.342
1425627916838,37.532347,139.944354,4,-0.145,-0.04,9.423,14.318
1425627916939,37.532359,139.944355,4,-0.146,-0.079,9.718,14.292
1425627917040,37.532372,139.944357,4,-0.129,-0.085,9.65,14.267
1425627917140,37.532385,139.944358,6,-0.138,-0.048,9.493,14.257
1425627917236,37.532398,139.94436,6,-0.123,-0.055,9.445,14.281
1425627917337,37.532411,139.944361,6,-0.101,-0.019,9.361,14.306
1425627917438,37.532425,139.944363,6,-0.084,-0.078,9.551,14.332
1425627917538,37.532438,139.944364,6,-0.114,-0.129,9.642,14.356
1425627917639,37.532452,139.944365,6,-0.237,-0.14,9.624,14.382
1425627917740,37.532465,139.944367,6,-0.231,-0.105,9.446,14.407
1425627917840,37.532479,139.944368,6,-0.199,-0.018,9.229,14.432
1425627917936,37.532492,139.94437,6,-0.245,-0.091,9.487,14.456
1425627918037,37.532505,139.944371,6,-0.256,-0.077,9.726,14.482
1425627918137,37.532518,139.944372,6,-0.265,-0.093,9.856,14.493
1425627918238,37.532531,139.944373,6,-0.257,0.014,9.614,14.468
1425627918339,37.532544,139.944374,6,-0.25,0.029,9.476,14.442
1425627918440,37.532556,139.944375,6,-0.225,0.063,9.323,14.417
1425627918540,37.532569,139.944375,6,-0.253,0.08,9.351,14.392
1425627918636,37.532581,139.944376,6,-0.29,0.078,9.405,14.368
1425627918742,37.532594,139.944377,6,-0.251,0.037,9.414,14.341
1425627918837,37.532606,139.944378,6,-0.208,0.018,9.411,14.318
1425627918936,37.532618,139.944379,6,-0.184,-0.01,9.585,14.293
1425627919039,37.532631,139.944379,6,-0.169,-0.076,9.742,14.268
1425627919138,37.532643,139.94438,5,-0.146,-0.081,9.55,14.25
1425627919240,37.532656,139.94438,5,-0.176,-0.031,9.531,14.25
1425627919336,37.532668,139.944381,5,-0.193,-0.059,9.483,14.25
1425627919437,37.53268,139.944381,5,-0.204,-0.005,9.374,14.25
1425627919537,37.532693,139.944381,5,-0.183,-0.049,9.437,14.25
1425627919638,37.532705,139.944382,5,-0.097,-0.056,9.57,14.25
1425627919739,37.532717,139.944382,5,-0.049,-0.061,9.417,14.25
1425627919839,37.53273,139.944382,5,-0.012,-0.064,9.322,14.25
1425627919940,37.532742,139.944382,5,0.013,-0.078,9.396,14.25
1425627920036,37.532754,139.944383,5,-0.002,-0.126,9.529,14.25
1425627920137,37.532766,139.944383,6,-0.017,-0.135,9.677,14.25
1425627920237,37.532777,139.944382,6,-0.036,-0.127,9.773,14.25
1425627920338,37.532789,139.944382,6,-0.063,-0.162,9.755,14.25
1425627920439,37.5328,139.944382,6,-0.173,-0.116,9.349,14.25
1425627920539,37.532811,139.944381,6,-0.138,-0.19,9.462,14.25
1425627920640,37.532823,139.944381,6,-0.237,-0.076,9.732,14.25
1425627920736,37.532834,139.94438,6,-0.281,-0.11,9.385,14.25
1425627920836,37.532845,139.94438,6,-0.321,0.029,9.304,14.25
1425627920937,37.532856,139.94438,6,-0.37,-0.092,9.395,14.25
1425627921038,37.532868,139.944379,6,-0.403,-0.02,9.256,14.25
1425627921139,37.53288,139.944379,6,-0.421,-0.097,9.446,14.25
1425627921239,37.532893,139.944378,6,-0.436,-0.138,9.54,14.25
1425627921340,37.532907,139.944377,6,-0.435,-0.14,9.542,14.25
1425627921436,37.53292,139.944376,6,-0.418,-0.107,9.525,14.25
1425627921536,37.532934,139.944375,6,-0.417,-0.125,9.651,14.25
1425627921637,37.532947,139.944374,6,-0.407,-0.12,9.661,14.25
1425627921738,37.532961,139.944373,6,-0.377,-0.115,9.643,14.25
1425627921838,37.532974,139.944372,6,-0.341,-0.068,9.506,14.25
1425627921939,37.532988,139.944372,6,-0.308,-0.081,9.406,14.25
1425627922040,37.533002,139.944371,6,-0.269,-0.058,9.275,14.25
1425627922136,37.533014,139.94437,5,-0.25,-0.067,9.282,14.25
1425627922236,37.533027,139.944369,5,-0.232,-0.069,9.353,14.25
1425627922337,37.53304,139.944368,5,-0.229,-0.13,9.765,14.25
1425627922438,37.533053,139.944367,5,-0.254,-0.113,9.791,14.25
1425627922538,37.533066,139.944366,5,-0.274,-0.108,9.688,14.25
1425627922639,37.533079,139.944365,5,-0.25,-0.082,9.462,14.25
1425627922740,37.533092,139.944364,5,-0.245,-0.047,9.418,14.25
1425627922840,37.533105,139.944363,5,-0.225,-0.076,9.609,14.25
1425627922936,37.533118,139.944363,5,-0.253,-0.119,9.706,14.25
1425627923037,37.533131,139.944362,5,-0.232,-0.093,9.59,14.25
1425627923138,37.533144,139.944361,3,-0.214,-0.07,9.307,14.25
1425627923238,37.533157,139.944359,3,-0.215,-0.024,9.161,14.25
1425627923339,37.53317,139.944358,3,-0.239,-0.103,9.478,14.25
1425627923440,37.533183,139.944357,3,-0.278,-0.16,9.856,14.25
1425627923540,37.533196,139.944355,3,-0.331,-0.152,9.839,14.25
1425627923636,37.533208,139.944354,3,-0.399,-0.102,9.554,14.25
1425627923737,37.533222,139.944353,3,-0.399,-0.05,9.26,14.25
1425627923838,37.533235,139.944352,3,-0.382,-0.034,8.996,14.25
1425627923938,37.533248,139.94435,3,-0.333,0.091,9.285,14.25
1425627924039,37.533261,139.944349,3,-0.289,-0.06,9.734,14.25
1425627924140,37.533274,139.944348,4,-0.223,-0.106,9.758,14.25
1425627924240,37.533288,139.944347,4,-0.226,-0.141,9.636,14.25
1425627924336,37.533301,139.944346,4,-0.167,-0.107,9.524,14.25
1425627924437,37.533314,139.944344,4,-0.173,-0.143,9.553,14.25
1425627924537,37.533328,139.944343,4,-0.186,-0.124,9.615,14.25
1425627924638,37.533341,139.944342,4,-0.237,-0.138,9.536,14.25
1425627924739,37.533355,139.944341,4,-0.238,-0.114,9.276,14.25
1425627924840,37.533369,139.94434,4,-0.225,-0.119,9.297,14.25
1425627924940,37.533382,139.944339,4,-0.212,-0.213,9.47,14.25
1425627925036,37.533395,139.944338,4,-0.198,-0.244,9.634,14.25
1425627925137,37.533409,139.944336,4,-0.201,-0.251,9.703,14.25
1425627925237,37.533422,139.944334,4,-0.215,-0.234,9.599,14.25
1425627925338,37.533436,139.944332,4,-0.158,-0.182,9.555,14.25
1425627925439,37.53345,139.94433,4,-0.126,-0.198,9.456,14.25
1425627925539,37.533463,139.944328,4,-0.117,-0.179,9.532,14.25
1425627925640,37.533477,139.944325,4,-0.063,-0.194,9.492,14.25
1425627925736,37.53349,139.944323,4,-0.047,-0.212,9.597,14.25
1425627925837,37.533504,139.944321,4,-0.031,-0.224,9.685,14.25
1425627925937,37.533517,139.944319,4,-0.042,-0.221,9.62,14.25
1425627926038,37.533531,139.944317,4,-0.069,-0.154,9.415,14.25
1425627926139,37.533545,139.944314,4,-0.122,-0.095,9.124,14.25
1425627926239,37.533558,139.944312,4,-0.173,-0.09,9.206,14.25
1425627926340,37.533571,139.944309,4,-0.249,-0.159,9.493,14.25
1425627926436,37.533584,139.944307,4,-0.331,-0.24,9.865,14.25
1425627926536,37.533597,139.944305,4,-0.39,-0.268,10.038,14.25
1425627926637,37.533611,139.944302,4,-0.363,-0.207,9.778,14.25
1425627926738,37.533624,139.9443,4,-0.338,-0.162,9.451,14.25
1425627926839,37.533637,139.944298,4,-0.323,-0.1,9.223,14.25
1425627926939,37.53365,139.944295,4,-0.282,-0.097,9.314,14.25
1425627927040,37.533664,139.944293,4,-0.222,-0.137,9.534,14.25
1425627927136,37.533676,139.94429,4,-0.235,-0.127,9.621,14.25
1425627927236,37.533689,139.944288,4,-0.256,-0.2,9.566,14.25
1425627927337,37.533702,139.944285,4,-0.257,-0.152,9.642,14.25
1425627927438,37.533715,139.944282,4,-0.288,-0.172,9.731,14.25
1425627927538,37.533728,139.94428,4,-0.306,-0.164,9.681,14.25
1425627927639,37.533741,139.944277,4,-0.282,-0.107,9.428,14.25
1425627927740,37.533754,139.944275,4,-0.238,-0.148,9.437,14.25
1425627927836,37.533766,139.944272,4,-0.199,-0.237,9.719,14.25
1425627927936,37.533779,139.94427,4,-0.137,-0.294,9.849,14.25
1425627928037,37.533792,139.944267,4,-0.072,-0.201,9.504,14.25
1425627928138,37.533804,139.944264,5,-0.104,-0.165,9.102,14.257
1425627928238,37.533816,139.944261,5,-0.165,-0.159,8.859,14.282
1425627928339,37.533828,139.944258,5,-0.242,-0.216,9.188,14.307
1425627928440,37.53384,139.944254,5,-0.305,-0.318,9.728,14.332
1425627928536,37.533851,139.944251,5,-0.348,-0.378,10.095,14.356
1425627928636,37.533863,139.944248,5,-0.382,-0.359,9.977,14.381
1425627928737,37.533875,139.944245,5,-0.322,-0.304,9.636,14.406
1425627928838,37.533887,139.944242,5,-0.339,-0.27,9.389,14.432
1425627928938,37.533899,139.944239,5,-0.271,-0.208,9.339,14.457
1425627929039,37.533911,139.944235,5,-0.244,-0.313,9.657,14.482
1425627929140,37.533923,139.944232,5,-0.175,-0.232,9.651,14.5
1425627929241,37.533936,139.944229,5,-0.228,-0.359,9.717,14.5
1425627929336,37.533949,139.944226,5,-0.254,-0.281,9.551,14.5
1425627929437,37.533962,139.944224,5,-0.282,-0.23,9.41,14.5
1425627929538,37.533976,139.944221,5,-0.337,-0.242,9.346,14.5
1425627929638,37.533989,139.944218,5,-0.312,-0.234,9.406,14.5
1425627929739,37.534003,139.944215,5,-0.324,-0.29,9.543,14.5
1425627929840,37.534016,139.944212,5,-0.318,-0.301,9.848,14.5
1425627929940,37.534029,139.944209,5,-0.289,-0.333,9.941,14.5
1425627930036,37.534042,139.944206,5,-0.267,-0.278,9.593,14.5
1425627930137,37.534056,139.944203,5,-0.252,-0.19,9.137,14.5
1425627930238,37.534069,139.944199,5,-0.185,-0.294,9.656,14.5
1425627930338,37.534083,139.944196,5,-0.188,-0.364,9.921,14.5
1425627930439,37.534096,139.944192,5,-0.19,-0.362,9.78,14.5
1425627930540,37.53411,139.944189,5,-0.167,-0.262,9.513,14.5
1425627930640,37.534124,139.944185,5,-0.168,-0.329,9.303,14.5
1425627930736,37.534137,139.944181,5,-0.172,-0.279,9.104,14.5
1425627930837,37.53415,139.944178,5,-0.243,-0.323,9.324,14.5
1425627930937,37.534164,139.944174,5,-0.268,-0.367,9.797,14.5
1425627931038,37.534177,139.944171,5,-0.26,-0.401,9.923,14.5
1425627931139,37.534191,139.944167,5,-0.254,-0.35,9.597,14.493
1425627931240,37.534204,139.944163,5,-0.252,-0.268,9.296,14.467
1425627931340,37.534216,139.944159,5,-0.275,-0.212,9.106,14.442
1425627931436,37.534229,139.944155,5,-0.29,-0.282,9.191,14.418
1425627931537,37.534242,139.944151,5,-0.306,-0.297,9.452,14.393
1425627931637,37.534254,139.944147,5,-0.357,-0.342,9.652,14.368
1425627931738,37.534267,139.944143,5,-0.336,-0.294,9.544,14.342
1425627931839,37.53428,139.94414,5,-0.334,-0.3,9.41,14.317
1425627931939,37.534292,139.944136,5,-0.318,-0.306,9.587,14.292
1425627932040,37.534305,139.944132,5,-0.269,-0.329,9.803,14.267
1425627932136,37.534317,139.944128,4,-0.197,-0.315,9.812,14.25
1425627932237,37.534329,139.944124,4,-0.153,-0.266,9.595,14.25
1425627932337,37.534341,139.94412,4,-0.134,-0.241,9.672,14.25
1425627932438,37.534354,139.944116,4,-0.136,-0.229,9.52,14.25
1425627932539,37.534366,139.944112,4,-0.15,-0.236,9.525,14.25
1425627932639,37.534378,139.944108,4,-0.105,-0.189,9.309,14.25
1425627932740,37.53439,139.944104,4,-0.081,-0.282,9.527,14.25
1425627932841,37.534402,139.9441,4,-0.079,-0.298,9.661,14.25
1425627932936,37.534414,139.944096,4,-0.056,-0.262,9.565,14.25
1425627933036,37.534426,139.944092,4,-0.032,-0.261,9.475,14.25
1425627933138,37.534438,139.944088,6,0.034,-0.221,9.443,14.25
1425627933237,37.534451,139.944085,6,0.046,-0.267,9.535,14.25
1425627933339,37.534463,139.944083,6,0.026,-0.275,9.431,14.25
1425627933438,37.534476,139.94408,6,0.037,-0.267,9.546,14.25
1425627933536,37.534488,139.944077,6,0.042,-0.311,9.635,14.25
1425627933636,37.5345,139.944074,6,0.062,-0.332,9.768,14.25
1425627933737,37.534513,139.944071,6,0.039,-0.341,9.746,14.25
1425627933838,37.534525,139.944069,6,0.049,-0.298,9.672,14.25
1425627933938,37.534538,139.944066,6,0.11,-0.405,9.951,14.25
1425627934039,37.53455,139.944063,6,0.043,-0.238,9.118,14.25
1425627934140,37.534563,139.94406,6,0.088,-0.195,9.037,14.242
1425627934236,37.534574,139.944056,6,0.058,-0.188,9.26,14.218
1425627934336,37.534586,139.944051,6,0.038,-0.294,9.516,14.193
1425627934437,37.534598,139.944047,6,-0.03,-0.438,9.929,14.168
1425627934538,37.53461,139.944043,6,-0.083,-0.465,10.077,14.142
1425627934638,37.534622,139.944039,6,-0.135,-0.394,9.962,14.117
1425627934739,37.534633,139.944034,6,-0.122,-0.308,9.435,14.092
1425627934840,37.534645,139.94403,6,-0.146,-0.263,9.008,14.067
1425627934936,37.534657,139.944026,6,-0.103,-0.208,9.1,14.043
1425627935036,37.534668,139.944022,6,-0.095,-0.304,9.438,14.018
1425627935137,37.534681,139.944018,6,-0.064,-0.269,9.606,13.993
1425627935238,37.534694,139.944013,6,-0.083,-0.323,9.536,13.968
1425627935338,37.534707,139.944009,6,-0.093,-0.311,9.66,13.943
1425627935439,37.534721,139.944004,6,-0.061,-0.266,9.518,13.917
1425627935540,37.534734,139.944,6,-0.019,-0.289,9.411,13.892
1425627935640,37.534747,139.943996,6,-0.035,-0.29,9.438,13.867
1425627935736,37.53476,139.943991,6,-0.066,-0.331,9.631,13.843
1425627935837,37.534773,139.943987,6,-0.07,-0.332,9.781,13.818
1425627935938,37.534786,139.943983,6,-0.11,-0.308,9.633,13.793
1425627936038,37.5348,139.943978,6,-0.116,-0.238,9.388,13.768
1425627936139,37.534812,139.943974,7,-0.1,-0.168,9.234,13.743
1425627936240,37.534823,139.94397,7,-0.083,-0.247,9.395,13.717
1425627936340,37.534834,139.943967,7,-0.054,-0.249,9.626,13.692
1425627936436,37.534844,139.943964,7,-0.075,-0.307,9.792,13.668
1425627936537,37.534855,139.94396,7,-0.024,-0.231,9.612,13.643
1425627936637,37.534866,139.943956,7,0.001,-0.198,9.528,13.618
1425627936738,37.534877,139.943953,7,0.075,-0.19,9.62,13.592
1425627936839,37.534888,139.943949,7,0.075,-0.21,9.543,13.567
1425627936940,37.534899,139.943946,7,0.125,-0.179,9.567,13.542
1425627937040,37.534909,139.943942,7,0.175,-0.206,9.642,13.517
1425627937136,37.53492,139.943939,7,0.18,-0.172,9.524,13.513
1425627937237,37.534933,139.943933,7,0.116,-0.218,9.738,13.562
1425627937337,37.534946,139.943927,7,0.114,-0.134,9.663,13.612
1425627937438,37.534959,139.943922,7,0.064,0.034,9.559,13.662
1425627937539,37.534973,139.943916,7,0.05,0.044,9.429,13.712
1425627937640,37.534986,139.943911,7,-0.001,0.12,9.198,13.763
1425627937740,37.534999,139.943905,7,-0.011,0.093,9.233,13.813
1425627937836,37.535012,139.9439,7,0.008,0.058,9.51,13.861
1425627937937,37.535025,139.943894,7,0.04,-0.026,9.88,13.912
1425627938037,37.535038,139.943888,7,0.12,-0.005,9.824,13.963
1425627938138,37.535052,139.943883,6,0.159,0.066,9.567,14.007
1425627938239,37.535065,139.943879,6,0.193,0.091,9.477,14.032
1425627938339,37.535079,139.943875,6,0.186,0.068,9.393,14.057
1425627938440,37.535093,139.943871,6,0.174,0.046,9.524,14.082
1425627938536,37.535106,139.943867,6,0.201,0.033,9.583,14.106
1425627938637,37.535119,139.943862,6,0.213,0.074,9.352,14.131
1425627938737,37.535133,139.943858,6,0.161,0.059,9.388,14.156
1425627938838,37.535147,139.943854,6,0.136,0.014,9.702,14.182
1425627938939,37.535161,139.94385,6,0.1,-0.081,10.035,14.207
1425627939039,37.535174,139.943846,6,0.097,-0.024,9.772,14.232
1425627939136,37.535187,139.943842,6,0.058,0.043,9.324,14.263
1425627939236,37.5352,139.943839,6,0.043,0.124,9.041,14.312
1425627939336,37.535212,139.943835,6,0.043,0.069,9.294,14.361
1425627939437,37.535225,139.943832,6,-0.008,-0.039,9.726,14.412
1425627939538,37.535237,139.943828,6,-0.018,-0.08,10.001,14.462
1425627939639,37.53525,139.943825,6,-0.045,-0.045,9.87,14.512
1425627939739,37.535263,139.943821,6,-0.081,0.032,9.44,14.562
1425627939840,37.535276,139.943818,6,-0.102,0.074,9.044,14.613
1425627939936,37.535288,139.943814,6,-0.078,-0.014,9.313,14.662
1425627940036,37.535301,139.943811,6,-0.048,-0.141,9.817,14.712
1425627940137,37.535313,139.943807,5,0.0,-0.205,10.135,14.75
1425627940238,37.535326,139.943802,5,0.045,-0.229,9.927,14.75
1425627940339,37.535339,139.943798,5,0.16,-0.097,9.407,14.75
1425627940439,37.535352,139.943793,5,0.152,-0.066,9.241,14.75
1425627940540,37.535365,139.943789,5,0.138,-0.177,9.405,14.75
1425627940636,37.535377,139.943784,5,0.137,-0.213,9.703,14.75
1425627940736,37.53539,139.94378,5,0.117,-0.276,9.873,14.75
1425627940837,37.535403,139.943775,5,0.103,-0.221,9.569,14.75
1425627940938,37.535416,139.943771,5,0.099,-0.195,9.457,14.75
1425627941038,37.535429,139.943766,5,0.066,-0.2,9.544,14.75
1425627941139,37.535442,139.943762,4,0.058,-0.2,9.561,14.743
1425627941240,37.535454,139.943758,4,0.051,-0.21,9.717,14.717
1425627941336,37.535466,139.943753,4,0.018,-0.215,9.694,14.693
1425627941436,37.535479,139.943749,4,0.05,-0.093,9.546,14.668
1425627941537,37.535492,139.943745,4,0.017,-0.071,9.433,14.643
1425627941638,37.535504,139.943741,4,0.067,-0.078,9.524,14.617
1425627941738,37.535517,139.943737,4,0.113,-0.151,9.676,14.593
1425627941839,37.535529,139.943732,4,0.132,-0.182,9.865,14.567
1425627941940,37.535542,139.943728,4,0.154,-0.117,9.81,14.542
1425627942036,37.535554,139.943724,4,0.159,-0.083,9.669,14.518
1425627942136,37.535567,139.94372,6,0.159,-0.06,9.559,14.513
1425627942237,37.535581,139.943715,6,0.125,-0.032,9.502,14.563
1425627942338,37.535595,139.943711,6,0.124,-0.046,9.447,14.613
1425627942438,37.535609,139.943706,6,0.094,-0.074,9.585,14.662
1425627942539,37.535623,139.943702,6,0.051,-0.107,9.636,14.712
1425627942640,37.535638,139.943697,6,-0.016,-0.125,9.469,14.763
1425627942740,37.535652,139.943693,6,0.018,-0.095,9.269,14.813
1425627942836,37.535666,139.943688,6,0.056,-0.092,9.226,14.861
1425627942937,37.53568,139.943684,6,0.108,-0.238,9.611,14.912
1425627943037,37.535694,139.943679,6,0.127,-0.295,9.817,14.963
1425627943138,37.535708,139.943675,7,0.137,-0.315,9.959,14.986
1425627943239,37.535718,139.943671,7,0.133,-0.338,9.889,14.935
1425627943340,37.535728,139.943667,7,0.144,-0.234,9.539,14.883
1425627943440,37.535738,139.943663,7,0.177,-0.223,9.528,14.833
1425627943536,37.535748,139.94366,7,0.193,-0.197,9.574,14.785
1425627943637,37.535758,139.943656,7,0.232,-0.224,9.607,14.734
1425627943737,37.535767,139.943652,7,0.24,-0.207,9.681,14.685
1425627943838,37.535777,139.943648,7,0.236,-0.156,9.618,14.634
1425627943939,37.535787,139.943644,7,0.245,-0.114,9.435,14.584
1425627944040,37.535797,139.943641,7,0.208,-0.129,9.601,14.534
1425627944140,37.535808,139.943637,7,0.162,-0.123,9.635,14.507
1425627944236,37.53582,139.943633,7,0.168,-0.09,9.487,14.531
1425627944337,37.535832,139.94363,7,0.131,-0.081,9.405,14.556
1425627944437,37.535845,139.943626,7,0.137,-0.065,9.369,14.581
1425627944538,37.535858,139.943622,7,0.142,-0.144,9.667,14.606
1425627944639,37.53587,139.943619,7,0.104,-0.154,9.928,14.632
1425627944739,37.535883,139.943615,7,0.098,-0.169,9.941,14.657
1425627944840,37.535896,139.943611,7,0.082,-0.131,9.7,14.682
1425627944936,37.535908,139.943607,7,0.098,-0.081,9.534,14.706
1425627945036,37.535921,139.943604,7,0.1,-0.053,9.374,14.731
1425627945137,37.535934,139.9436,5,0.131,0.0,9.557,14.75
1425627945238,37.535947,139.943595,5,0.132,-0.055,9.655,14.75
1425627945339,37.535961,139.943591,5,0.147,-0.007,9.63,14.75
1425627945439,37.535975,139.943587,5,0.171,0.007,9.401,14.75
1425627945540,37.535988,139.943583,5,0.184,0.058,9.224,14.75
1425627945636,37.536002,139.943578,5,0.215,-0.001,9.321,14.75
1425627945736,37.536015,139.943574,5,0.193,-0.031,9.508,14.75
1425627945837,37.536029,139.94357,5,0.257,-0.119,10.132,14.75
1425627945938,37.536043,139.943565,5,0.312,-0.116,10.184,14.75
1425627946039,37.536056,139.943561,5,0.301,-0.088,9.905,14.75
1425627946139,37.53607,139.943557,5,0.316,-0.005,9.453,14.75
1425627946240,37.536083,139.943553,5,0.381,0.04,9.288,14.75
1425627946336,37.536096,139.94355,5,0.415,0.042,9.276,14.75
1425627946436,37.536109,139.943546,5,0.412,-0.02,9.525,14.75
1425627946537,37.536122,139.943543,5,0.363,-0.098,9.767,14.75
1425627946638,37.536135,139.943539,5,0.337,-0.061,9.644,14.75
1425627946738,37.536148,139.943535,5,0.305,-0.055,9.557,14.75
1425627946839,37.536161,139.943532,5,0.272,-0.037,9.672,14.75
1425627946940,37.536175,139.943528,5,0.248,-0.005,9.587,14.75
1425627947036,37.536187,139.943525,5,0.233,0.01,9.348,14.75
1425627947141,37.536201,139.943521,5,0.265,0.026,9.431,14.75
1425627947237,37.536214,139.943518,5,0.234,-0.046,9.688,14.75
1425627947336,37.536227,139.943515,5,0.213,-0.109,10.059,14.75
1425627947438,37.53624,139.943511,5,0.16,-0.071,9.857,14.75
1425627947537,37.536253,139.943508,5,0.143,0.005,9.428,14.75
1425627947640,37.536266,139.943505,5,0.104,0.076,9.152,14.75
1425627947736,37.536279,139.943502,5,0.147,0.058,9.259,14.75
1425627947836,37.536292,139.943499,5,0.199,-0.042,9.743,14.75
1425627947938,37.536305,139.943496,5,0.242,-0.091,10.056,14.75
1425627948038,37.536319,139.943492,5,0.301,-0.036,9.876,14.75
1425627948138,37.536332,139.943489,5,0.297,0.026,9.495,14.75
1425627948239,37.536344,139.943485,5,0.306,0.07,9.295,14.75
1425627948340,37.536357,139.943481,5,0.342,0.035,9.484,14.75
1425627948440,37.536369,139.943478,5,0.337,-0.002,9.667,14.75
1425627948536,37.536381,139.943474,5,0.34,0.022,9.548,14.75
1425627948637,37.536394,139.94347,5,0.388,0.056,9.418,14.75
1425627948738,37.536406,139.943467,5,0.407,0.029,9.485,14.75
1425627948838,37.536419,139.943463,5,0.394,-0.017,9.743,14.75
1425627948939,37.536432,139.943459,5,0.411,-0.032,9.918,14.75
1425627949040,37.536444,139.943456,5,0.391,0.028,9.843,14.75
1425627949140,37.536457,139.943452,6,0.358,0.094,9.554,14.75
1425627949236,37.536471,139.94345,6,0.298,0.116,9.431,14.75
1425627949337,37.536486,139.943447,6,0.217,0.111,9.656,14.75
1425627949437,37.536501,139.943444,6,0.165,0.079,9.8,14.75
1425627949538,37.536515,139.943442,6,0.116,0.111,9.638,14.75
1425627949639,37.53653,139.943439,6,0.076,0.19,9.397,14.75
1425627949740,37.536545,139.943437,6,0.103,0.215,9.261,14.75
1425627949840,37.53656,139.943434,6,0.157,0.186,9.34,14.75
1425627949936,37.536574,139.943432,6,0.189,0.177,9.584,14.75
1425627950037,37.536588,139.943429,6,0.212,0.16,9.744,14.75
1425627950137,37.536603,139.943426,6,0.241,0.136,9.764,14.757
1425627950238,37.536619,139.943424,6,0.233,0.153,9.672,14.782
1425627950339,37.536634,139.943422,6,0.249,0.182,9.562,14.807
1425627950440,37.53665,139.94342,6,0.237,0.185,9.432,14.832
1425627950540,37.536665,139.943418,6,0.211,0.191,9.521,14.857
1425627950636,37.53668,139.943415,6,0.156,0.138,9.771,14.881
1425627950737,37.536696,139.943413,6,0.058,0.099,10.115,14.906
1425627950837,37.536711,139.943411,6,0.035,0.121,9.881,14.931
1425627950938,37.536727,139.943409,6,0.038,0.219,9.522,14.957
1425627951039,37.536743,139.943407,6,0.068,0.279,9.213,14.982
1425627951139,37.536758,139.943404,6,0.108,0.27,9.293,15.0
1425627951240,37.536771,139.943402,6,0.186,0.239,9.485,15.0
1425627955334,37.537311,139.943373,6,0.217,0.206,9.658,14.75
1425627957333,37.537577,139.943417,5,0.222,0.212,9.658,14.944
1425627957338,37.537577,139.943418,5,0.226,0.222,9.651,14.943
1425627957439,37.53759,139.943421,5,0.256,0.223,9.426,14.917
1425627957539,37.537602,139.943424,5,0.255,0.099,9.627,14.892
1425627957640,37.537615,139.943428,5,0.26,0.06,9.843,14.867
1425627957736,37.537627,139.943431,5,0.295,-0.002,9.837,14.843
1425627957836,37.537639,139.943434,5,0.3,0.024,9.731,14.818
1425627957937,37.537652,139.943437,5,0.268,0.071,9.451,14.793
1425627958038,37.537664,139.943441,5,0.275,0.159,9.262,14.768
1425627958139,37.537677,139.943444,6,0.296,0.118,9.366,14.75
1425627958239,37.537689,139.943449,6,0.281,0.068,9.583,14.75
1425627958340,37.537702,139.943454,6,0.291,0.009,9.89,14.75
1425627958436,37.537714,139.943459,6,0.305,0.05,9.78,14.75
1425627958536,37.537727,139.943464,6,0.326,0.047,9.627,14.75
1425627958637,37.53774,139.943469,6,0.343,0.1,9.405,14.75
1425627958738,37.537753,139.943474,6,0.306,0.098,9.339,14.75
1425627958839,37.537766,139.943479,6,0.274,0.146,9.276,14.75
1425627958939,37.537778,139.943484,6,0.196,0.051,9.486,14.75
1425627959040,37.537791,139.943489,6,0.164,0.03,9.617,14.75
1425627959136,37.537803,139.943493,6,0.113,0.014,9.753,14.743
1425627959236,37.537816,139.943496,6,0.085,0.064,9.663,14.718
1425627959337,37.537829,139.943499,6,0.077,0.092,9.538,14.693
1425627959438,37.537842,139.943502,6,0.122,0.047,9.726,14.668
1425627959538,37.537855,139.943505,6,0.163,0.015,9.831,14.642
1425627959639,37.537867,139.943508,6,0.166,0.055,9.696,14.617
1425627959741,37.53788,139.943512,6,0.231,0.124,9.343,14.592
1425627959836,37.537892,139.943515,6,0.271,0.085,9.163,14.568
1425627959936,37.537905,139.943518,6,0.32,0.058,9.358,14.543
1425627960037,37.537918,139.943521,6,0.34,-0.005,9.785,14.518
1425627960138,37.53793,139.943524,6,0.361,-0.033,9.915,14.5
1425627960238,37.537943,139.94353,6,0.352,0.049,9.691,14.5
1425627960339,37.537955,139.943535,6,0.336,0.108,9.376,14.5
1425627960440,37.537968,139.94354,6,0.371,0.126,9.143,14.5
1425627960536,37.53798,139.943546,6,0.444,0.116,9.254,14.5
1425627960636,37.537992,139.943551,6,0.475,0.06,9.555,14.5
1425627960737,37.538005,139.943556,6,0.488,0.034,9.766,14.5
1425627960838,37.538017,139.943562,6,0.446,0.05,9.711,14.5
1425627960938,37.53803,139.943567,6,0.358,0.076,9.509,14.5
1425627961039,37.538042,139.943572,6,0.294,0.134,9.392,14.5
1425627961140,37.538055,139.943577,7,0.219,0.146,9.433,14.5
1425627961240,37.538068,139.943582,7,0.156,0.096,9.771,14.5
1425627969332,37.539064,139.944033,6,0.13,0.091,9.777,14.75
1425627969337,37.539065,139.944033,6,0.127,0.1,9.771,14.75
1425627969438,37.539076,139.94404,6,0.044,0.156,9.415,14.75
1425627969539,37.539088,139.944047,6,0.008,0.223,9.078,14.75
1425627969639,37.539099,139.944054,6,0.017,0.229,9.034,14.75
1425627969740,37.539111,139.944061,6,0.047,0.222,9.372,14.75
1425627969836,37.539122,139.944067,6,0.028,0.108,9.688,14.75
1425627969937,37.539133,139.944074,6,0.043,0.11,9.737,14.75
1425627970037,37.539145,139.944081,6,0.083,0.115,9.701,14.75
1425627970138,37.539156,139.944088,6,0.111,0.118,9.668,14.75
1425627970239,37.539169,139.944093,6,0.131,0.088,9.821,14.75
1425627970339,37.539181,139.944099,6,0.166,0.158,9.478,14.75
1425627970440,37.539193,139.944104,6,0.201,0.209,9.13,14.75
1425627970536,37.539205,139.944109,6,0.253,0.206,9.154,14.75
1425627970637,37.539217,139.944115,6,0.279,0.113,9.504,14.75
1425627970737,37.539229,139.94412,6,0.289,0.046,9.861,14.75
1425627970838,37.539242,139.944126,6,0.274,0.079,9.763,14.75
1425627970939,37.539254,139.944132,6,0.296,0.105,9.412,14.75
1425627971039,37.539266,139.944137,6,0.312,0.076,9.413,14.75
1425627971140,37.539279,139.944143,6,0.35,0.038,9.715,14.742
1425627971236,37.53929,139.944149,6,0.359,0.021,9.851,14.718
1425627971336,37.539301,139.944155,6,0.3,0.038,9.704,14.693
1425627971437,37.539313,139.944161,6,0.234,0.092,9.496,14.668
1425627971538,37.539325,139.944168,6,0.183,0.123,9.399,14.642
1425627971639,37.539337,139.944174,6,0.132,0.083,9.461,14.617
1425627971739,37.539348,139.94418,6,0.12,0.049,9.571,14.592
1425627971841,37.53936,139.944186,6,0.086,0.048,9.58,14.567
1425627971936,37.539371,139.944192,6,0.065,0.037,9.54,14.543
1425627972036,37.539382,139.944198,6,0.018,0.016,9.796,14.518
1425627972137,37.539394,139.944205,5,0.037,0.05,9.632,14.5
1425627972238,37.539405,139.944211,5,0.047,0.08,9.557,14.5
1425627972338,37.539417,139.944218,5,0.03,0.105,9.445,14.5
1425627972439,37.539428,139.944225,5,-0.005,0.095,9.169,14.5
1425627972540,37.53944,139.944231,5,0.032,0.117,9.133,14.5
1425627972636,37.53945,139.944238,5,0.054,0.018,9.626,14.5
1425627972736,37.539462,139.944244,5,0.032,0.006,9.852,14.5
1425627972837,37.539473,139.944251,5,0.002,0.005,9.839,14.5
1425627972938,37.539485,139.944258,5,-0.016,0.097,9.482,14.5
1425627973038,37.539496,139.944264,5,0.001,0.164,9.21,14.5
1425627973139,37.539508,139.944271,5,0.069,0.143,9.399,14.5
1425627973240,37.53952,139.944276,5,0.105,0.107,9.831,14.5
1425627973336,37.539532,139.944282,5,0.094,0.097,9.851,14.5
1425627973436,37.539544,139.944287,5,0.088,0.153,9.578,14.5
1425627973537,37.539556,139.944293,5,0.115,0.18,9.43,14.5
1425627973638,37.539568,139.944299,5,0.157,0.181,9.367,14.5
1425627973738,37.539581,139.944304,5,0.155,0.143,9.598,14.5
1425627973839,37.539593,139.94431,5,0.176,0.119,9.954,14.5
1425627973940,37.539605,139.944315,5,0.142,0.059,9.853,14.5
1425627974040,37.539617,139.944321,5,0.081,0.122,9.649,14.5
1425627974136,37.539629,139.944327,5,0.087,0.148,9.47,14.5
1425627974237,37.539642,139.944334,5,0.064,0.205,9.325,14.5
1425627986332,37.541184,139.944716,4,-0.047,0.214,9.253,14.5
1425627997334,37.542712,139.944465,5,-0.053,0.217,9.256,15.75
1425627997339,37.542712,139.944465,5,-0.059,0.221,9.263,15.75
1425627997440,37.542727,139.944462,5,0.063,0.136,9.299,15.75
1425627997536,37.54274,139.944459,5,0.14,0.103,9.09,15.75
1425627997636,37.542754,139.944455,5,0.187,0.021,9.068,15.75
1425627997737,37.542768,139.944452,5,0.227,-0.108,9.333,15.75
1425627997838,37.542783,139.944448,5,0.23,-0.342,9.647,15.75
1425627997938,37.542797,139.944445,5,0.184,-0.372,9.948,15.75
1425627998039,37.542811,139.944441,5,0.14,-0.362,9.937,15.75
1425627998140,37.542825,139.944438,4,0.125,-0.316,9.459,15.735
1425627998236,37.542839,139.944436,4,0.049,-0.24,9.081,15.686
1425627998336,37.542853,139.944433,4,0.048,-0.238,8.96,15.636
1425627998437,37.542867,139.94443,4,0.079,-0.307,9.386,15.585
1425627998538,37.542881,139.944427,4,0.099,-0.386,9.812,15.534
1425627998638,37.542895,139.944425,4,0.123,-0.404,9.879,15.484
1425627998739,37.542909,139.944422,4,0.184,-0.326,9.514,15.434
1425627998840,37.542923,139.944419,4,0.231,-0.306,9.196,15.383
1425627998941,37.542937,139.944416,4,0.253,-0.287,9.36,15.333
1425627999036,37.54295,139.944414,4,0.255,-0.345,9.739,15.286
1425627999137,37.542964,139.944411,5,0.241,-0.385,9.837,15.243
1425627999238,37.542977,139.944409,5,0.221,-0.377,9.723,15.218
1425627999338,37.542991,139.944407,5,0.203,-0.332,9.55,15.193
1425627999439,37.543005,139.944405,5,0.255,-0.328,9.507,15.167
1425627999540,37.543018,139.944403,5,0.248,-0.321,9.562,15.142
1425627999640,37.543032,139.944401,5,0.224,-0.307,9.457,15.117
1425627999736,37.543045,139.944399,5,0.206,-0.274,9.207,15.093
1425627999837,37.543058,139.944397,5,0.144,-0.252,9.107,15.068
1425627999938,37.543072,139.944395,5,0.127,-0.273,9.243,15.043
1425628000038,37.543085,139.944392,5,0.124,-0.382,9.751,15.018
1425628000139,37.543099,139.94439,5,0.175,-0.435,10.069,14.985
1425628000240,37.543112,139.944389,5,0.222,-0.394,9.887,14.934
1425628000340,37.543126,139.944387,5,0.274,-0.318,9.47,14.883
1425628000436,37.543138,139.944385,5,0.284,-0.264,9.123,14.835
1425628000537,37.543151,139.944383,5,0.371,-0.271,9.151,14.784
1425628000637,37.543165,139.944381,5,0.345,-0.426,9.61,14.734
1425628000738,37.543178,139.94438,5,0.303,-0.598,9.752,14.684
1425628000839,37.543191,139.944378,5,0.215,-0.784,9.767,14.634
1425628000940,37.543204,139.944376,5,0.112,-0.816,9.42,14.584
1425628001040,37.543217,139.944374,5,0.106,-0.889,9.203,14.534
1425628001136,37.54323,139.944372,5,0.156,-0.933,9.298,14.48
1425628001237,37.543244,139.94437,5,0.162,-1.044,9.631,14.403
1425628001337,37.543257,139.944367,5,0.15,-1.106,9.885,14.326
1425628001438,37.543271,139.944364,5,0.151,-1.155,9.825,14.25
1425628001539,37.543285,139.944362,5,0.135,-1.109,9.548,14.173
1425628001640,37.543298,139.944359,5,0.112,-1.092,9.358,14.098
1425628001740,37.543312,139.944356,5,0.078,-1.117,9.297,14.023
1425628001836,37.543325,139.944354,5,0.076,-1.158,9.397,13.952
1425628001937,37.543338,139.944351,5,0.077,-1.22,9.646,13.877
1425628002037,37.543351,139.944349,5,0.174,-1.022,9.844,13.803
1425628002138,37.543364,139.944346,5,0.243,-0.724,9.74,13.721
1425628002239,37.543376,139.944344,5,0.254,-0.502,9.558,13.617
1425628002339,37.543388,139.944342,5,0.273,-0.35,9.267,13.514
1425628002440,37.5434,139.94434,5,0.277,-0.311,9.26,13.412
1425628002536,37.543411,139.944338,5,0.303,-0.41,9.64,13.315
1425628002637,37.543422,139.944336,5,0.295,-0.555,9.872,13.214
1425628002737,37.543433,139.944334,5,0.255,-0.688,9.729,13.114
1425628002838,37.543445,139.944332,5,0.198,-0.734,9.422,13.015
1425628002939,37.543456,139.944329,5,0.157,-0.796,9.295,12.916
1425628003039,37.543467,139.944327,5,0.098,-0.911,9.406,12.819
1425628003140,37.543478,139.944326,4,0.07,-1.024,9.588,12.727
1425628003236,37.543489,139.944324,4,0.027,-1.057,9.597,12.653
1425628003336,37.5435,139.944323,4,0.033,-1.08,9.534,12.577
1425628003437,37.543511,139.944322,4,0.041,-1.017,9.514,12.5
1425628003538,37.543522,139.94432,4,0.11,-0.785,9.709,12.423
1425628003639,37.543532,139.944319,4,0.179,-0.562,9.816,12.348
1425628003739,37.543543,139.944318,4,0.175,-0.401,9.59,12.273
1425628003840,37.543554,139.944316,4,0.139,-0.279,9.195,12.198
1425628003941,37.543564,139.944315,4,0.063,-0.23,9.106,12.124
1425628004036,37.543574,139.944314,4,0.01,-0.241,9.201,12.054
1425628004142,37.543585,139.944313,4,-0.006,-0.282,9.508,11.984
1425628004238,37.543596,139.944312,4,-0.004,-0.308,9.686,11.935
1425628004337,37.543606,139.944312,4,0.003,-0.326,9.618,11.885
1425628004439,37.543617,139.944311,4,0.053,-0.281,9.623,11.833
1425628004538,37.543627,139.944311,4,0.164,-0.284,9.581,11.783
1425628004636,37.543638,139.94431,4,0.176,-0.262,9.578,11.734
1425628004736,37.543648,139.94431,4,0.17,-0.31,9.786,11.685
1425628004837,37.543659,139.944309,4,0.14,-0.285,9.772,11.634
1425628004938,37.543669,139.944309,4,0.111,-0.262,9.538,11.584
1425628005038,37.54368,139.944308,4,0.096,-0.194,9.114,11.535
1425628005139,37.54369,139.944308,4,0.057,-0.24,9.518,11.493
1425628005240,37.5437,139.944308,4,-0.001,-0.339,9.885,11.467
1425628005340,37.54371,139.944308,4,-0.036,-0.331,9.715,11.442
1425628005436,37.54372,139.944308,4,-0.056,-0.325,9.622,11.418
1425628005537,37.54373,139.944308,4,-0.058,-0.305,9.501,11.393
1425628005638,37.543741,139.944307,4,-0.079,-0.371,9.277,11.367
1425628005738,37.543751,139.944307,4,-0.152,-0.557,9.455,11.342
1425628005839,37.543761,139.944307,4,-0.215,-0.672,9.751,11.317
1425628005940,37.543771,139.944307,4,-0.206,-0.722,9.76,11.292
1425628006040,37.543781,139.944307,4,-0.205,-0.716,9.437,11.267
1425628006136,37.543791,139.944307,4,-0.156,-0.74,9.155,11.237
1425628006237,37.5438,139.944306,4,-0.079,-0.797,9.228,11.185
1425628006337,37.54381,139.944305,4,-0.015,-0.883,9.582,11.135
1425628006438,37.54382,139.944304,4,-0.02,-0.947,9.769,11.083
1425628006539,37.543829,139.944304,4,-0.028,-0.966,9.796,11.033
1425628006640,37.543839,139.944303,4,-0.007,-0.969,9.772,10.982
1425628006740,37.543848,139.944302,4,0.043,-0.977,9.599,10.932
1425628006836,37.543857,139.944301,4,0.04,-0.936,9.347,10.885
1425628006937,37.543867,139.9443,4,0.059,-0.942,9.338,10.835
1425628007037,37.543876,139.9443,4,0.042,-0.971,9.486,10.786
1425628007138,37.543885,139.944299,4,0.04,-0.984,9.513,10.713
1425628007239,37.543894,139.944299,4,0.083,-1.003,9.545,10.58
1425628007340,37.543903,139.944299,4,0.066,-1.068,9.661,10.449
1425628007440,37.543911,139.944299,4,0.048,-1.02,9.449,10.32
1425628007536,37.543919,139.944299,4,0.089,-1.015,9.414,10.199
1425628007637,37.543927,139.944299,4,0.062,-1.014,9.416,10.072
1425628007737,37.543936,139.944299,4,0.032,-1.086,9.607,9.948
1425628007838,37.543944,139.944299,4,0.02,-1.1,9.659,9.825
1425628007939,37.543952,139.944299,4,0.009,-1.09,9.628,9.703
1425628008039,37.54396,139.944299,4,-0.082,-1.057,9.53,9.584
1425628008140,37.543967,139.944299,6,-0.123,-1.003,9.521,9.477
1425628008236,37.543974,139.944301,6,-0.147,-0.97,9.517,9.402
1425628008337,37.543981,139.944302,6,-0.151,-0.942,9.595,9.324
1425628008437,37.543989,139.944304,6,-0.117,-0.872,9.646,9.248
1425628008538,37.543996,139.944305,6,-0.091,-0.753,9.409,9.171
1425628008639,37.544003,139.944307,6,-0.115,-0.76,9.36,9.096
1425628008739,37.54401,139.944308,6,-0.147,-0.776,9.547,9.021
1425628008840,37.544017,139.944309,6,-0.117,-0.822,9.71,8.946
1425628008936,37.544023,139.944311,6,-0.134,-0.876,9.614,8.876
1425628009036,37.54403,139.944312,6,-0.135,-0.886,9.531,8.803
1425628009137,37.544037,139.944313,6,-0.148,-0.908,9.466,8.721
1425628009238,37.544044,139.944313,6,-0.161,-0.927,9.419,8.615
1425628009339,37.544052,139.944313,6,-0.157,-0.984,9.532,8.51
1425628009439,37.544059,139.944312,6,-0.13,-1.043,9.752,8.408
1425628009540,37.544066,139.944312,6,-0.145,-1.045,9.741,8.305
1425628009636,37.544073,139.944312,6,-0.137,-1.02,9.474,8.209
1425628009736,37.54408,139.944312,6,-0.123,-0.966,9.369,8.11
1425628009837,37.544087,139.944312,6,-0.11,-0.975,9.53,8.011
1425628009938,37.544094,139.944311,6,-0.096,-1.011,9.601,7.913
1425628010039,37.5441,139.944311,6,-0.083,-1.047,9.585,7.817
1425628010139,37.544107,139.944311,4,-0.099,-1.032,9.625,7.719
1425628010240,37.544113,139.944312,4,-0.096,-1.014,9.479,7.612
1425628010336,37.544119,139.944312,4,-0.106,-0.945,9.422,7.512
1425628010436,37.544125,139.944313,4,-0.087,-0.922,9.498,7.409
1425628010537,37.544131,139.944313,4,-0.071,-0.896,9.577,7.306
1425628010638,37.544137,139.944314,4,-0.105,-0.864,9.458,7.205
1425628010738,37.544143,139.944314,4,-0.137,-0.841,9.447,7.106
1425628010839,37.544149,139.944315,4,-0.149,-0.881,9.493,7.007
1425628010940,37.544155,139.944315,4,-0.156,-0.838,9.599,6.91
1425628011036,37.54416,139.944316,4,-0.171,-0.757,9.488,6.819
1425628011136,37.544165,139.944316,4,-0.121,-0.645,9.571,6.729
1425628011237,37.544171,139.944317,4,-0.097,-0.534,9.765,6.65
1425628011338,37.544176,139.944317,4,-0.116,-0.436,9.643,6.571
1425628011438,37.544181,139.944317,4,-0.134,-0.32,9.434,6.494
1425628011539,37.544186,139.944318,4,-0.137,-0.286,9.371,6.417
1425628011640,37.544191,139.944318,4,-0.132,-0.286,9.543,6.342
1425628011740,37.544196,139.944319,4,-0.15,-0.294,9.668,6.267
1425628011836,37.544201,139.944319,4,-0.146,-0.277,9.584,6.197
1425628011937,37.544206,139.944319,4,-0.152,-0.261,9.379,6.123
1425628012038,37.544211,139.94432,4,-0.175,-0.249,9.484,6.051
1425628012138,37.544215,139.94432,6,-0.164,-0.247,9.566,6.0
1425628012239,37.54422,139.944321,6,-0.176,-0.291,9.694,6.0
1425628012340,37.544224,139.944323,6,-0.207,-0.238,9.657,6.0
1425628012440,37.544229,139.944324,6,-0.201,-0.191,9.445,6.0
1425628012536,37.544233,139.944325,6,-0.168,-0.192,9.428,6.0
1425628012637,37.544237,139.944326,6,-0.166,-0.238,9.539,6.0
1425628012737,37.544242,139.944327,6,-0.184,-0.269,9.646,6.0
1425628012838,37.544246,139.944328,6,-0.18,-0.26,9.562,6.0
1425628012939,37.54425,139.944329,6,-0.191,-0.233,9.351,6.0
1425628013040,37.544255,139.94433,6,-0.231,-0.256,9.447,6.0
1425628013140,37.54426,139.944331,6,-0.249,-0.276,9.625,5.992
1425628013236,37.544265,139.944332,6,-0.188,-0.269,9.6,5.968
1425628013337,37.54427,139.944334,6,-0.187,-0.232,9.453,5.942
1425628013437,37.544275,139.944335,6,-0.171,-0.203,9.269,5.917
1425628013538,37.544281,139.944336,6,-0.201,-0.253,9.544,5.892
1425628013639,37.544286,139.944337,6,-0.268,-0.346,9.79,5.866
1425628013740,37.544291,139.944338,6,-0.266,-0.392,9.664,5.841
1425628013840,37.544296,139.944339,6,-0.268,-0.381,9.294,5.816
1425628013936,37.544301,139.94434,6,-0.251,-0.438,9.212,5.793
1425628014037,37.544306,139.944341,6,-0.25,-0.508,9.545,5.768
1425628014137,37.544311,139.944342,4,-0.218,-0.609,9.838,5.736
1425628014238,37.544316,139.944343,4,-0.233,-0.62,9.912,5.683
1425628014339,37.54432,139.944344,4,-0.279,-0.572,9.401,5.631
1425628014440,37.544325,139.944345,4,-0.313,-0.564,9.271,5.58
1425628014540,37.544329,139.944346,4,-0.297,-0.553,9.479,5.529
1425628014636,37.544334,139.944346,4,-0.225,-0.567,9.622,5.481
1425628014737,37.544338,139.944347,4,-0.163,-0.42,9.666,5.431
1425628014837,37.544342,139.944348,4,-0.126,-0.228,9.454,5.382
1425628014938,37.544347,139.944349,4,-0.108,-0.099,9.207,5.333
1425628015039,37.544351,139.944349,4,-0.107,-0.158,9.587,5.284
1425628015139,37.544355,139.94435,5,-0.117,-0.209,9.768,5.25
1425628015240,37.544359,139.944352,5,-0.128,-0.004,9.749,5.25
1425628015336,37.544363,139.944353,5,-0.118,0.26,9.593,5.25
1425628015437,37.544368,139.944355,5,-0.087,0.467,9.397,5.25
1425628015537,37.544372,139.944356,5,-0.031,0.614,9.418,5.25
1425628015638,37.544376,139.944357,5,0.037,0.64,9.571,5.25
1425628015739,37.54438,139.944359,5,0.02,0.545,9.797,5.25
1425628015839,37.544385,139.94436,5,-0.0,0.415,9.572,5.25
1425628015940,37.544389,139.944362,5,-0.039,0.362,9.41,5.25
1425628016036,37.544393,139.944363,5,-0.061,0.31,9.609,5.25
1425628016136,37.544397,139.944364,5,-0.08,0.304,9.644,5.256
1425628016237,37.544402,139.944365,5,-0.101,0.301,9.458,5.281
1425628016338,37.544407,139.944366,5,-0.05,0.334,9.485,5.306
1425628016438,37.544412,139.944367,5,-0.032,0.369,9.471,5.331
1425628016539,37.544416,139.944367,5,0.01,0.337,9.461,5.356
1425628016640,37.544421,139.944368,5,-0.005,0.242,9.634,5.381
1425628016736,37.544426,139.944369,5,-0.049,0.129,9.737,5.405
1425628016836,37.544431,139.94437,5,-0.062,0.18,9.657,5.43
1425628016937,37.544436,139.944371,5,-0.095,0.221,9.511,5.456
1425628017038,37.54444,139.944371,5,-0.105,0.24,9.441,5.482
1425628017138,37.544446,139.944372,4,-0.049,0.234,9.498,5.507
1425628017239,37.544451,139.944372,4,0.02,0.241,9.644,5.532
1425628021333,37.544671,139.944413,5,0.113,0.288,9.652,6.443
1425628021338,37.544671,139.944414,5,0.112,0.287,9.641,6.442
1425628021439,37.544677,139.944415,5,0.015,0.03,9.607,6.417
1425628021539,37.544683,139.944416,5,-0.029,-0.08,9.715,6.392
1425628021640,37.54469,139.944417,5,-0.026,-0.111,9.627,6.366
1425628021736,37.544695,139.944418,5,-0.02,-0.176,9.607,6.342
1425628021836,37.544702,139.944419,5,0.021,-0.205,9.621,6.318
1425628021937,37.544708,139.94442,5,0.041,-0.224,9.549,6.293
1425628022038,37.544714,139.944421,5,0.077,-0.231,9.528,6.268
1425628022139,37.544719,139.944422,5,0.078,-0.242,9.475,6.243
1425628022239,37.544725,139.944423,5,0.07,-0.218,9.424,6.217
1425628022340,37.54473,139.944424,5,0.034,-0.202,9.576,6.192
1425628022436,37.544735,139.944425,5,0.082,-0.151,9.778,6.167
1425628022536,37.54474,139.944426,5,0.064,-0.133,9.554,6.142
1425628022637,37.544745,139.944427,5,0.066,-0.061,9.361,6.117
1425628022738,37.54475,139.944428,5,0.083,-0.088,9.484,6.092
1425628022839,37.544755,139.944429,5,0.147,-0.101,9.658,6.067
1425628022939,37.54476,139.944429,5,0.156,-0.114,9.662,6.042
1425628023040,37.544765,139.94443,5,0.159,-0.093,9.521,6.017
1425628023136,37.54477,139.944431,5,0.149,-0.085,9.431,6.0
1425628023236,37.544776,139.944432,5,0.108,-0.116,9.48,6.0
1425628023337,37.544782,139.944433,5,0.084,-0.172,9.531,6.0
1425628023438,37.544789,139.944434,5,-0.015,-0.257,9.667,6.0
1425628023538,37.544795,139.944435,5,-0.064,-0.337,9.584,6.0
1425628023639,37.544801,139.944436,5,-0.102,-0.385,9.416,6.0
1425628023740,37.544808,139.944437,5,-0.125,-0.534,9.436,6.0
1425628023841,37.544814,139.944438,5,-0.139,-0.672,9.505,6.0
1425628023936,37.54482,139.944438,5,-0.143,-0.778,9.576,6.0
1425628024037,37.544826,139.944439,5,-0.234,-0.962,9.63,6.0
1425628024138,37.544832,139.94444,5,-0.281,-1.022,9.609,5.978
1425628024238,37.544837,139.944441,5,-0.367,-1.091,9.594,5.898
1425628024339,37.544841,139.944441,5,-0.478,-1.065,9.458,5.819
1425628024440,37.544846,139.944441,5,-0.496,-1.072,9.799,5.741
1425628024536,37.54485,139.944442,5,-0.537,-1.107,9.895,5.668
1425628024636,37.544854,139.944442,5,-0.503,-1.047,9.594,5.593
1425628024737,37.544859,139.944443,5,-0.468,-0.97,9.483,5.518
1425628024838,37.544863,139.944443,5,-0.575,-0.931,9.453,5.444
1425628024938,37.544867,139.944443,5,-0.677,-0.923,9.261,5.372
1425628025039,37.544871,139.944444,5,-0.789,-0.891,9.464,5.3
1425628025140,37.544875,139.944444,5,-0.902,-0.913,9.707,5.217
1425628025240,37.54488,139.944443,5,-0.984,-0.886,9.595,5.108
1425628025336,37.544884,139.944443,5,-0.96,-0.82,9.289,5.006
1425628025437,37.544889,139.944442,5,-0.998,-0.866,9.333,4.9
1425628025537,37.544893,139.944442,5,-1.088,-0.968,9.655,4.797
1425628025638,37.544897,139.944441,5,-1.189,-0.988,9.796,4.696
1425628025739,37.544901,139.944441,5,-1.289,-0.996,9.478,4.596
1425628025840,37.544906,139.94444,5,-1.375,-1.033,9.431,4.499
1425628025940,37.544909,139.94444,5,-1.493,-1.083,9.497,4.405
1425628026036,37.544913,139.944439,5,-1.544,-1.03,9.128,4.317
1425628026137,37.544917,139.944438,5,-1.596,-1.051,9.146,4.228
1425628026237,37.54492,139.944436,5,-1.679,-1.164,9.589,4.147
1425628026338,37.544924,139.944434,5,-1.796,-1.252,9.908,4.066
1425628026439,37.544927,139.944432,5,-2.003,-1.086,9.844,3.987
1425628026539,37.54493,139.944429,5,-2.182,-0.905,9.526,3.91
1425628026640,37.544934,139.944427,5,-2.331,-0.843,9.253,3.834
1425628026736,37.544937,139.944425,5,-2.552,-0.889,9.048,3.764
1425628026837,37.54494,139.944423,5,-2.716,-1.011,9.111,3.69
1425628026937,37.544943,139.944421,5,-2.698,-1.17,9.538,3.619
1425628027038,37.544946,139.944419,5,-2.56,-1.25,9.599,3.549
1425628027139,37.544949,139.944417,5,-2.413,-1.345,9.584,3.507
1425628027239,37.54495,139.944413,5,-2.248,-1.39,9.438,3.531
1425628027340,37.544952,139.94441,5,-2.097,-1.427,9.272,3.556
1425628027436,37.544954,139.944407,5,-2.032,-1.465,9.069,3.58
1425628027537,37.544956,139.944403,5,-1.992,-1.446,9.368,3.605
1425628027637,37.544958,139.944399,5,-1.941,-1.322,9.818,3.63
1425628027738,37.54496,139.944396,5,-1.782,-1.027,9.886,3.655
1425628027839,37.544962,139.944392,5,-1.551,-0.887,9.641,3.681
1425628027939,37.544964,139.944388,5,-1.358,-0.884,9.292,3.706
1425628028040,37.544966,139.944385,5,-1.212,-0.828,9.174,3.732
1425628028136,37.544967,139.944381,6,-1.17,-0.809,9.524,3.743
1425628028236,37.544966,139.944376,6,-1.279,-0.892,10.094,3.718
1425628028337,37.544966,139.944372,6,-1.563,-1.05,10.088,3.692
1425628028438,37.544965,139.944367,6,-1.82,-1.075,9.661,3.666
1425628028539,37.544964,139.944363,6,-1.894,-0.893,9.008,3.641
1425628028639,37.544964,139.944358,6,-1.769,-0.746,8.866,3.616
1425628028740,37.544963,139.944354,6,-1.538,-0.783,9.486,3.59
1425628028836,37.544963,139.94435,6,-1.296,-0.797,9.797,3.567
1425628028936,37.544962,139.944345,6,-0.961,-0.709,9.632,3.542
1425628029037,37.544961,139.944341,6,-0.57,-0.462,9.453,3.518
1425628029138,37.54496,139.944337,10,-0.221,-0.217,9.26,3.507
1425628029239,37.544957,139.944332,10,0.123,-0.064,9.134,3.531
1425628029339,37.544954,139.944327,10,0.532,0.011,9.258,3.556
1425628029440,37.544951,139.944322,10,0.905,0.109,9.672,3.581
1425628029536,37.544948,139.944317,10,1.132,0.371,9.879,3.604
1425628029636,37.544945,139.944312,10,1.194,0.771,9.855,3.629
1425628029737,37.544942,139.944306,10,0.986,0.98,9.639,3.655
1425628029838,37.544939,139.944301,10,0.712,1.006,9.361,3.68
1425628029938,37.544936,139.944296,10,0.596,0.975,9.292,3.706
1425628030039,37.544933,139.944291,10,0.674,1.001,9.628,3.732
1425628030140,37.544931,139.944285,10,0.831,1.095,9.746,3.771
1425628030236,37.544931,139.94428,10,0.818,1.215,9.563,3.837
1425628046334,37.545069,139.94211,6,0.825,1.314,9.405,16.0
1425628046339,37.545069,139.942109,6,0.812,1.304,9.414,16.0
1425628046439,37.545069,139.94209,6,0.549,0.542,9.537,16.0
1425628046540,37.54507,139.942072,6,0.388,0.148,9.492,16.0
1425628046641,37.54507,139.942053,6,0.289,-0.089,9.613,16.0
1425628046736,37.545071,139.942036,6,0.217,-0.208,9.731,16.0
1425628046836,37.545071,139.942017,6,0.186,-0.288,9.721,16.0
1425628046938,37.545071,139.941999,6,0.168,-0.313,9.669,16.0
1425628047037,37.545072,139.94198,6,0.132,-0.32,9.741,16.0
1425628047139,37.545072,139.941962,8,0.083,-0.307,9.725,16.0
1425628047238,37.545071,139.941944,8,0.009,-0.321,9.657,16.0
1425628047336,37.54507,139.941927,8,-0.018,-0.266,9.34,16.0
1425628047436,37.54507,139.941909,8,-0.014,-0.2,8.895,16.0
1425628047537,37.545069,139.941891,8,0.053,-0.213,8.903,16.0
1425628047638,37.545068,139.941873,8,0.123,-0.311,9.402,16.0
1425628047739,37.545068,139.941855,8,0.184,-0.391,9.853,16.0
1425628047839,37.545067,139.941837,8,0.25,-0.408,9.89,16.0
1425628047940,37.545066,139.941819,8,0.293,-0.361,9.597,16.0
1425628048036,37.545066,139.941802,8,0.283,-0.363,9.603,16.0
1425628048136,37.545066,139.941784,8,0.193,-0.383,9.831,16.0
1425628048237,37.545068,139.941766,8,0.115,-0.36,9.827,16.0
1425628048338,37.54507,139.941747,8,0.035,-0.374,9.81,16.0
1425628048439,37.545072,139.941728,8,-0.002,-0.306,9.595,16.0
1425628048539,37.545074,139.94171,8,-0.046,-0.281,9.421,16.0
1425628048640,37.545076,139.941691,8,-0.024,-0.227,9.335,16.0
1425628048736,37.545078,139.941674,8,0.027,-0.26,9.475,16.0
1425628048836,37.54508,139.941655,8,0.063,-0.32,9.669,16.0
1425628048937,37.545082,139.941637,8,0.119,-0.348,9.773,16.0
1425628049038,37.545084,139.941618,8,0.159,-0.335,9.684,16.0
1425628049138,37.545086,139.941599,10,0.17,-0.313,9.473,16.0
1425628049239,37.545088,139.941579,10,0.2,-0.284,9.454,16.0
1425628049340,37.545089,139.941559,10,0.196,-0.286,9.359,16.0
1425628049441,37.545091,139.941539,10,0.186,-0.264,9.304,16.0
1425628049536,37.545092,139.94152,10,0.169,-0.302,9.445,16.0
1425628049637,37.545093,139.9415,10,0.116,-0.331,9.558,16.0
1425628049738,37.545095,139.94148,10,0.081,-0.374,9.801,16.0
1425628049838,37.545096,139.94146,10,0.076,-0.393,9.928,16.0
1425628049939,37.545098,139.94144,10,0.079,-0.361,9.867,16.0
1425628050040,37.545099,139.94142,10,0.114,-0.348,9.741,16.0
1425628050140,37.5451,139.941401,10,0.164,-0.247,9.425,15.992
1425628050236,37.5451,139.941383,10,0.226,-0.234,9.218,15.968
1425628050337,37.545101,139.941365,10,0.224,-0.255,9.302,15.943
1425628050438,37.545101,139.941346,10,0.246,-0.334,9.661,15.918
1425628050538,37.545101,139.941328,10,0.211,-0.431,9.968,15.893
1425628050639,37.545102,139.94131,10,0.156,-0.545,9.884,15.867
1425628050740,37.545102,139.941292,10,0.125,-0.638,9.546,15.842
1425628050840,37.545102,139.941274,10,0.119,-0.743,9.279,15.817
1425628050936,37.545102,139.941256,10,0.135,-0.876,9.422,15.793
1425628051037,37.545103,139.941238,10,0.165,-1.042,9.73,15.768
1425628051137,37.545104,139.94122,8,0.198,-1.223,9.807,15.729
1425628051238,37.545107,139.941203,8,0.209,-1.401,9.465,15.652
1425628051339,37.54511,139.941186,8,0.196,-1.481,9.341,15.575
1425628051440,37.545112,139.941168,8,0.186,-1.575,9.484,15.498
1425628051540,37.545115,139.941151,8,0.087,-1.66,9.791,15.423
1425628051636,37.545118,139.941135,8,0.017,-1.701,9.999,15.351
1425628051737,37.545121,139.941118,8,-0.038,-1.638,9.778,15.275
1425628051837,37.545123,139.941101,8,-0.056,-1.588,9.365,15.201
1425628051938,37.545126,139.941084,8,-0.027,-1.496,9.095,15.126
1425628052039,37.545129,139.941068,8,0.029,-1.467,9.038,15.052
1425628052139,37.545131,139.941051,8,0.074,-1.559,9.4,14.954
1425628052240,37.54513,139.941036,8,0.125,-1.605,9.81,14.796
1425628052336,37.545129,139.941021,8,0.141,-1.621,9.987,14.647
1425628052437,37.545129,139.941006,8,0.124,-1.572,9.789,14.492
1425628052537,37.545128,139.94099,8,0.064,-1.488,9.376,14.34
1425628052638,37.545127,139.940975,8,0.075,-1.412,9.098,14.188
1425628052739,37.545127,139.94096,8,0.081,-1.461,9.269,14.038
1425628052839,37.545126,139.940946,8,0.062,-1.502,9.579,13.891
1425628052940,37.545125,139.940931,8,0.043,-1.539,9.902,13.744
1425628053036,37.545124,139.940917,8,0.042,-1.519,9.923,13.606
1425628053137,37.545125,139.940903,8,-0.011,-1.498,9.855,13.457
1425628053237,37.545127,139.940889,8,-0.016,-1.538,9.709,13.3
1425628053338,37.54513,139.940875,8,-0.007,-1.612,9.686,13.142
1425628053439,37.545132,139.940861,8,0.012,-1.714,9.84,12.987
1425628053539,37.545135,139.940848,8,0.073,-1.742,9.66,12.835
1425628053640,37.545137,139.940834,8,0.129,-1.732,9.279,12.683
1425628053736,37.545139,139.940821,8,0.155,-1.758,9.27,12.54
1425628053836,37.545142,139.940808,8,0.179,-1.75,9.214,12.393
1425628053937,37.545144,139.940795,8,0.128,-1.801,9.211,12.247
1425628054038,37.545146,139.940782,8,0.081,-1.778,9.208,12.102
1425628054138,37.545148,139.940769,6,0.031,-1.806,9.36,11.955
1425628054239,37.545148,139.940757,6,-0.006,-1.786,9.463,11.795
1425628054340,37.545148,139.940744,6,-0.037,-1.744,9.562,11.637
1425628054436,37.545148,139.940732,6,-0.067,-1.551,9.701,11.489
1425628054536,37.545148,139.94072,6,-0.104,-1.283,9.721,11.337
1425628054637,37.545147,139.940708,6,-0.126,-1.076,9.508,11.185
1425628054738,37.545147,139.940696,6,-0.11,-0.948,9.421,11.035
1425628054838,37.545147,139.940685,6,-0.17,-0.983,9.59,10.888
1425628054939,37.545147,139.940673,6,-0.234,-1.04,9.588,10.742
1425628055040,37.545147,139.940662,6,-0.319,-1.043,9.508,10.598
1425628055136,37.545147,139.940651,6,-0.33,-1.09,9.557,10.487
1425628055236,37.545148,139.94064,6,-0.255,-1.102,9.542,10.436
1425628055337,37.545149,139.940628,6,-0.182,-1.128,9.442,10.384
1425628055438,37.545149,139.940617,6,-0.17,-1.2,9.68,10.333
1425628055538,37.54515,139.940606,6,-0.125,-1.2,9.793,10.283
1425628055639,37.545151,139.940595,6,-0.076,-1.183,9.565,10.232
1425628055740,37.545151,139.940583,6,-0.026,-1.189,9.401,10.182
1425628055840,37.545152,139.940572,6,-0.027,-1.214,9.641,10.133
1425628055936,37.545153,139.940562,6,-0.037,-1.109,9.731,10.085
1425628056037,37.545153,139.940551,6,-0.049,-0.877,9.58,10.036
1425628056138,37.545154,139.94054,7,-0.062,-0.686,9.444,9.963
1425628056238,37.545154,139.940531,7,-0.027,-0.572,9.407,9.831
1425628056339,37.545154,139.940522,7,0.07,-0.55,9.456,9.699
1425628056440,37.545154,139.940513,7,0.176,-0.525,9.564,9.569
1425628056540,37.545154,139.940505,7,0.235,-0.54,9.791,9.442
1425628056636,37.545154,139.940496,7,0.237,-0.538,9.729,9.322
1425628056737,37.545154,139.940488,7,0.206,-0.487,9.462,9.197
1425628056837,37.545154,139.940479,7,0.154,-0.481,9.365,9.075
1425628056938,37.545154,139.940471,7,0.185,-0.401,9.597,8.953
1425628057039,37.545154,139.940463,7,0.269,-0.209,9.771,8.833
1425628057140,37.545154,139.940454,7,0.323,0.063,9.744,8.75
1425628057240,37.545154,139.940444,7,0.342,0.223,9.596,8.75
1425628057336,37.545154,139.940434,7,0.331,0.507,9.492,8.75
1425628057437,37.545154,139.940424,7,0.248,0.562,9.319,8.75
1425628057537,37.545154,139.940414,7,0.19,0.587,9.465,8.75
1425628057638,37.545153,139.940404,7,0.134,0.595,9.598,8.75
1425628057739,37.545153,139.940394,7,0.097,0.592,9.479,8.75
1425628057840,37.545153,139.940384,7,0.147,0.635,9.385,8.75
1425628057940,37.545153,139.940374,7,0.198,0.644,9.332,8.75
1425628058036,37.545153,139.940364,7,0.271,0.715,9.379,8.75
1425628058137,37.545153,139.940354,6,0.345,0.613,9.445,8.769
1425628058237,37.545153,139.940344,6,0.373,0.499,9.641,8.842
1425628070332,37.545175,139.938627,6,0.276,0.46,9.827,14.75
1425628070337,37.545175,139.938626,6,0.269,0.454,9.83,14.75
1425628070438,37.545175,139.93861,6,0.107,0.243,9.82,14.75
1425628070539,37.545176,139.938593,6,0.052,0.11,9.727,14.75
1425628070640,37.545177,139.938577,6,0.051,0.035,9.671,14.75
1425628070740,37.545177,139.93856,6,0.024,-0.031,9.715,14.75
1425628070836,37.545178,139.938545,6,0.023,-0.015,9.484,14.75
1425628070937,37.545179,139.938528,6,0.018,-0.04,9.568,14.75
1425628071037,37.545179,139.938512,6,0.085,-0.046,9.627,14.75
1425628071138,37.54518,139.938495,5,0.166,-0.073,9.627,14.75
1425628071239,37.54518,139.938478,5,0.202,-0.079,9.628,14.75
1425628071339,37.54518,139.938462,5,0.262,-0.059,9.56,14.75
1425628071440,37.54518,139.938445,5,0.3,-0.054,9.355,14.75
1425628071536,37.54518,139.938428,5,0.274,-0.049,9.306,14.75
1425628071637,37.545179,139.938411,5,0.222,-0.076,9.446,14.75
1425628071737,37.545179,139.938395,5,0.175,-0.123,9.609,14.75
1425628071838,37.545179,139.938378,5,0.067,-0.154,9.716,14.75
1425628071939,37.545179,139.938361,5,0.002,-0.129,9.67,14.75
1425628072039,37.545179,139.938344,5,-0.046,-0.112,9.597,14.75
1425628072140,37.545179,139.938327,5,0.004,-0.118,9.547,14.75
1425628072236,37.54518,139.938312,5,0.052,-0.081,9.361,14.75
1425628072337,37.54518,139.938296,5,0.067,-0.084,9.382,14.75
1425628072437,37.54518,139.93828,5,0.086,-0.109,9.405,14.75
1425628072538,37.545181,139.938264,5,0.09,-0.168,9.676,14.75
1425628072639,37.545181,139.938248,5,0.064,-0.246,10.005,14.75
1425628072739,37.545182,139.938232,5,0.045,-0.249,10.023,14.75
1425628072840,37.545182,139.938216,5,0.066,-0.14,9.609,14.75
1425628072936,37.545182,139.938201,5,0.057,-0.068,9.255,14.75
1425628073036,37.545183,139.938185,5,0.087,-0.058,9.181,14.75
1425628073137,37.545183,139.938168,6,0.094,-0.102,9.229,14.743
1425628073238,37.545183,139.938151,6,0.062,-0.17,9.54,14.718
1425628073338,37.545183,139.938134,6,-0.016,-0.197,9.783,14.693
1425628073439,37.545184,139.938117,6,-0.126,-0.218,9.806,14.667
1425628073540,37.545184,139.9381,6,-0.194,-0.183,9.664,14.642
1425628073636,37.545184,139.938084,6,-0.228,-0.138,9.475,14.618
1425628073736,37.545184,139.938067,6,-0.199,-0.105,9.199,14.593
1425628073837,37.545184,139.938051,6,-0.169,-0.107,9.243,14.568
1425628073938,37.545185,139.938034,6,-0.107,-0.173,9.452,14.543
1425628074039,37.545185,139.938017,6,-0.078,-0.271,9.668,14.518
1425628074139,37.545185,139.938,6,-0.103,-0.293,9.734,14.493
1425628074240,37.545185,139.937984,6,-0.179,-0.293,9.785,14.467
1425628074336,37.545185,139.937968,6,-0.204,-0.313,9.797,14.443
1425628074436,37.545185,139.937952,6,-0.245,-0.289,9.603,14.418
1425628074537,37.545185,139.937936,6,-0.188,-0.142,8.954,14.393
1425628074638,37.545186,139.93792,6,-0.292,-0.096,8.594,14.367
1425628074738,37.545186,139.937904,6,-0.205,-0.187,9.102,14.342
1425628074839,37.545186,139.937887,6,-0.179,-0.397,10.127,14.317
1425628074940,37.545186,139.937871,6,-0.123,-0.507,10.746,14.292
1425628075041,37.545186,139.937855,6,-0.08,-0.458,10.481,14.267
1425628075136,37.545186,139.93784,5,0.052,-0.294,9.598,14.25
1425628075242,37.545186,139.937823,5,0.127,-0.143,8.852,14.25
1425628075338,37.545186,139.937808,5,0.123,-0.136,8.987,14.25
1425628075437,37.545185,139.937793,5,0.18,-0.301,9.325,14.25
1425628075539,37.545185,139.937777,5,0.129,-0.344,9.758,14.25
1425628075638,37.545185,139.937762,5,0.075,-0.398,10.223,14.25
1425628075740,37.545185,139.937746,5,0.038,-0.382,10.03,14.25
1425628075836,37.545185,139.937731,5,0.045,-0.265,9.441,14.25
1425628075937,37.545184,139.937715,5,0.033,-0.208,9.156,14.25
1425628076037,37.545184,139.937699,5,0.007,-0.224,9.392,14.25
1425628076138,37.545185,139.937683,7,0.121,-0.271,9.389,14.243
1425628076239,37.545186,139.937666,7,0.139,-0.247,9.446,14.218
1425628076340,37.545188,139.937649,7,0.088,-0.3,9.586,14.192
1425628076440,37.54519,139.937633,7,0.067,-0.28,9.405,14.167
1425628076536,37.545192,139.937616,7,0.097,-0.347,9.663,14.143
1425628076637,37.545194,139.9376,7,0.167,-0.33,9.88,14.118
1425628076737,37.545195,139.937583,7,0.278,-0.321,9.9,14.093
1425628076838,37.545197,139.937566,7,0.361,-0.292,9.693,14.068
1425628076939,37.545199,139.937549,7,0.379,-0.22,9.224,14.042
1425628077040,37.545201,139.937533,7,0.306,-0.236,9.264,14.017
1425628077140,37.545202,139.937516,7,0.234,-0.314,9.6,13.985
1425628077236,37.545203,139.937502,7,0.23,-0.37,9.899,13.936
1425628077337,37.545203,139.937486,7,0.123,-0.368,9.847,13.885
1425628077437,37.545203,139.937471,7,0.043,-0.274,9.453,13.834
1425628077538,37.545204,139.937456,7,-0.003,-0.221,9.123,13.784
1425628077639,37.545204,139.93744,7,-0.08,-0.24,9.155,13.733
1425628077739,37.545205,139.937425,7,-0.099,-0.335,9.596,13.683
1425628077840,37.545205,139.93741,7,-0.061,-0.417,10.047,13.633
1425628077936,37.545205,139.937396,7,-0.058,-0.335,9.72,13.586
1425628078037,37.545206,139.937381,7,0.017,-0.288,9.026,13.536
1425628078137,37.545206,139.937366,4,0.063,-0.478,9.013,13.493
1425628078238,37.545206,139.93735,4,0.243,-0.611,9.412,13.468
1425628078339,37.545206,139.937335,4,0.338,-0.758,10.031,13.442
1425628078439,37.545206,139.937319,4,0.384,-0.812,10.26,13.417
1425628078540,37.545206,139.937304,4,0.307,-0.783,9.795,13.392
1425628078636,37.545206,139.937289,4,0.228,-0.717,9.171,13.368
1425628078736,37.545206,139.937274,4,0.147,-0.741,9.119,13.343
1425628078837,37.545206,139.937258,4,0.104,-0.749,9.415,13.318
1425628078938,37.545206,139.937243,4,0.07,-0.729,9.606,13.293
1425628079039,37.545206,139.937228,4,0.07,-0.631,9.492,13.268
1425628079139,37.545206,139.937213,5,0.081,-0.59,9.436,13.228
1425628079240,37.545207,139.937199,5,0.087,-0.639,9.347,13.15
1425628079336,37.545207,139.937185,5,0.088,-0.735,9.615,13.077
1425628079436,37.545208,139.937171,5,0.28,-0.754,9.841,13.001
1425628079537,37.545209,139.937157,5,0.336,-0.745,9.715,12.924
1425628079638,37.545209,139.937143,5,0.375,-0.702,9.468,12.849
1425628079739,37.54521,139.937129,5,0.399,-0.722,9.764,12.773
1425628079839,37.54521,139.937116,5,0.334,-0.694,9.714,12.699
1425628079940,37.545211,139.937102,5,0.317,-0.618,9.2,12.624
1425628080036,37.545212,139.937089,5,0.344,-0.586,9.116,12.554
1425628080136,37.545212,139.937076,5,0.362,-0.566,9.02,12.487
1425628080237,37.545213,139.937062,5,0.251,-0.56,9.227,12.435
1425628080338,37.545213,139.937049,5,0.12,-0.733,9.956,12.384
1425628080438,37.545214,139.937035,5,-0.064,-0.835,10.493,12.334
1425628080539,37.545215,139.937022,5,-0.275,-0.685,9.791,12.283
1425628080640,37.545215,139.937009,5,-0.139,-0.56,9.243,12.232
1425628080741,37.545216,139.936996,5,-0.078,-0.468,8.89,12.182
1425628080836,37.545216,139.936983,5,-0.014,-0.404,8.357,12.135
1425628080937,37.545217,139.93697,5,0.048,-0.421,8.342,12.085
1425628081038,37.545218,139.936957,5,0.037,-0.758,10.364,12.035
1425628081138,37.545218,139.936944,5,-0.016,-1.081,11.733,11.978
1425628081239,37.545218,139.936931,5,0.205,-1.121,11.696,11.901
1425628081340,37.545218,139.936919,5,0.186,-1.064,10.38,11.823
1425628081441,37.545217,139.936906,5,0.337,-0.795,8.672,11.746
1425628081536,37.545217,139.936894,5,0.11,-0.717,8.36,11.675
1425628081637,37.545217,139.936881,5,0.078,-0.766,8.204,11.599
1425628081738,37.545217,139.936869,5,0.116,-0.976,8.642,11.523
1425628081838,37.545217,139.936856,5,0.234,-1.126,9.394,11.449
1425628081939,37.545216,139.936844,5,0.063,-1.319,10.173,11.375
1425628082040,37.545216,139.936831,5,0.062,-1.369,10.576,11.301
1425628082140,37.545216,139.936819,5,0.032,-1.144,9.728,11.219
1425628082236,37.545216,139.936808,5,-0.011,-0.96,9.239,11.119
1425628082337,37.545217,139.936796,5,-0.035,-0.768,9.07,11.015
1425628082437,37.545217,139.936785,5,-0.162,-0.697,9.256,10.913
1425628082538,37.545217,139.936773,5,-0.096,-0.695,9.497,10.811
1425628082639,37.545218,139.936762,5,0.11,-0.692,9.747,10.709
1425628082740,37.545218,139.936751,5,0.211,-0.654,9.855,10.609
1425628082840,37.545218,139.936739,5,0.189,-0.64,9.771,10.511
1425628082936,37.545218,139.936729,5,0.126,-0.526,9.307,10.417
1425628083037,37.545219,139.936718,5,0.054,-0.537,9.259,10.32
1425628083137,37.545219,139.936707,4,0.031,-0.543,9.425,10.236
1425628083238,37.54522,139.936695,4,0.017,-0.588,9.582,10.185
1425628083339,37.545221,139.936684,4,0.04,-0.658,9.67,10.133
1425628083440,37.545221,139.936673,4,0.021,-0.715,9.516,10.082
1425628083540,37.545222,139.936662,4,0.069,-0.869,9.383,10.032
1425628083636,37.545223,139.936651,4,0.039,-1.01,9.505,9.984
1425628083737,37.545223,139.93664,4,-0.002,-1.124,9.519,9.934
1425628083837,37.545224,139.936629,4,-0.045,-1.164,9.413,9.884
1425628083938,37.545225,139.936618,4,-0.046,-1.247,9.212,9.834
1425628084039,37.545226,139.936607,4,-0.041,-1.309,9.518,9.785
1425628084139,37.545226,139.936596,4,-0.001,-1.39,10.027,9.711
1425628084240,37.545226,139.936587,4,-0.015,-1.418,10.107,9.578
1425628084336,37.545226,139.936578,4,-0.081,-1.376,10.007,9.453
1425628084436,37.545226,139.936568,4,-0.02,-1.182,9.43,9.324
1425628084537,37.545226,139.936559,4,0.024,-0.997,9.197,9.195
1425628084638,37.545225,139.93655,4,0.062,-0.885,9.095,9.069
1425628084739,37.545225,139.936541,4,0.132,-0.866,9.234,8.944
1425628084839,37.545225,139.936532,4,0.097,-0.941,9.591,8.822
1425628084940,37.545225,139.936523,4,0.071,-0.949,9.84,8.7
1425628085036,37.545225,139.936515,4,-0.039,-0.971,9.958,8.587
1425628085137,37.545225,139.936507,5,-0.017,-0.884,9.622,8.479
1425628085237,37.545224,139.936499,5,0.085,-0.783,9.377,8.401
1425628085338,37.545224,139.936491,5,0.141,-0.824,9.46,8.323
1425628085439,37.545223,139.936483,5,0.194,-0.863,9.573,8.246
1425628085539,37.545222,139.936475,5,0.11,-0.92,9.605,8.17
1425628085640,37.545222,139.936467,5,0.03,-0.921,9.426,8.094
1425628085736,37.545221,139.93646,5,-0.05,-0.934,9.337,8.022
1425628085836,37.545221,139.936452,5,-0.091,-0.962,9.461,7.949
1425628085937,37.54522,139.936445,5,-0.066,-0.951,9.356,7.875
1425628086038,37.545219,139.936437,5,-0.085,-0.986,9.355,7.802
1425628086139,37.545219,139.93643,5,-0.145,-1.004,9.461,7.719
1425628086239,37.545218,139.936422,5,-0.194,-1.112,9.939,7.613
1425628086340,37.545218,139.936414,5,-0.219,-1.1,9.982,7.508
1425628086436,37.545218,139.936406,5,-0.253,-1.027,9.528,7.409
1425628086536,37.545217,139.936399,5,-0.257,-0.961,9.19,7.307
1425628086637,37.545217,139.936391,5,-0.222,-0.936,9.235,7.206
1425628086738,37.545216,139.936384,5,-0.165,-0.965,9.524,7.106
1425628086838,37.545216,139.936376,5,-0.133,-1.026,9.721,7.008
1425628086939,37.545216,139.936369,5,-0.211,-1.011,9.536,6.911
1425628087040,37.545215,139.936362,5,-0.296,-1.051,9.654,6.816
1425628087141,37.545215,139.936355,4,-0.24,-1.019,9.628,6.707
1425628087236,37.545216,139.936348,4,-0.188,-0.953,9.413,6.578
1425628087337,37.545217,139.936342,4,-0.172,-0.882,9.167,6.444
1425628087438,37.545217,139.936335,4,-0.113,-0.914,9.33,6.312
1425628087538,37.545218,139.936329,4,-0.059,-0.944,9.554,6.184
1425628087639,37.545219,139.936323,4,-0.019,-0.965,9.669,6.057
1425628087740,37.54522,139.936316,4,-0.033,-0.925,9.506,5.933
1425628087840,37.54522,139.93631,4,-0.113,-0.898,9.279,5.812
1425628087936,37.545221,139.936305,4,-0.024,-0.93,9.447,5.699
1425628088037,37.545222,139.936299,4,0.197,-1.072,9.988,5.583
1425628088138,37.545222,139.936294,4,0.257,-1.11,10.341,5.478
1425628088238,37.545222,139.936288,4,0.324,-1.127,10.163,5.398
1425628088339,37.545222,139.936283,4,0.302,-1.052,9.662,5.319
1425628088440,37.545222,139.936278,4,0.228,-0.877,8.944,5.24
1425628088540,37.545222,139.936273,4,0.086,-0.78,9.056,5.164
1425628088636,37.545221,139.936268,4,-0.014,-0.884,9.462,5.092
1425628088737,37.545221,139.936263,4,-0.123,-0.905,9.696,5.017
1425628088837,37.545221,139.936258,4,-0.197,-0.864,9.486,4.944
1425628088938,37.545221,139.936253,4,-0.11,-0.777,8.988,4.871
1425628089039,37.545221,139.936248,4,-0.07,-0.754,8.94,4.8
1425628089140,37.545221,139.936244,4,0.003,-0.872,9.516,4.717
1425628089240,37.545221,139.936239,4,0.12,-0.909,9.811,4.607
1425628089341,37.545221,139.936234,4,0.111,-0.974,9.915,4.498
1425628089437,37.545222,139.936229,4,0.117,-0.942,9.773,4.397
1425628089536,37.545222,139.936225,4,0.144,-0.841,9.309,4.295
1425628089638,37.545222,139.93622,4,0.022,-0.848,9.207,4.193
1425628089737,37.545222,139.936216,4,-0.109,-0.943,9.568,4.095
1425628089840,37.545223,139.936212,4,-0.045,-0.979,9.718,3.997
1425628089939,37.545223,139.936208,4,0.045,-0.926,9.494,3.904
1425628090036,37.545223,139.936204,4,0.051,-0.914,9.619,3.816
1425628090137,37.545223,139.9362,5,-0.004,-0.9,9.487,3.728
1425628090237,37.545222,139.936196,5,-0.056,-0.983,9.59,3.646
1425628090338,37.545222,139.936193,5,-0.111,-0.993,9.662,3.564
1425628090439,37.545221,139.936189,5,-0.197,-0.976,9.622,3.485
1425628090540,37.545221,139.936186,5,-0.213,-0.931,9.507,3.407
1425628090640,37.54522,139.936183,5,-0.207,-0.878,9.362,3.332
1425628090736,37.54522,139.936179,5,-0.144,-0.828,9.397,3.261
1425628090837,37.545219,139.936176,5,-0.004,-0.782,9.52,3.188
1425628090937,37.545219,139.936173,5,0.064,-0.736,9.453,3.118
1425628091038,37.545218,139.93617,5,0.056,-0.724,9.388,3.048
1425628091139,37.545218,139.936167,5,-0.035,-0.746,9.54,2.975
1425628091239,37.545218,139.936164,5,-0.101,-0.794,9.761,2.891
1425628091340,37.545218,139.936161,5,-0.051,-0.74,9.714,2.809
1425628091436,37.545218,139.936158,5,0.063,-0.677,9.377,2.732
1425628091536,37.545218,139.936156,5,0.165,-0.619,9.295,2.654
1425628091637,37.545218,139.936153,5,0.078,-0.64,9.522,2.578
1425628091738,37.545218,139.93615,5,-0.07,-0.656,9.574,2.504
1425628091839,37.545218,139.936148,5,-0.178,-0.693,9.514,2.432
1425628091939,37.545218,139.936145,5,-0.206,-0.725,9.613,2.363
1425628092040,37.545218,139.936143,5,-0.156,-0.711,9.567,2.296
1425628092136,37.545218,139.93614,6,-0.055,-0.693,9.361,2.227
1425628092236,37.545218,139.936138,6,0.05,-0.702,9.37,2.139
1425628092337,37.545218,139.936135,6,0.137,-0.725,9.607,2.053
1425628092438,37.545218,139.936133,6,0.169,-0.752,9.749,1.971
1425628092538,37.545218,139.936131,6,0.127,-0.767,9.706,1.892
1425628092639,37.545217,139.936128,6,0.063,-0.728,9.619,1.816
1425628092740,37.545217,139.936126,6,-0.04,-0.704,9.468,1.743
1425628092836,37.545217,139.936124,6,-0.092,-0.685,9.41,1.676
1425628092936,37.545217,139.936122,6,-0.1,-0.713,9.522,1.609
1425628093037,37.545217,139.93612,6,-0.025,-0.721,9.612,1.545
1425628093138,37.545217,139.936119,6,0.06,-0.697,9.497,1.483
1425628093238,37.545217,139.936118,6,0.072,-0.699,9.438,1.425
1425628093339,37.545216,139.936118,6,0.05,-0.747,9.588,1.368
1425628093440,37.545216,139.936117,6,-0.019,-0.756,9.643,1.313
1425628093536,37.545216,139.936117,6,-0.095,-0.733,9.566,1.263
1425628093636,37.545215,139.936117,6,-0.133,-0.736,9.505,1.212
1425628093737,37.545215,139.936116,6,-0.061,-0.757,9.509,1.163
1425628093838,37.545215,139.936116,6,0.1,-0.793,9.602,1.116
1425628093938,37.545214,139.936116,6,0.243,-0.584,9.785,1.072
1425628094039,37.545214,139.936115,6,0.25,-0.372,9.733,1.029
1425628094140,37.545214,139.936115,6,0.163,-0.196,9.473,0.991
1425628094240,37.545214,139.936114,6,0.038,-0.008,9.32,0.963
1425628108335,37.545249,139.935253,7,-0.027,0.137,9.399,8.056
1425628108340,37.545249,139.935253,7,-0.029,0.151,9.404,8.057
1425628108440,37.545251,139.935244,7,-0.123,0.097,9.447,8.082
1425628108536,37.545252,139.935235,7,-0.293,0.006,9.731,8.106
1425628108637,37.545253,139.935226,7,-0.166,-0.132,10.009,8.131
1425628108737,37.545254,139.935218,7,-0.219,-0.19,10.065,8.156
1425628108838,37.545255,139.935208,7,-0.117,-0.155,9.779,8.181
1425628108939,37.545256,139.935199,7,-0.21,-0.15,9.589,8.207
1425628109040,37.545257,139.93519,7,-0.27,-0.135,9.395,8.232
1425628109140,37.545258,139.935181,7,-0.204,-0.086,9.346,8.242
1425628109236,37.54526,139.935172,7,-0.133,-0.044,9.296,8.218
1425628109337,37.545261,139.935162,7,-0.19,-0.164,9.556,8.193
1425628109437,37.545262,139.935152,7,-0.221,-0.189,9.604,8.167
1425628109538,37.545263,139.935143,7,-0.284,-0.19,9.554,8.142
1425628109639,37.545264,139.935133,7,-0.387,-0.177,9.489,8.117
1425628109739,37.545266,139.935123,7,-0.474,-0.233,9.794,8.092
1425628109840,37.545267,139.935114,7,-0.553,-0.221,9.819,8.067
1425628109936,37.545268,139.935104,7,-0.637,-0.22,9.526,8.043
1425628110036,37.545269,139.935095,7,-0.615,-0.173,9.384,8.018
1425628110137,37.54527,139.935086,6,-0.545,-0.117,9.344,8.007
1425628110238,37.545271,139.935076,6,-0.519,-0.062,9.348,8.032
1425628110339,37.545271,139.935067,6,-0.533,-0.135,9.516,8.057
1425628110439,37.545272,139.935057,6,-0.44,-0.162,9.611,8.081
1425628110540,37.545272,139.935048,6,-0.331,-0.191,9.589,8.107
1425628110636,37.545273,139.935039,6,-0.234,-0.2,9.643,8.131
1425628110736,37.545273,139.935029,6,-0.112,-0.13,9.535,8.156
1425628110837,37.545274,139.93502,6,-0.098,-0.071,9.289,8.181
1425628110938,37.545274,139.93501,6,-0.088,-0.064,9.26,8.206
1425628111039,37.545275,139.935001,6,-0.069,-0.1,9.532,8.232
1425628111139,37.545275,139.934991,8,-0.076,-0.134,9.728,8.25
1425628111240,37.545275,139.934981,8,-0.093,-0.15,9.613,8.25
1425628111336,37.545275,139.934972,8,-0.119,-0.109,9.454,8.25
1425628111436,37.545275,139.934962,8,-0.14,-0.083,9.436,8.25
1425628111537,37.545275,139.934952,8,-0.14,-0.079,9.454,8.25
1425628111638,37.545276,139.934942,8,-0.098,-0.105,9.489,8.25
1425628111738,37.545276,139.934932,8,-0.016,-0.096,9.529,8.25
1425628111839,37.545276,139.934922,8,0.006,-0.086,9.635,8.25
1425628111940,37.545276,139.934912,8,0.028,-0.015,9.562,8.25
1425628112036,37.545276,139.934902,8,-0.003,-0.004,9.494,8.25
1425628112136,37.545276,139.934892,9,-0.02,0.016,9.522,8.25
1425628112237,37.545276,139.934882,9,-0.037,-0.05,9.738,8.25
1425628112338,37.545276,139.934872,9,-0.099,-0.049,9.739,8.25
1425628112438,37.545276,139.934863,9,-0.126,-0.031,9.575,8.25
1425628112539,37.545276,139.934853,9,-0.166,-0.045,9.597,8.25
1425628112640,37.545275,139.934843,9,-0.178,-0.064,9.65,8.25
1425628112736,37.545275,139.934833,9,-0.191,-0.064,9.516,8.25
1425628112836,37.545275,139.934823,9,-0.205,-0.059,9.471,8.25
1425628112937,37.545275,139.934813,9,-0.228,-0.068,9.56,8.25
1425628113038,37.545275,139.934803,9,-0.174,-0.035,9.512,8.25
1425628113138,37.545275,139.934793,10,-0.149,-0.029,9.308,8.25
1425628113239,37.545275,139.934783,10,-0.142,-0.058,9.346,8.25
1425628113340,37.545275,139.934773,10,-0.148,-0.12,9.555,8.25
1425628113440,37.545275,139.934763,10,-0.104,-0.146,9.565,8.25
1425628113536,37.545275,139.934753,10,-0.04,-0.125,9.43,8.25
1425628113637,37.545275,139.934743,10,0.047,-0.11,9.43,8.25
1425628113738,37.545275,139.934733,10,0.102,-0.159,9.535,8.25
1425628113838,37.545275,139.934723,10,0.137,-0.23,9.561,8.25
1425628113939,37.545275,139.934713,10,0.108,-0.331,9.555,8.25
1425628114040,37.545275,139.934703,10,0.066,-0.459,9.733,8.25
1425628114140,37.545275,139.934693,10,0.014,-0.459,9.901,8.25
1425628114236,37.545277,139.934684,10,-0.007,-0.257,9.684,8.25
1425628114337,37.545278,139.934674,10,0.005,-0.13,9.399,8.25
1425628114437,37.545279,139.934665,10,0.018,-0.068,9.281,8.25
1425628114538,37.545281,139.934655,10,-0.017,-0.073,9.396,8.25
1425628114639,37.545282,139.934646,10,-0.018,-0.088,9.474,8.25
1425628114740,37.545283,139.934636,10,-0.001,-0.073,9.482,8.25
1425628114840,37.545284,139.934627,10,-0.014,-0.082,9.583,8.25
1425628114936,37.545286,139.934618,10,0.01,-0.053,9.536,8.25
1425628115037,37.545287,139.934608,10,0.07,-0.068,9.435,8.25
1425628115137,37.545288,139.934598,11,0.114,-0.048,9.36,8.257
1425628115238,37.545289,139.934588,11,0.105,-0.11,9.649,8.282
1425628115339,37.545289,139.934577,11,0.117,-0.111,9.707,8.307
1425628115439,37.545289,139.934567,11,0.093,-0.128,9.608,8.331
1425628115540,37.54529,139.934556,11,0.095,-0.079,9.38,8.357
1425628115636,37.54529,139.934546,11,0.078,-0.186,9.394,8.381
1425628115737,37.54529,139.934536,11,-0.011,-0.304,9.547,8.406
1425628115837,37.545291,139.934525,11,-0.061,-0.307,9.721,8.431
1425628115938,37.545291,139.934514,11,-0.055,-0.283,9.623,8.456
1425628116039,37.545292,139.934504,11,-0.073,-0.268,9.432,8.482
1425628116139,37.545292,139.934493,11,-0.11,-0.266,9.54,8.493
1425628116240,37.545293,139.934483,11,-0.102,-0.242,9.503,8.467
1425628116336,37.545293,139.934474,11,-0.107,-0.248,9.38,8.443
1425628116436,37.545293,139.934464,11,-0.094,-0.259,9.417,8.418
1425628116537,37.545294,139.934455,11,-0.146,-0.309,9.688,8.392
1425628116638,37.545294,139.934445,11,-0.196,-0.292,9.592,8.367
1425628116739,37.545295,139.934435,11,-0.219,-0.256,9.403,8.342
1425628116839,37.545295,139.934426,11,-0.217,-0.218,9.385,8.317
1425628116940,37.545295,139.934416,11,-0.242,-0.192,9.558,8.292
1425628117036,37.545296,139.934407,11,-0.288,-0.149,9.617,8.268
1425628117136,37.545296,139.934398,10,-0.337,-0.023,9.539,8.25
1425628117237,37.545296,139.934388,10,-0.408,0.1,9.437,8.25
1425628117338,37.545297,139.934379,10,-0.459,0.069,9.587,8.25
1425628117439,37.545297,139.93437,10,-0.44,0.069,9.661,8.25
1425628117539,37.545297,139.934361,10,-0.458,0.121,9.5,8.25
1425628117640,37.545298,139.934351,10,-0.434,0.109,9.539,8.25
1425628117741,37.545298,139.934342,10,-0.456,0.079,9.811,8.25
1425628117836,37.545298,139.934333,10,-0.498,0.137,9.324,8.25
1425628117942,37.545299,139.934323,10,-0.615,0.209,8.849,8.25
1425628118038,37.545299,139.934315,10,-0.571,0.109,9.261,8.25
1425628118137,37.545299,139.934305,10,-0.446,0.011,9.819,8.257
1425628118239,37.545298,139.934296,10,-0.348,-0.142,10.369,8.282
1425628118338,37.545297,139.934286,10,-0.281,-0.072,9.793,8.306
1425628118436,37.545297,139.934277,10,-0.358,0.007,9.275,8.331
1425628118536,37.545296,139.934267,10,-0.358,0.105,9.29,8.356
1425628118637,37.545295,139.934257,10,-0.253,0.059,9.402,8.381
1425628118738,37.545295,139.934247,10,-0.036,0.188,9.113,8.406
1425628118838,37.545294,139.934238,10,-0.019,0.068,9.272,8.431
1425628118939,37.545293,139.934228,10,-0.077,-0.088,10.034,8.457
1425628119040,37.545293,139.934218,10,-0.216,-0.2,10.742,8.482
1425628119136,37.545292,139.934209,10,-0.267,-0.119,10.324,8.506
1425628119236,37.545291,139.934199,10,-0.232,0.107,9.126,8.531
1425628119337,37.54529,139.934189,10,-0.236,0.294,8.699,8.556
1425628119438,37.54529,139.93418,10,-0.228,0.32,8.92,8.581
1425628119538,37.545289,139.93417,10,-0.158,0.221,9.212,8.606
1425628119639,37.545288,139.934161,10,-0.078,0.112,9.552,8.631
1425628119740,37.545288,139.934151,10,0.014,0.002,9.871,8.657
1425628119840,37.545287,139.934141,10,0.136,0.013,10.004,8.682
1425628119936,37.545286,139.934132,10,0.192,0.08,9.852,8.706
1425628120037,37.545286,139.934122,10,0.211,0.176,9.387,8.732
1425628120138,37.545285,139.934112,10,0.156,0.219,9.252,8.757
1425628120238,37.545284,139.934103,10,0.112,0.205,9.46,8.782
1425628123335,37.545259,139.933787,11,0.08,0.187,9.681,9.86
1425628123340,37.545259,139.933787,11,0.078,0.186,9.682,9.863
1425628123436,37.545261,139.933775,11,0.07,0.132,9.342,9.91
1425628123537,37.545263,139.933762,11,0.038,-0.008,9.19,9.96
1425628123637,37.545264,139.933749,11,0.089,-0.101,9.229,10.01
1425628123738,37.545266,139.933737,11,0.125,-0.217,9.686,10.061
1425628123839,37.545268,139.933724,11,0.104,-0.363,10.085,10.112
1425628123939,37.54527,139.933711,11,0.023,-0.404,10.196,10.163
1425628124040,37.545272,139.933698,11,-0.095,-0.303,9.773,10.214
1425628124136,37.545273,139.933686,11,-0.179,-0.197,9.326,10.25
1425628124236,37.545273,139.933676,11,-0.256,-0.141,9.177,10.25
1425628124337,37.545273,139.933666,11,-0.313,-0.119,9.054,10.25
1425628124438,37.545273,139.933656,11,-0.329,-0.158,9.214,10.25
1425628124538,37.545273,139.933645,11,-0.367,-0.229,9.716,10.25
1425628124639,37.545272,139.933635,11,-0.378,-0.3,9.903,10.25
1425628124740,37.545272,139.933625,11,-0.322,-0.27,9.6,10.25
1425628124836,37.545272,139.933615,11,-0.274,-0.235,9.425,10.25
1425628124936,37.545272,139.933605,11,-0.253,-0.237,9.46,10.25
1425628125037,37.545272,139.933594,11,-0.248,-0.26,9.583,10.25
1425628125138,37.545272,139.933584,9,-0.266,-0.327,9.723,10.243
1425628125238,37.545271,139.933572,9,-0.249,-0.351,9.747,10.218
1425628125339,37.545271,139.93356,9,-0.214,-0.313,9.573,10.192
1425628125440,37.545271,139.933549,9,-0.232,-0.214,9.137,10.167
1425628125540,37.54527,139.933537,9,-0.21,-0.201,9.067,10.142
1425628125636,37.54527,139.933526,9,-0.184,-0.283,9.339,10.118
1425628125737,37.545269,139.933515,9,-0.147,-0.381,9.728,10.093
1425628125838,37.545269,139.933503,9,-0.086,-0.365,9.765,10.067
1425628125938,37.545269,139.933492,9,-0.094,-0.37,9.659,10.043
1425628126039,37.545268,139.93348,9,-0.055,-0.324,9.556,10.018
1425628126140,37.545268,139.933468,9,-0.06,-0.322,9.564,10.0
1425628126240,37.54527,139.933457,9,-0.055,-0.343,9.533,10.0
1425628126336,37.545271,139.933446,9,-0.064,-0.356,9.605,10.0
1425628126437,37.545272,139.933434,9,-0.07,-0.338,9.643,10.0
1425628126538,37.545273,139.933422,9,-0.097,-0.36,9.608,10.0
1425628126638,37.545274,139.93341,9,-0.094,-0.315,9.518,10.0
1425628126739,37.545276,139.933398,9,-0.141,-0.367,9.729,10.0
1425628126840,37.545277,139.933387,9,-0.154,-0.414,9.91,10.0
1425628126940,37.545278,139.933375,9,-0.129,-0.312,9.582,10.0
1425628127036,37.545279,139.933364,9,-0.206,-0.32,9.622,10.0
1425628127137,37.545281,139.933352,10,-0.103,-0.161,9.265,10.0
1425628127237,37.545282,139.93334,10,-0.13,-0.073,8.861,10.0
1425628127338,37.545284,139.933328,10,-0.153,-0.134,9.207,10.0
1425628127439,37.545286,139.933317,10,-0.18,-0.243,9.598,10.0
1425628127540,37.545288,139.933305,10,-0.194,-0.319,9.73,10.0
1425628127640,37.54529,139.933293,10,-0.164,-0.374,9.759,10.0
1425628127736,37.545292,139.933282,10,-0.167,-0.376,9.881,10.0
1425628127837,37.545294,139.93327,10,-0.173,-0.374,10.001,10.0
1425628127937,37.545296,139.933258,10,-0.176,-0.291,9.638,10.0
1425628128038,37.545298,139.933246,10,-0.189,-0.192,9.225,10.0
1425628128139,37.545299,139.933235,10,-0.237,-0.24,9.341,10.0
1425628128240,37.5453,139.933224,10,-0.242,-0.254,9.713,10.0
1425628128340,37.5453,139.933213,10,-0.191,-0.201,9.396,10.0
1425628128436,37.5453,139.933203,10,-0.146,-0.213,9.264,10.0
1425628128537,37.545301,139.933192,10,-0.106,-0.136,9.091,10.0
1425628128637,37.545301,139.933182,10,-0.102,-0.106,8.84,10.0
1425628128738,37.545302,139.933171,10,-0.005,-0.266,9.541,10.0
1425628128839,37.545302,139.93316,10,-0.122,-0.441,10.434,10.0
1425628128939,37.545302,139.933149,10,-0.158,-0.428,10.122,10.0
1425628129040,37.545303,139.933138,10,-0.207,-0.287,9.632,10.0
1425628129136,37.545303,139.933128,10,-0.201,-0.171,9.368,9.993
1425628129236,37.545301,139.933117,10,-0.215,-0.087,9.043,9.968
1425628129337,37.5453,139.933106,10,-0.189,-0.063,8.877,9.943
1425628129438,37.545299,139.933095,10,-0.225,-0.205,9.391,9.917
1425628129539,37.545298,139.933084,10,-0.223,-0.339,10.053,9.892
1425628129639,37.545297,139.933074,10,-0.214,-0.311,10.052,9.867
1425628129740,37.545295,139.933063,10,-0.215,-0.205,9.476,9.842
1425628129836,37.545294,139.933052,10,-0.172,-0.137,9.187,9.818
1425628129936,37.545293,139.933042,10,-0.136,-0.168,9.422,9.793
1425628130037,37.545292,139.933031,10,-0.115,-0.252,9.787,9.768
1425628130138,37.545291,139.93302,10,-0.138,-0.284,10.042,9.757
1425628130238,37.545292,139.933008,10,-0.204,-0.268,9.874,9.782
1425628130339,37.545293,139.932997,10,-0.227,-0.183,9.545,9.807
1425628130440,37.545295,139.932985,10,-0.129,-0.129,9.432,9.832
1425628130536,37.545296,139.932974,10,-0.11,-0.027,8.709,9.856
1425628130636,37.545297,139.932963,10,-0.11,-0.026,8.907,9.881
1425628130737,37.545298,139.932951,10,-0.139,-0.076,9.395,9.906
1425628130838,37.545299,139.93294,10,-0.126,-0.255,9.962,9.931
1425628130939,37.5453,139.932928,10,-0.036,-0.341,10.255,9.957
1425628131039,37.545301,139.932916,10,-0.074,-0.266,9.999,9.982
1425628131140,37.545302,139.932905,9,-0.142,-0.147,9.444,10.0
1425628131236,37.545302,139.932894,9,-0.097,-0.031,9.259,10.0
1425628131336,37.545302,139.932882,9,-0.059,0.012,9.098,10.0
1425628131437,37.545302,139.932871,9,0.028,-0.022,9.085,10.0
1425628131538,37.545302,139.93286,9,-0.004,-0.125,9.478,10.0
1425628131638,37.545302,139.932848,9,-0.076,-0.253,10.054,10.0
1425628131739,37.545302,139.932837,9,-0.084,-0.218,9.943,10.0
1425628131840,37.545302,139.932826,9,-0.086,-0.167,9.718,10.0
1425628131941,37.545302,139.932814,9,-0.097,-0.154,9.55,10.0
1425628132041,37.545302,139.932803,9,-0.057,-0.135,9.346,10.0
1425628132137,37.545302,139.932792,9,-0.088,-0.159,9.365,10.0
1425628132236,37.545301,139.932781,9,-0.084,-0.173,9.374,10.0
1425628132338,37.5453,139.93277,9,-0.107,-0.202,9.422,10.0
1425628132437,37.545299,139.932759,9,-0.095,-0.286,9.508,10.0
1425628132540,37.545299,139.932748,9,-0.092,-0.298,9.456,10.0
1425628132639,37.545298,139.932737,9,-0.101,-0.328,9.471,10.0
1425628132736,37.545297,139.932726,9,-0.046,-0.33,9.49,10.0
1425628132837,37.545296,139.932715,9,0.03,-0.276,9.42,10.0
1425628132937,37.545295,139.932704,9,0.078,-0.337,9.495,10.0
1425628133038,37.545295,139.932693,9,0.112,-0.368,9.512,10.0
1425628133139,37.545294,139.932682,9,0.127,-0.358,9.63,9.993
1425628133240,37.545293,139.932671,9,0.136,-0.374,9.679,9.967
1425628133340,37.545292,139.93266,9,0.156,-0.359,9.593,9.942
1425628133436,37.545291,139.932649,9,0.125,-0.364,9.467,9.918
1425628133537,37.545291,139.932639,9,0.061,-0.342,9.344,9.892
1425628133637,37.54529,139.932628,9,0.055,-0.287,9.21,9.867
1425628133738,37.545289,139.932617,9,0.039,-0.318,9.343,9.842
1425628133839,37.545288,139.932606,9,0.034,-0.398,9.63,9.817
1425628133940,37.545287,139.932595,9,0.035,-0.421,9.833,9.792
1425628134040,37.545287,139.932584,9,-0.035,-0.447,9.783,9.767
1425628134136,37.545286,139.932574,9,-0.08,-0.418,9.698,9.75
1425628134237,37.545287,139.932563,9,-0.175,-0.369,9.644,9.75
1425628134337,37.545288,139.932551,9,-0.32,-0.331,9.447,9.75
1425628134438,37.545289,139.93254,9,-0.344,-0.351,9.111,9.75
1425628134539,37.545289,139.932529,9,-0.404,-0.61,8.998,9.75
1425628134639,37.54529,139.932517,9,-0.466,-1.198,9.623,9.75
1425628134740,37.545291,139.932506,9,-0.566,-1.556,10.096,9.75
1425628134836,37.545292,139.932495,9,-0.441,-1.323,9.888,9.75
1425628134937,37.545293,139.932484,9,-0.276,-1.088,10.148,9.75
1425628135037,37.545293,139.932472,9,-0.117,-0.743,10.057,9.75
1425628135138,37.545295,139.93246,16,-0.095,-0.516,9.289,9.75
1425628135239,37.5453,139.932447,16,-0.194,-0.493,8.64,9.75
1425628135339,37.545305,139.932433,16,-0.224,-0.7,9.058,9.75
1425628135440,37.54531,139.93242,16,-0.256,-0.937,9.661,9.75
1425628135536,37.545315,139.932407,16,-0.237,-1.082,9.764,9.75
1425628135637,37.54532,139.932393,16,-0.222,-1.212,9.621,9.75
1425628135737,37.545325,139.93238,16,-0.192,-1.273,9.462,9.75
1425628135838,37.54533,139.932366,16,-0.247,-1.302,9.5,9.75
1425628135939,37.545335,139.932353,16,-0.319,-1.378,9.367,9.75
1425628136039,37.54534,139.93234,16,-0.39,-1.526,9.324,9.75
1425628136140,37.545345,139.932327,16,-0.386,-1.675,9.559,9.701
1425628136236,37.545346,139.932317,16,-0.31,-1.702,9.674,9.547
1425628136336,37.545348,139.932306,16,-0.212,-1.691,9.421,9.389
1425628136437,37.54535,139.932296,16,-0.132,-1.734,9.291,9.232
1425628136538,37.545352,139.932286,16,-0.129,-1.761,9.465,9.077
1425628136639,37.545354,139.932276,16,-0.135,-1.932,9.96,8.925
1425628136739,37.545356,139.932266,16,-0.169,-2.081,10.041,8.777
1425628136840,37.545357,139.932256,16,-0.183,-2.103,9.567,8.63
1425628136936,37.545359,139.932247,16,-0.218,-2.055,9.285,8.493
1425628137036,37.545361,139.932238,16,-0.226,-2.128,9.573,8.352
1425628137137,37.545363,139.932229,13,-0.233,-2.142,9.83,8.197
1425628137238,37.545366,139.93222,13,-0.259,-2.114,9.65,8.003
1425628137338,37.545369,139.932212,13,-0.256,-1.963,9.423,7.814
1425628137439,37.545372,139.932204,13,-0.203,-1.839,9.538,7.628
1425628137540,37.545374,139.932196,13,-0.219,-1.787,9.744,7.447
1425628137636,37.545377,139.932188,13,-0.208,-1.692,9.474,7.278
1425628137736,37.54538,139.932181,13,-0.165,-1.601,9.072,7.106
1425628137837,37.545382,139.932173,13,-0.15,-1.558,9.15,6.937
1425628137938,37.545385,139.932166,13,-0.172,-1.596,9.509,6.771
1425628138038,37.545387,139.932159,13,-0.198,-1.609,9.672,6.612
1425628138139,37.545389,139.932152,13,-0.206,-1.581,9.597,6.469
1425628138240,37.545391,139.932146,13,-0.192,-1.545,9.454,6.361
1425628138336,37.545392,139.93214,13,-0.162,-1.521,9.398,6.259
1425628138436,37.545393,139.932134,13,-0.151,-1.545,9.483,6.156
1425628138537,37.545395,139.932128,13,-0.161,-1.556,9.631,6.053
1425628138638,37.545396,139.932122,13,-0.139,-1.526,9.619,5.951
1425628138738,37.545397,139.932116,13,-0.162,-1.549,9.472,5.853
1425628138839,37.545399,139.93211,13,-0.237,-1.506,9.434,5.755
1425628138940,37.5454,139.932104,13,-0.326,-1.476,9.455,5.658
1425628139040,37.545401,139.932099,13,-0.38,-1.463,9.403,5.565
1425628139136,37.545403,139.932093,13,-0.375,-1.451,9.312,5.471
1425628139237,37.545404,139.932087,13,-0.319,-1.485,9.609,5.362
1425628139338,37.545406,139.932081,13,-0.281,-1.485,9.745,5.254
1425628139438,37.545408,139.932075,13,-0.273,-1.471,9.516,5.15
1425628139539,37.54541,139.932069,13,-0.287,-1.462,9.465,5.047
1425628139640,37.545412,139.932063,13,-0.344,-1.465,9.563,4.945
1425628139740,37.545414,139.932058,13,-0.389,-1.508,9.597,4.847
1425628139836,37.545415,139.932052,13,-0.402,-1.485,9.449,4.754
1425628139937,37.545417,139.932047,13,-0.387,-1.482,9.455,4.659
1425628140037,37.545419,139.932042,13,-0.322,-1.456,9.519,4.566
1425628140138,37.54542,139.932038,14,-0.282,-1.42,9.47,4.44
1425628140239,37.545419,139.932036,14,-0.253,-1.42,9.564,4.227
1425628140340,37.545418,139.932035,14,-0.239,-1.389,9.602,4.023
1425628140440,37.545418,139.932033,14,-0.281,-1.334,9.495,3.829
1425628140536,37.545417,139.932032,14,-0.359,-1.328,9.378,3.651
1425628140637,37.545416,139.932031,14,-0.414,-1.318,9.45,3.472
1425628140737,37.545416,139.93203,14,-0.449,-1.342,9.555,3.304
1425628140838,37.545415,139.932029,14,-0.409,-1.358,9.519,3.142
1425628140939,37.545415,139.932028,14,-0.321,-1.376,9.499,2.989
1425628141039,37.545414,139.932027,14,-0.249,-1.38,9.594,2.846
1425628141140,37.545414,139.932026,14,-0.254,-1.361,9.636,2.714
1425628141236,37.545414,139.932025,14,-0.291,-1.321,9.521,2.6
1425628141336,37.545413,139.932023,14,-0.321,-1.218,9.507,2.485
1425628141437,37.545413,139.932022,14,-0.347,-1.092,9.522,2.374
1425628141538,37.545413,139.932021,14,-0.341,-1.0,9.478,2.268
1425628141639,37.545412,139.93202,14,-0.299,-0.954,9.473,2.166
1425628141739,37.545412,139.932019,14,-0.28,-0.924,9.52,2.069
1425628141840,37.545412,139.932018,14,-0.287,-0.899,9.564,1.976
1425628141936,37.545411,139.932017,14,-0.307,-0.899,9.561,1.892
1425628142036,37.545411,139.932017,14,-0.3,-0.849,9.507,1.809
1425628142137,37.545411,139.932016,12,-0.29,-0.803,9.468,1.712
1425628142238,37.545411,139.932015,12,-0.263,-0.782,9.516,1.577
1425628142339,37.545411,139.932014,12,-0.265,-0.79,9.582,1.45
1425628142439,37.545411,139.932013,12,-0.28,-0.797,9.573,1.333
1425628142540,37.54541,139.932012,12,-0.29,-0.814,9.523,1.222
1425628142636,37.54541,139.932011,12,-0.281,-0.8,9.487,1.124
1425628142736,37.54541,139.93201,12,-0.272,-0.8,9.525,1.03
1425628142837,37.54541,139.93201,12,-0.264,-0.812,9.567,0.944
1425628142938,37.54541,139.932009,12,-0.273,-0.626,9.69,0.865
1425628143039,37.54541,139.932008,12,-0.281,-0.416,9.656,0.795
1425628143139,37.545409,139.932008,12,-0.246,-0.232,9.495,0.75
1425628143240,37.545407,139.932008,12,-0.206,-0.087,9.341,0.75
1425628143336,37.545404,139.932008,12,-0.201,-0.06,9.36,0.75
1425628143436,37.545402,139.932007,12,-0.188,-0.044,9.57,0.75
1425628143537,37.545399,139.932007,12,-0.152,0.126,9.774,0.75
1425628143638,37.545396,139.932007,12,-0.078,0.308,9.663,0.75
1425628143738,37.545394,139.932007,12,-0.007,0.58,9.554,0.75
1425628143839,37.545391,139.932007,12,0.043,0.763,9.462,0.75
1425628143940,37.545388,139.932006,12,0.117,0.847,9.43,0.75
1425628144036,37.545386,139.932006,12,0.19,1.021,9.58,0.75
1425628144136,37.545384,139.932006,12,0.282,1.234,9.715,0.768
1425628144237,37.545383,139.932005,12,0.377,1.36,9.6,0.846
1425628153331,37.545396,139.93144,13,0.477,1.44,9.489,7.5
1425628153336,37.545396,139.931439,13,0.479,1.431,9.486,7.5
1425628153437,37.545397,139.93143,13,0.259,0.725,9.399,7.5
1425628153537,37.545397,139.931421,13,0.074,0.285,9.338,7.5
1425628153638,37.545398,139.931411,13,-0.029,0.017,9.432,7.5
1425628153739,37.545399,139.931402,13,-0.026,-0.142,9.361,7.5
1425628153839,37.5454,139.931393,13,-0.077,-0.251,9.376,7.5
1425628153940,37.545401,139.931384,13,-0.101,-0.309,9.56,7.5
1425628154036,37.545401,139.931375,13,-0.124,-0.351,9.702,7.5
1425628154137,37.545402,139.931366,13,-0.21,-0.347,9.664,7.493
1425628154237,37.545402,139.931358,13,-0.303,-0.405,9.807,7.468
1425628154338,37.545401,139.93135,13,-0.381,-0.383,9.708,7.442
1425628154439,37.545401,139.931341,13,-0.402,-0.294,9.282,7.417
1425628154539,37.545401,139.931333,13,-0.472,-0.23,9.122,7.392
1425628154640,37.5454,139.931325,13,-0.536,-0.233,9.405,7.366
1425628154736,37.5454,139.931318,13,-0.548,-0.275,9.702,7.343
1425628154836,37.5454,139.93131,13,-0.544,-0.32,9.762,7.318
1425628154937,37.5454,139.931302,13,-0.522,-0.293,9.513,7.293
1425628155038,37.545399,139.931294,13,-0.467,-0.256,9.516,7.268
1425628155139,37.545399,139.931286,13,-0.402,-0.182,9.63,7.25
1425628155239,37.5454,139.931277,13,-0.356,-0.121,9.572,7.25
1425628155340,37.545401,139.931269,13,-0.334,-0.068,9.379,7.25
1425628155436,37.545402,139.931261,13,-0.348,-0.091,9.531,7.25
1425628155536,37.545402,139.931253,13,-0.361,-0.098,9.704,7.25
1425628155637,37.545403,139.931245,13,-0.352,-0.114,9.763,7.25
1425628155738,37.545404,139.931237,13,-0.315,-0.05,9.552,7.25
1425628155838,37.545405,139.931228,13,-0.274,0.007,9.315,7.25
1425628155939,37.545406,139.93122,13,-0.209,0.011,9.337,7.25
1425628156040,37.545406,139.931212,13,-0.198,0.039,9.45,7.25
1425628156136,37.545407,139.931204,14,-0.261,0.039,9.473,7.25
1425628156236,37.545405,139.931196,14,-0.333,-0.005,9.503,7.25
1425628156337,37.545404,139.931189,14,-0.424,-0.025,9.465,7.25
1425628156438,37.545403,139.931181,14,-0.483,-0.015,9.469,7.25
1425628156538,37.545402,139.931173,14,-0.481,-0.032,9.586,7.25
1425628156639,37.545401,139.931166,14,-0.484,-0.069,9.776,7.25
1425628156740,37.545399,139.931158,14,-0.422,-0.035,9.673,7.25
1425628156836,37.545398,139.931151,14,-0.374,0.001,9.58,7.25
1425628156936,37.545397,139.931143,14,-0.362,-0.005,9.663,7.25
1425628157037,37.545396,139.931136,14,-0.317,-0.04,9.774,7.25
1425628157138,37.545395,139.931127,14,-0.287,-0.061,9.965,7.257
1425628157238,37.545396,139.931118,14,-0.296,-0.011,9.59,7.282
1425628157339,37.545396,139.931109,14,-0.35,0.026,9.455,7.307
1425628157440,37.545397,139.9311,14,-0.273,0.009,9.571,7.332
1425628157540,37.545398,139.931091,14,-0.242,0.037,9.738,7.356
1425628157636,37.545398,139.931082,14,-0.238,0.066,9.376,7.38
1425628157737,37.545399,139.931073,14,-0.12,0.085,9.219,7.406
1425628157838,37.545399,139.931063,14,-0.103,0.008,9.706,7.431
1425628157938,37.5454,139.931054,14,-0.136,-0.078,9.937,7.456
1425628158039,37.545401,139.931045,14,-0.142,-0.052,9.584,7.482
1425628158140,37.545401,139.931036,11,-0.091,-0.152,9.225,7.484
1425628158240,37.545401,139.931028,11,-0.039,-0.425,9.557,7.433
1425628158336,37.5454,139.931021,11,-0.028,-0.576,10.043,7.384
1425628158437,37.5454,139.931014,11,-0.086,-0.465,9.925,7.333
1425628158538,37.5454,139.931007,11,-0.125,-0.267,9.194,7.282
1425628158638,37.545399,139.930999,11,-0.172,-0.228,8.922,7.232
1425628158739,37.545399,139.930992,11,-0.209,-0.304,9.115,7.181
1425628158840,37.545399,139.930985,11,-0.207,-0.361,9.386,7.132
1425628158940,37.545398,139.930978,11,-0.219,-0.464,9.861,7.083
1425628159036,37.545398,139.930971,11,-0.209,-0.507,9.932,7.036
1425628159137,37.545398,139.930964,10,-0.313,-0.533,9.716,6.993
1425628159237,37.545397,139.930956,10,-0.354,-0.484,9.496,6.968
1425628159338,37.545396,139.930949,10,-0.374,-0.33,9.22,6.942
1425628159439,37.545395,139.930941,10,-0.357,-0.171,9.152,6.917
1425628159540,37.545394,139.930934,10,-0.289,-0.16,9.348,6.891
1425628159640,37.545393,139.930926,10,-0.218,-0.202,9.459,6.866
1425628159736,37.545392,139.930919,10,-0.215,-0.334,9.688,6.842
1425628159837,37.545391,139.930912,10,-0.211,-0.496,9.723,6.817
1425628159937,37.54539,139.930905,10,-0.238,-0.642,9.692,6.793
1425628160038,37.545389,139.930897,10,-0.212,-0.687,9.679,6.768
1425628160139,37.545387,139.93089,10,-0.213,-0.718,9.553,6.743
1425628160239,37.545384,139.930884,10,-0.228,-0.714,9.47,6.717
1425628160340,37.545381,139.930878,10,-0.269,-0.738,9.378,6.692
1425628160441,37.545378,139.930871,10,-0.323,-0.843,9.331,6.666
1425628160537,37.545375,139.930865,10,-0.42,-1.02,9.387,6.642
1425628160636,37.545372,139.930859,10,-0.401,-1.157,9.494,6.617
1425628160738,37.545369,139.930853,10,-0.376,-1.277,9.605,6.592
1425628160837,37.545366,139.930847,10,-0.285,-1.39,9.662,6.567
1425628160939,37.545363,139.93084,10,-0.232,-1.503,9.762,6.542
1425628161036,37.54536,139.930835,10,-0.188,-1.414,8.905,6.518
1425628161136,37.545358,139.930828,10,-0.158,-1.536,9.282,6.486
1425628161236,37.545356,139.930822,10,-0.096,-1.697,9.891,6.435
1425628161337,37.545355,139.930815,10,-0.075,-1.848,10.164,6.383
1425628161438,37.545354,139.930808,10,-0.038,-1.822,9.858,6.332
1425628161539,37.545352,139.930801,10,0.002,-1.734,9.287,6.281
1425628161639,37.545351,139.930795,10,-0.027,-1.725,9.387,6.231
1425628161740,37.54535,139.930788,10,-0.012,-1.663,9.279,6.18
1425628161836,37.545348,139.930782,10,0.059,-1.595,9.23,6.133
1425628161936,37.545347,139.930776,10,0.089,-1.639,9.669,6.084
1425628162037,37.545346,139.93077,10,0.111,-1.626,9.926,6.035
1425628162138,37.545345,139.930764,9,0.13,-1.566,9.619,5.912
1425628162239,37.545347,139.930761,9,0.086,-1.516,9.14,5.604
1425628162339,37.545348,139.930758,9,0.043,-1.574,9.229,5.311
1425628162440,37.54535,139.930756,9,0.009,-1.67,9.744,5.03
1425628162536,37.545351,139.930753,9,0.047,-1.73,9.748,4.774
1425628162636,37.545352,139.930751,9,0.001,-1.712,9.291,4.521
1425628162737,37.545353,139.930748,9,-0.13,-1.74,9.304,4.279
1425628162838,37.545354,139.930746,9,-0.293,-1.907,9.594,4.05
1425628162938,37.545355,139.930744,9,-0.33,-2.072,9.82,3.836
1425628163039,37.545356,139.930742,9,-0.213,-2.179,9.708,3.634
1425628163140,37.545358,139.93074,9,-0.104,-2.146,9.419,3.417
1425628163236,37.54536,139.930737,9,-0.072,-2.159,9.248,3.16
1425628163336,37.545361,139.930734,9,-0.079,-2.207,9.316,2.908
1425628163437,37.545363,139.930731,9,-0.078,-2.248,9.595,2.67
1425628163538,37.545365,139.930729,9,-0.127,-2.275,9.793,2.448
1425628163638,37.545366,139.930727,9,-0.154,-2.204,9.667,2.245
1425628163739,37.545368,139.930724,9,-0.168,-2.03,9.437,2.055
1425628163840,37.545369,139.930722,9,-0.161,-1.844,9.42,1.882
1425628163940,37.54537,139.930721,9,-0.165,-1.673,9.489,1.727
1425628164037,37.545371,139.930719,9,-0.122,-1.541,9.508,1.592
1425628164137,37.545372,139.930717,7,-0.085,-1.422,9.494,1.42
1425628164238,37.545374,139.930716,7,-0.04,-1.333,9.511,1.141
1425628164338,37.545375,139.930714,7,-0.041,-1.261,9.512,0.894
1425628164439,37.545376,139.930712,7,-0.097,-1.142,9.597,0.675
1425628164540,37.545377,139.930711,7,-0.11,-0.75,9.828,0.487
1425628164640,37.545377,139.93071,7,-0.101,-0.396,9.746,0.331
1425628164736,37.545378,139.930709,7,-0.051,-0.145,9.444,0.21
1425628164837,37.545378,139.930709,7,0.006,0.066,9.264,0.112
1425628164937,37.545379,139.930708,7,0.049,0.211,9.408,0.045
1425628165038,37.545379,139.930708,7,0.038,0.317,9.637,0.008
1425628165139,37.545379,139.930708,4,-0.014,0.445,9.652,0.001
1425628165240,37.545379,139.930708,4,-0.016,0.843,9.71,0.013
1425628169333,37.545383,139.930592,4,0.096,1.269,9.72,3.443
1425628169338,37.545383,139.930592,4,0.104,1.265,9.747,3.441
1425628169439,37.545384,139.930588,4,0.895,-0.031,11.117,3.416
1425628169540,37.545384,139.930584,4,1.537,-0.961,11.667,3.39
1425628169636,37.545384,139.930581,4,1.819,-1.093,10.464,3.366
1425628169736,37.545384,139.930577,4,1.927,-1.16,9.35,3.341
1425628169837,37.545384,139.930573,4,2.127,-1.275,9.475,3.316
1425628169938,37.545385,139.930569,4,2.193,-1.206,9.7,3.292
1425628170039,37.545385,139.930566,4,2.01,-0.88,8.934,3.267
1425628170139,37.545385,139.930562,4,1.674,-0.769,8.576,3.25
1425628170240,37.545387,139.930559,4,1.533,-0.852,9.095,3.25
1425628170336,37.545388,139.930557,4,1.68,-1.033,9.864,3.25
1425628170436,37.54539,139.930554,4,1.961,-1.233,10.158,3.25
1425628170537,37.545391,139.930551,4,2.173,-1.384,9.731,3.25
1425628170637,37.545393,139.930549,4,2.46,-1.28,8.973,3.25
1425628170738,37.545394,139.930546,4,2.562,-1.269,8.601,3.25
1425628170839,37.545396,139.930543,4,2.381,-1.465,9.259,3.25
1425628170940,37.545397,139.930541,4,2.238,-1.766,10.716,3.25
1425628171040,37.545399,139.930538,4,2.189,-1.878,10.788,3.25
1425628171136,37.545401,139.930536,4,2.041,-1.743,9.545,3.256
1425628171237,37.545404,139.930535,4,1.783,-1.437,8.398,3.281
1425628171337,37.545407,139.930534,4,1.414,-1.234,8.369,3.305
1425628171438,37.54541,139.930534,4,1.314,-1.252,9.051,3.33
1425628171539,37.545413,139.930533,4,1.463,-1.332,9.522,3.355
1425628171640,37.545416,139.930532,4,1.676,-1.394,9.568,3.38
1425628171740,37.545419,139.930532,4,1.805,-1.521,9.607,3.405
1425628171836,37.545422,139.930531,4,1.714,-1.466,9.511,3.43
1425628171937,37.545425,139.93053,4,1.384,-1.233,9.376,3.455
1425628172037,37.545428,139.93053,4,0.921,-1.049,9.386,3.481
1425628172138,37.545431,139.930529,5,0.481,-0.984,9.341,3.507
1425628172239,37.545435,139.93053,5,-0.038,-0.997,9.367,3.531
1425628172340,37.545438,139.930531,5,-0.487,-0.906,9.397,3.556
1425628172440,37.545442,139.930532,5,-0.556,-0.793,9.349,3.581
1425628172536,37.545445,139.930533,5,-0.22,-0.782,9.338,3.604
1425628172637,37.545449,139.930534,5,0.292,-0.821,9.449,3.63
1425628172738,37.545453,139.930535,5,0.704,-0.858,9.722,3.655
1425628172839,37.545457,139.930536,5,0.787,-0.817,9.931,3.681
1425628172939,37.54546,139.930537,5,0.526,-0.623,9.513,3.706
1425628173040,37.545464,139.930538,5,0.286,-0.549,9.576,3.732
1425628173140,37.545468,139.930539,5,0.103,-0.443,10.002,3.75
1425628173236,37.545472,139.930541,5,0.026,-0.248,10.121,3.75
1425628173337,37.545475,139.930542,5,-0.028,0.039,9.535,3.75
1425628173437,37.545479,139.930543,5,-0.067,0.221,9.175,3.75
1425628173538,37.545482,139.930544,5,-0.095,0.29,9.204,3.75
1425628173639,37.545486,139.930545,5,-0.074,0.299,9.281,3.75
1425628173739,37.54549,139.930547,5,-0.005,0.203,9.543,3.75
1425628173840,37.545493,139.930548,5,0.007,0.084,9.944,3.75
1425628173936,37.545497,139.930549,5,0.074,0.006,9.844,3.75
1425628174037,37.5455,139.93055,5,-0.08,-0.103,9.433,3.75
1425628174137,37.545504,139.930551,4,-0.189,-0.162,9.76,3.757
1425628174238,37.545507,139.930551,4,-0.102,-0.239,10.048,3.781
1425628174339,37.545511,139.930552,4,-0.005,-0.305,9.932,3.806
1425628174439,37.545514,139.930552,4,0.057,-0.238,9.648,3.83
1425628174540,37.545518,139.930552,4,0.148,-0.111,9.4,3.856
1425628174636,37.545521,139.930553,4,0.219,-0.107,9.431,3.879
1425628174741,37.545525,139.930553,4,0.293,-0.036,9.258,3.906
1425628174837,37.545528,139.930553,4,0.363,-0.083,9.546,3.93
1425628174936,37.545532,139.930553,4,0.43,-0.063,9.851,3.955
1425628175039,37.545535,139.930554,4,0.372,-0.042,9.776,3.982
1425628175138,37.545539,139.930554,3,0.286,-0.004,9.258,4.0
1425628175240,37.545543,139.930555,3,0.186,-0.025,9.089,4.0
1425628175336,37.545546,139.930556,3,0.106,-0.05,9.187,4.0
1425628175436,37.54555,139.930557,3,-0.004,-0.1,9.491,4.0
1425628175537,37.545554,139.930558,3,0.071,-0.124,9.705,4.0
1425628175638,37.545558,139.930559,3,0.079,-0.175,9.613,4.0
1425628175738,37.545561,139.93056,3,0.071,-0.274,9.521,4.0
1425628175839,37.545565,139.930561,3,0.078,-0.278,9.723,4.0
1425628175941,37.545569,139.930561,3,0.067,-0.13,9.815,4.0
1425628176041,37.545572,139.930562,3,0.053,0.218,9.675,4.0
1425628176136,37.545576,139.930563,4,-0.024,0.332,9.597,4.018
1425628176237,37.54558,139.930564,4,-0.07,0.356,9.466,4.088
1425628182335,37.545931,139.930661,4,-0.191,0.4,9.27,7.5
